107 5671 106
1 2 81
1 3 65
1 4 85
1 5 58
1 6 8
1 7 30
1 8 33
1 9 4
1 10 34
1 11 50
1 12 64
1 13 89
1 14 52
1 15 35
1 16 71
1 17 34
1 18 51
1 19 73
1 20 83
1 21 23
1 22 92
1 23 24
1 24 1
1 25 29
1 26 29
1 27 35
1 28 45
1 29 44
1 30 24
1 31 89
1 32 53
1 33 38
1 34 53
1 35 88
1 36 7
1 37 77
1 38 58
1 39 41
1 40 98
1 41 51
1 42 85
1 43 60
1 44 36
1 45 50
1 46 48
1 47 8
1 48 13
1 49 49
1 50 57
1 51 76
1 52 71
1 53 42
1 54 33
1 55 34
1 56 3
1 57 58
1 58 38
1 59 10
1 60 64
1 61 30
1 62 81
1 63 22
1 64 34
1 65 74
1 66 20
1 67 62
1 68 10
1 69 82
1 70 10
1 71 72
1 72 57
1 73 66
1 74 83
1 75 68
1 76 55
1 77 44
1 78 98
1 79 90
1 80 81
1 81 1
1 82 10
1 83 43
1 84 33
1 85 88
1 86 36
1 87 83
1 88 45
1 89 93
1 90 60
1 91 46
1 92 86
1 93 11
1 94 91
1 95 57
1 96 50
1 97 17
1 98 3
1 99 87
1 100 74
1 101 53
1 102 6
1 103 34
1 104 2
1 105 86
1 106 78
1 107 55
2 3 35
2 4 63
2 5 74
2 6 64
2 7 43
2 8 85
2 9 43
2 10 33
2 11 89
2 12 84
2 13 82
2 14 23
2 15 31
2 16 98
2 17 20
2 18 77
2 19 3
2 20 14
2 21 15
2 22 51
2 23 60
2 24 77
2 25 66
2 26 51
2 27 38
2 28 60
2 29 98
2 30 47
2 31 94
2 32 56
2 33 37
2 34 66
2 35 23
2 36 33
2 37 54
2 38 4
2 39 90
2 40 21
2 41 46
2 42 68
2 43 39
2 44 73
2 45 75
2 46 10
2 47 21
2 48 5
2 49 17
2 50 75
2 51 33
2 52 3
2 53 75
2 54 51
2 55 53
2 56 2
2 57 65
2 58 12
2 59 2
2 60 57
2 61 15
2 62 90
2 63 29
2 64 15
2 65 87
2 66 69
2 67 93
2 68 92
2 69 37
2 70 8
2 71 46
2 72 61
2 73 79
2 74 11
2 75 55
2 76 71
2 77 55
2 78 46
2 79 64
2 80 48
2 81 7
2 82 95
2 83 10
2 84 46
2 85 27
2 86 93
2 87 32
2 88 70
2 89 27
2 90 23
2 91 27
2 92 89
2 93 65
2 94 83
2 95 38
2 96 18
2 97 82
2 98 73
2 99 99
2 100 85
2 101 65
2 102 4
2 103 38
2 104 82
2 105 40
2 106 14
2 107 87
3 4 25
3 5 12
3 6 30
3 7 46
3 8 55
3 9 53
3 10 30
3 11 86
3 12 50
3 13 61
3 14 44
3 15 57
3 16 13
3 17 82
3 18 100
3 19 5
3 20 46
3 21 89
3 22 77
3 23 71
3 24 6
3 25 16
3 26 19
3 27 62
3 28 87
3 29 6
3 30 99
3 31 26
3 32 40
3 33 78
3 34 25
3 35 34
3 36 47
3 37 13
3 38 72
3 39 32
3 40 2
3 41 90
3 42 41
3 43 95
3 44 6
3 45 51
3 46 67
3 47 75
3 48 83
3 49 50
3 50 84
3 51 12
3 52 27
3 53 41
3 54 46
3 55 60
3 56 26
3 57 20
3 58 74
3 59 90
3 60 33
3 61 30
3 62 99
3 63 10
3 64 22
3 65 43
3 66 81
3 67 25
3 68 33
3 69 72
3 70 89
3 71 22
3 72 97
3 73 22
3 74 77
3 75 11
3 76 33
3 77 41
3 78 56
3 79 65
3 80 53
3 81 97
3 82 73
3 83 52
3 84 67
3 85 4
3 86 62
3 87 67
3 88 66
3 89 55
3 90 19
3 91 25
3 92 18
3 93 47
3 94 29
3 95 54
3 96 14
3 97 17
3 98 50
3 99 52
3 100 81
3 101 74
3 102 11
3 103 56
3 104 82
3 105 72
3 106 97
3 107 25
4 5 23
4 6 88
4 7 56
4 8 61
4 9 44
4 10 57
4 11 98
4 12 70
4 13 6
4 14 46
4 15 45
4 16 20
4 17 38
4 18 58
4 19 51
4 20 93
4 21 33
4 22 43
4 23 15
4 24 38
4 25 55
4 26 41
4 27 98
4 28 1
4 29 39
4 30 88
4 31 29
4 32 92
4 33 85
4 34 72
4 35 74
4 36 12
4 37 55
4 38 96
4 39 39
4 40 73
4 41 80
4 42 46
4 43 56
4 44 4
4 45 70
4 46 7
4 47 32
4 48 1
4 49 40
4 50 52
4 51 64
4 52 14
4 53 41
4 54 55
4 55 50
4 56 23
4 57 94
4 58 93
4 59 1
4 60 51
4 61 90
4 62 20
4 63 96
4 64 6
4 65 25
4 66 44
4 67 13
4 68 25
4 69 52
4 70 82
4 71 65
4 72 22
4 73 71
4 74 61
4 75 54
4 76 27
4 77 97
4 78 73
4 79 40
4 80 78
4 81 25
4 82 72
4 83 99
4 84 80
4 85 9
4 86 52
4 87 68
4 88 24
4 89 95
4 90 98
4 91 52
4 92 4
4 93 2
4 94 53
4 95 26
4 96 4
4 97 10
4 98 42
4 99 100
4 100 25
4 101 11
4 102 82
4 103 28
4 104 2
4 105 5
4 106 99
4 107 43
5 6 8
5 7 74
5 8 33
5 9 91
5 10 57
5 11 18
5 12 23
5 13 52
5 14 7
5 15 52
5 16 39
5 17 17
5 18 24
5 19 76
5 20 55
5 21 83
5 22 48
5 23 3
5 24 1
5 25 5
5 26 94
5 27 31
5 28 60
5 29 74
5 30 79
5 31 77
5 32 31
5 33 87
5 34 23
5 35 83
5 36 97
5 37 25
5 38 75
5 39 97
5 40 45
5 41 40
5 42 17
5 43 41
5 44 78
5 45 86
5 46 3
5 47 21
5 48 85
5 49 95
5 50 90
5 51 28
5 52 39
5 53 52
5 54 30
5 55 51
5 56 54
5 57 18
5 58 38
5 59 74
5 60 20
5 61 38
5 62 73
5 63 83
5 64 1
5 65 39
5 66 45
5 67 75
5 68 98
5 69 25
5 70 63
5 71 15
5 72 33
5 73 8
5 74 14
5 75 1
5 76 60
5 77 30
5 78 4
5 79 17
5 80 31
5 81 5
5 82 29
5 83 30
5 84 51
5 85 63
5 86 42
5 87 31
5 88 67
5 89 14
5 90 90
5 91 12
5 92 70
5 93 75
5 94 30
5 95 30
5 96 66
5 97 38
5 98 44
5 99 93
5 100 8
5 101 40
5 102 87
5 103 96
5 104 65
5 105 9
5 106 88
5 107 86
6 7 97
6 8 33
6 9 77
6 10 65
6 11 79
6 12 62
6 13 56
6 14 18
6 15 71
6 16 30
6 17 35
6 18 26
6 19 74
6 20 66
6 21 17
6 22 25
6 23 38
6 24 92
6 25 59
6 26 2
6 27 6
6 28 95
6 29 68
6 30 55
6 31 83
6 32 33
6 33 100
6 34 90
6 35 99
6 36 27
6 37 17
6 38 10
6 39 36
6 40 65
6 41 95
6 42 56
6 43 41
6 44 73
6 45 14
6 46 83
6 47 77
6 48 29
6 49 99
6 50 93
6 51 1
6 52 90
6 53 28
6 54 42
6 55 20
6 56 57
6 57 6
6 58 45
6 59 41
6 60 47
6 61 78
6 62 98
6 63 74
6 64 67
6 65 20
6 66 15
6 67 91
6 68 13
6 69 62
6 70 69
6 71 90
6 72 79
6 73 79
6 74 52
6 75 35
6 76 4
6 77 6
6 78 55
6 79 43
6 80 27
6 81 26
6 82 94
6 83 76
6 84 84
6 85 60
6 86 81
6 87 55
6 88 53
6 89 58
6 90 33
6 91 11
6 92 54
6 93 64
6 94 12
6 95 88
6 96 42
6 97 67
6 98 72
6 99 72
6 100 37
6 101 40
6 102 62
6 103 34
6 104 74
6 105 68
6 106 51
6 107 19
7 8 85
7 9 72
7 10 4
7 11 29
7 12 7
7 13 15
7 14 10
7 15 26
7 16 27
7 17 4
7 18 1
7 19 19
7 20 45
7 21 43
7 22 98
7 23 54
7 24 36
7 25 25
7 26 48
7 27 79
7 28 85
7 29 46
7 30 24
7 31 64
7 32 16
7 33 12
7 34 74
7 35 84
7 36 6
7 37 38
7 38 74
7 39 42
7 40 5
7 41 19
7 42 60
7 43 43
7 44 33
7 45 97
7 46 18
7 47 65
7 48 66
7 49 4
7 50 37
7 51 75
7 52 63
7 53 65
7 54 42
7 55 3
7 56 2
7 57 6
7 58 94
7 59 56
7 60 71
7 61 65
7 62 63
7 63 51
7 64 61
7 65 49
7 66 98
7 67 54
7 68 98
7 69 28
7 70 52
7 71 68
7 72 43
7 73 26
7 74 87
7 75 25
7 76 66
7 77 64
7 78 25
7 79 15
7 80 5
7 81 88
7 82 4
7 83 60
7 84 3
7 85 33
7 86 11
7 87 15
7 88 87
7 89 70
7 90 77
7 91 78
7 92 14
7 93 32
7 94 38
7 95 60
7 96 39
7 97 51
7 98 25
7 99 90
7 100 70
7 101 71
7 102 97
7 103 19
7 104 62
7 105 96
7 106 93
7 107 88
8 9 35
8 10 79
8 11 71
8 12 73
8 13 57
8 14 11
8 15 60
8 16 22
8 17 96
8 18 81
8 19 98
8 20 91
8 21 56
8 22 85
8 23 56
8 24 30
8 25 18
8 26 79
8 27 43
8 28 38
8 29 68
8 30 13
8 31 54
8 32 66
8 33 68
8 34 68
8 35 61
8 36 7
8 37 85
8 38 66
8 39 14
8 40 64
8 41 97
8 42 11
8 43 38
8 44 44
8 45 52
8 46 25
8 47 22
8 48 43
8 49 40
8 50 69
8 51 42
8 52 70
8 53 88
8 54 64
8 55 72
8 56 8
8 57 60
8 58 90
8 59 99
8 60 10
8 61 55
8 62 11
8 63 26
8 64 62
8 65 76
8 66 13
8 67 66
8 68 48
8 69 60
8 70 28
8 71 88
8 72 82
8 73 94
8 74 64
8 75 20
8 76 40
8 77 96
8 78 73
8 79 25
8 80 16
8 81 69
8 82 9
8 83 7
8 84 98
8 85 40
8 86 24
8 87 61
8 88 66
8 89 4
8 90 25
8 91 40
8 92 60
8 93 80
8 94 74
8 95 77
8 96 21
8 97 55
8 98 81
8 99 100
8 100 61
8 101 33
8 102 35
8 103 96
8 104 5
8 105 80
8 106 46
8 107 42
9 10 35
9 11 29
9 12 13
9 13 71
9 14 85
9 15 11
9 16 12
9 17 29
9 18 3
9 19 34
9 20 100
9 21 69
9 22 62
9 23 89
9 24 27
9 25 56
9 26 73
9 27 41
9 28 30
9 29 9
9 30 15
9 31 90
9 32 9
9 33 3
9 34 29
9 35 2
9 36 77
9 37 58
9 38 71
9 39 38
9 40 6
9 41 35
9 42 53
9 43 69
9 44 2
9 45 46
9 46 13
9 47 79
9 48 51
9 49 67
9 50 28
9 51 35
9 52 81
9 53 20
9 54 55
9 55 74
9 56 39
9 57 47
9 58 61
9 59 8
9 60 5
9 61 41
9 62 17
9 63 93
9 64 7
9 65 21
9 66 90
9 67 61
9 68 89
9 69 51
9 70 40
9 71 28
9 72 13
9 73 87
9 74 3
9 75 27
9 76 100
9 77 33
9 78 18
9 79 1
9 80 64
9 81 50
9 82 56
9 83 94
9 84 10
9 85 88
9 86 93
9 87 51
9 88 5
9 89 58
9 90 44
9 91 40
9 92 28
9 93 54
9 94 90
9 95 42
9 96 5
9 97 99
9 98 24
9 99 72
9 100 8
9 101 37
9 102 64
9 103 19
9 104 47
9 105 78
9 106 96
9 107 15
10 11 16
10 12 78
10 13 7
10 14 56
10 15 42
10 16 96
10 17 20
10 18 33
10 19 79
10 20 68
10 21 37
10 22 73
10 23 42
10 24 32
10 25 83
10 26 16
10 27 90
10 28 92
10 29 98
10 30 13
10 31 33
10 32 6
10 33 31
10 34 8
10 35 62
10 36 4
10 37 93
10 38 39
10 39 17
10 40 50
10 41 94
10 42 92
10 43 35
10 44 69
10 45 81
10 46 75
10 47 76
10 48 53
10 49 49
10 50 34
10 51 13
10 52 23
10 53 92
10 54 26
10 55 63
10 56 100
10 57 31
10 58 63
10 59 19
10 60 44
10 61 38
10 62 92
10 63 71
10 64 60
10 65 39
10 66 64
10 67 76
10 68 22
10 69 18
10 70 2
10 71 14
10 72 98
10 73 72
10 74 11
10 75 85
10 76 88
10 77 99
10 78 68
10 79 48
10 80 35
10 81 42
10 82 91
10 83 20
10 84 13
10 85 100
10 86 36
10 87 40
10 88 87
10 89 23
10 90 34
10 91 73
10 92 38
10 93 48
10 94 67
10 95 30
10 96 50
10 97 3
10 98 75
10 99 98
10 100 15
10 101 70
10 102 96
10 103 58
10 104 96
10 105 50
10 106 99
10 107 55
11 12 93
11 13 31
11 14 45
11 15 13
11 16 98
11 17 96
11 18 76
11 19 15
11 20 93
11 21 22
11 22 57
11 23 8
11 24 31
11 25 2
11 26 27
11 27 69
11 28 67
11 29 34
11 30 21
11 31 45
11 32 98
11 33 96
11 34 79
11 35 38
11 36 54
11 37 49
11 38 33
11 39 77
11 40 11
11 41 21
11 42 82
11 43 20
11 44 25
11 45 49
11 46 52
11 47 71
11 48 56
11 49 70
11 50 90
11 51 66
11 52 51
11 53 78
11 54 76
11 55 26
11 56 85
11 57 96
11 58 38
11 59 2
11 60 20
11 61 73
11 62 28
11 63 4
11 64 27
11 65 6
11 66 14
11 67 47
11 68 9
11 69 69
11 70 10
11 71 86
11 72 82
11 73 82
11 74 4
11 75 32
11 76 57
11 77 27
11 78 80
11 79 89
11 80 52
11 81 21
11 82 44
11 83 83
11 84 53
11 85 35
11 86 62
11 87 95
11 88 89
11 89 94
11 90 62
11 91 93
11 92 81
11 93 89
11 94 47
11 95 37
11 96 37
11 97 13
11 98 1
11 99 28
11 100 28
11 101 27
11 102 31
11 103 62
11 104 42
11 105 98
11 106 33
11 107 2
12 13 63
12 14 100
12 15 63
12 16 43
12 17 23
12 18 10
12 19 56
12 20 9
12 21 6
12 22 25
12 23 78
12 24 25
12 25 79
12 26 83
12 27 24
12 28 92
12 29 41
12 30 58
12 31 11
12 32 33
12 33 83
12 34 1
12 35 65
12 36 51
12 37 55
12 38 27
12 39 42
12 40 11
12 41 4
12 42 9
12 43 93
12 44 44
12 45 26
12 46 88
12 47 11
12 48 2
12 49 54
12 50 5
12 51 55
12 52 23
12 53 84
12 54 36
12 55 61
12 56 66
12 57 61
12 58 27
12 59 81
12 60 58
12 61 72
12 62 34
12 63 40
12 64 24
12 65 55
12 66 18
12 67 11
12 68 36
12 69 10
12 70 87
12 71 42
12 72 39
12 73 45
12 74 35
12 75 32
12 76 23
12 77 7
12 78 84
12 79 5
12 80 66
12 81 96
12 82 96
12 83 56
12 84 7
12 85 83
12 86 5
12 87 55
12 88 69
12 89 16
12 90 46
12 91 94
12 92 44
12 93 16
12 94 26
12 95 11
12 96 58
12 97 95
12 98 67
12 99 49
12 100 64
12 101 86
12 102 93
12 103 46
12 104 70
12 105 62
12 106 88
12 107 69
13 14 9
13 15 78
13 16 37
13 17 62
13 18 10
13 19 70
13 20 34
13 21 91
13 22 71
13 23 61
13 24 46
13 25 39
13 26 37
13 27 84
13 28 60
13 29 70
13 30 7
13 31 94
13 32 15
13 33 64
13 34 77
13 35 59
13 36 72
13 37 5
13 38 72
13 39 53
13 40 49
13 41 67
13 42 28
13 43 58
13 44 61
13 45 69
13 46 22
13 47 58
13 48 61
13 49 55
13 50 39
13 51 89
13 52 62
13 53 86
13 54 40
13 55 35
13 56 20
13 57 40
13 58 3
13 59 19
13 60 40
13 61 25
13 62 17
13 63 72
13 64 16
13 65 24
13 66 33
13 67 32
13 68 8
13 69 61
13 70 22
13 71 93
13 72 6
13 73 14
13 74 4
13 75 47
13 76 94
13 77 97
13 78 27
13 79 75
13 80 7
13 81 42
13 82 19
13 83 60
13 84 79
13 85 36
13 86 74
13 87 100
13 88 34
13 89 56
13 90 43
13 91 56
13 92 63
13 93 82
13 94 69
13 95 4
13 96 4
13 97 24
13 98 24
13 99 11
13 100 3
13 101 49
13 102 21
13 103 47
13 104 97
13 105 18
13 106 19
13 107 72
14 15 90
14 16 25
14 17 13
14 18 19
14 19 25
14 20 84
14 21 73
14 22 15
14 23 2
14 24 1
14 25 93
14 26 1
14 27 38
14 28 11
14 29 9
14 30 43
14 31 52
14 32 13
14 33 72
14 34 54
14 35 86
14 36 13
14 37 44
14 38 71
14 39 2
14 40 23
14 41 31
14 42 73
14 43 30
14 44 82
14 45 49
14 46 29
14 47 8
14 48 45
14 49 78
14 50 17
14 51 55
14 52 49
14 53 37
14 54 2
14 55 76
14 56 13
14 57 67
14 58 87
14 59 72
14 60 35
14 61 36
14 62 29
14 63 55
14 64 73
14 65 22
14 66 79
14 67 98
14 68 92
14 69 15
14 70 25
14 71 34
14 72 78
14 73 20
14 74 78
14 75 50
14 76 73
14 77 54
14 78 19
14 79 17
14 80 73
14 81 14
14 82 21
14 83 78
14 84 80
14 85 37
14 86 22
14 87 13
14 88 73
14 89 56
14 90 7
14 91 64
14 92 64
14 93 46
14 94 81
14 95 9
14 96 47
14 97 54
14 98 79
14 99 42
14 100 4
14 101 87
14 102 89
14 103 25
14 104 18
14 105 73
14 106 13
14 107 76
15 16 34
15 17 48
15 18 66
15 19 39
15 20 22
15 21 92
15 22 51
15 23 90
15 24 7
15 25 16
15 26 87
15 27 17
15 28 55
15 29 30
15 30 96
15 31 86
15 32 84
15 33 35
15 34 90
15 35 58
15 36 12
15 37 72
15 38 39
15 39 21
15 40 20
15 41 60
15 42 48
15 43 86
15 44 61
15 45 66
15 46 54
15 47 72
15 48 2
15 49 52
15 50 27
15 51 15
15 52 86
15 53 6
15 54 43
15 55 49
15 56 35
15 57 22
15 58 8
15 59 86
15 60 17
15 61 54
15 62 73
15 63 90
15 64 15
15 65 4
15 66 55
15 67 65
15 68 91
15 69 61
15 70 98
15 71 61
15 72 65
15 73 52
15 74 74
15 75 44
15 76 34
15 77 18
15 78 97
15 79 50
15 80 95
15 81 83
15 82 39
15 83 18
15 84 4
15 85 3
15 86 45
15 87 100
15 88 69
15 89 32
15 90 62
15 91 10
15 92 14
15 93 71
15 94 20
15 95 93
15 96 92
15 97 2
15 98 65
15 99 38
15 100 24
15 101 90
15 102 95
15 103 49
15 104 91
15 105 99
15 106 29
15 107 19
16 17 19
16 18 92
16 19 54
16 20 76
16 21 78
16 22 17
16 23 66
16 24 5
16 25 87
16 26 14
16 27 93
16 28 69
16 29 66
16 30 89
16 31 99
16 32 77
16 33 76
16 34 43
16 35 62
16 36 78
16 37 97
16 38 71
16 39 49
16 40 69
16 41 86
16 42 13
16 43 59
16 44 40
16 45 70
16 46 44
16 47 96
16 48 51
16 49 80
16 50 10
16 51 10
16 52 8
16 53 52
16 54 55
16 55 91
16 56 66
16 57 89
16 58 53
16 59 10
16 60 26
16 61 66
16 62 80
16 63 31
16 64 11
16 65 14
16 66 44
16 67 3
16 68 71
16 69 62
16 70 3
16 71 6
16 72 62
16 73 71
16 74 9
16 75 22
16 76 36
16 77 57
16 78 36
16 79 64
16 80 69
16 81 60
16 82 13
16 83 88
16 84 3
16 85 73
16 86 39
16 87 86
16 88 28
16 89 28
16 90 89
16 91 5
16 92 63
16 93 47
16 94 15
16 95 47
16 96 28
16 97 17
16 98 79
16 99 62
16 100 27
16 101 16
16 102 73
16 103 43
16 104 78
16 105 34
16 106 68
16 107 33
17 18 9
17 19 100
17 20 61
17 21 27
17 22 75
17 23 30
17 24 11
17 25 11
17 26 26
17 27 95
17 28 61
17 29 17
17 30 54
17 31 2
17 32 52
17 33 24
17 34 52
17 35 1
17 36 32
17 37 94
17 38 22
17 39 9
17 40 31
17 41 5
17 42 95
17 43 80
17 44 76
17 45 7
17 46 13
17 47 43
17 48 11
17 49 6
17 50 46
17 51 27
17 52 72
17 53 86
17 54 84
17 55 94
17 56 71
17 57 7
17 58 77
17 59 97
17 60 94
17 61 23
17 62 25
17 63 43
17 64 94
17 65 12
17 66 60
17 67 51
17 68 74
17 69 45
17 70 47
17 71 96
17 72 72
17 73 81
17 74 52
17 75 63
17 76 67
17 77 18
17 78 14
17 79 1
17 80 18
17 81 66
17 82 43
17 83 38
17 84 24
17 85 8
17 86 28
17 87 71
17 88 47
17 89 65
17 90 67
17 91 11
17 92 96
17 93 37
17 94 51
17 95 44
17 96 84
17 97 32
17 98 45
17 99 63
17 100 10
17 101 31
17 102 83
17 103 46
17 104 63
17 105 85
17 106 15
17 107 27
18 19 84
18 20 44
18 21 91
18 22 82
18 23 71
18 24 15
18 25 97
18 26 90
18 27 69
18 28 33
18 29 3
18 30 47
18 31 13
18 32 14
18 33 68
18 34 36
18 35 75
18 36 97
18 37 56
18 38 22
18 39 59
18 40 62
18 41 99
18 42 38
18 43 11
18 44 36
18 45 14
18 46 3
18 47 52
18 48 5
18 49 73
18 50 76
18 51 60
18 52 60
18 53 88
18 54 44
18 55 70
18 56 67
18 57 30
18 58 49
18 59 54
18 60 66
18 61 75
18 62 35
18 63 79
18 64 83
18 65 82
18 66 13
18 67 18
18 68 86
18 69 83
18 70 8
18 71 96
18 72 89
18 73 78
18 74 57
18 75 93
18 76 51
18 77 86
18 78 15
18 79 20
18 80 55
18 81 47
18 82 94
18 83 89
18 84 31
18 85 93
18 86 23
18 87 58
18 88 81
18 89 85
18 90 63
18 91 99
18 92 62
18 93 31
18 94 20
18 95 9
18 96 26
18 97 15
18 98 93
18 99 95
18 100 92
18 101 5
18 102 55
18 103 29
18 104 94
18 105 30
18 106 45
18 107 81
19 20 96
19 21 4
19 22 77
19 23 100
19 24 58
19 25 20
19 26 98
19 27 75
19 28 76
19 29 30
19 30 61
19 31 20
19 32 59
19 33 41
19 34 30
19 35 70
19 36 51
19 37 26
19 38 49
19 39 91
19 40 80
19 41 87
19 42 5
19 43 65
19 44 8
19 45 94
19 46 99
19 47 75
19 48 55
19 49 13
19 50 35
19 51 77
19 52 74
19 53 20
19 54 69
19 55 34
19 56 81
19 57 56
19 58 79
19 59 100
19 60 38
19 61 60
19 62 67
19 63 66
19 64 77
19 65 70
19 66 14
19 67 23
19 68 24
19 69 37
19 70 73
19 71 9
19 72 34
19 73 79
19 74 81
19 75 38
19 76 37
19 77 34
19 78 61
19 79 96
19 80 62
19 81 3
19 82 91
19 83 21
19 84 65
19 85 94
19 86 40
19 87 22
19 88 18
19 89 88
19 90 89
19 91 99
19 92 60
19 93 72
19 94 52
19 95 7
19 96 80
19 97 8
19 98 74
19 99 79
19 100 79
19 101 11
19 102 44
19 103 33
19 104 94
19 105 30
19 106 18
19 107 51
20 21 81
20 22 72
20 23 69
20 24 87
20 25 97
20 26 30
20 27 58
20 28 83
20 29 72
20 30 7
20 31 66
20 32 28
20 33 40
20 34 98
20 35 75
20 36 83
20 37 37
20 38 91
20 39 72
20 40 3
20 41 7
20 42 78
20 43 94
20 44 13
20 45 85
20 46 78
20 47 74
20 48 75
20 49 3
20 50 47
20 51 85
20 52 60
20 53 51
20 54 96
20 55 66
20 56 23
20 57 44
20 58 58
20 59 4
20 60 7
20 61 15
20 62 31
20 63 8
20 64 36
20 65 13
20 66 66
20 67 28
20 68 44
20 69 5
20 70 74
20 71 1
20 72 86
20 73 78
20 74 55
20 75 63
20 76 84
20 77 9
20 78 31
20 79 38
20 80 33
20 81 100
20 82 87
20 83 30
20 84 56
20 85 50
20 86 34
20 87 19
20 88 9
20 89 53
20 90 78
20 91 15
20 92 27
20 93 41
20 94 23
20 95 66
20 96 62
20 97 97
20 98 14
20 99 40
20 100 93
20 101 79
20 102 20
20 103 45
20 104 13
20 105 83
20 106 35
20 107 62
21 22 2
21 23 46
21 24 72
21 25 73
21 26 42
21 27 75
21 28 27
21 29 34
21 30 58
21 31 33
21 32 76
21 33 17
21 34 81
21 35 7
21 36 34
21 37 54
21 38 46
21 39 97
21 40 56
21 41 27
21 42 64
21 43 39
21 44 33
21 45 50
21 46 50
21 47 50
21 48 74
21 49 3
21 50 81
21 51 52
21 52 53
21 53 8
21 54 21
21 55 17
21 56 95
21 57 49
21 58 76
21 59 65
21 60 55
21 61 93
21 62 73
21 63 30
21 64 85
21 65 86
21 66 74
21 67 76
21 68 61
21 69 38
21 70 68
21 71 70
21 72 74
21 73 30
21 74 44
21 75 41
21 76 20
21 77 75
21 78 99
21 79 79
21 80 17
21 81 60
21 82 75
21 83 56
21 84 100
21 85 58
21 86 48
21 87 31
21 88 74
21 89 51
21 90 63
21 91 63
21 92 4
21 93 52
21 94 7
21 95 77
21 96 54
21 97 39
21 98 12
21 99 74
21 100 70
21 101 84
21 102 5
21 103 98
21 104 53
21 105 88
21 106 32
21 107 75
22 23 88
22 24 10
22 25 2
22 26 96
22 27 70
22 28 83
22 29 25
22 30 85
22 31 54
22 32 66
22 33 87
22 34 40
22 35 23
22 36 23
22 37 26
22 38 32
22 39 62
22 40 66
22 41 22
22 42 58
22 43 73
22 44 62
22 45 75
22 46 80
22 47 77
22 48 46
22 49 99
22 50 85
22 51 99
22 52 31
22 53 27
22 54 53
22 55 45
22 56 4
22 57 50
22 58 36
22 59 12
22 60 94
22 61 55
22 62 39
22 63 33
22 64 73
22 65 84
22 66 6
22 67 2
22 68 54
22 69 29
22 70 37
22 71 80
22 72 22
22 73 20
22 74 55
22 75 44
22 76 24
22 77 82
22 78 26
22 79 44
22 80 23
22 81 5
22 82 40
22 83 30
22 84 93
22 85 3
22 86 22
22 87 80
22 88 82
22 89 38
22 90 41
22 91 68
22 92 69
22 93 21
22 94 72
22 95 57
22 96 74
22 97 13
22 98 88
22 99 47
22 100 87
22 101 95
22 102 4
22 103 1
22 104 53
22 105 30
22 106 43
22 107 84
23 24 78
23 25 9
23 26 50
23 27 81
23 28 72
23 29 87
23 30 79
23 31 75
23 32 26
23 33 97
23 34 6
23 35 1
23 36 31
23 37 77
23 38 22
23 39 21
23 40 81
23 41 64
23 42 24
23 43 80
23 44 97
23 45 83
23 46 30
23 47 12
23 48 31
23 49 33
23 50 68
23 51 35
23 52 81
23 53 92
23 54 96
23 55 75
23 56 93
23 57 89
23 58 46
23 59 70
23 60 55
23 61 54
23 62 93
23 63 45
23 64 70
23 65 45
23 66 11
23 67 54
23 68 13
23 69 52
23 70 47
23 71 18
23 72 65
23 73 2
23 74 58
23 75 81
23 76 58
23 77 92
23 78 53
23 79 4
23 80 64
23 81 74
23 82 95
23 83 68
23 84 52
23 85 44
23 86 57
23 87 10
23 88 26
23 89 61
23 90 65
23 91 9
23 92 85
23 93 5
23 94 33
23 95 91
23 96 45
23 97 58
23 98 30
23 99 99
23 100 67
23 101 33
23 102 78
23 103 7
23 104 1
23 105 72
23 106 96
23 107 75
24 25 6
24 26 70
24 27 72
24 28 29
24 29 66
24 30 25
24 31 33
24 32 23
24 33 71
24 34 85
24 35 42
24 36 89
24 37 94
24 38 76
24 39 100
24 40 8
24 41 81
24 42 87
24 43 62
24 44 35
24 45 10
24 46 60
24 47 52
24 48 19
24 49 71
24 50 38
24 51 43
24 52 91
24 53 87
24 54 73
24 55 41
24 56 25
24 57 72
24 58 73
24 59 68
24 60 1
24 61 85
24 62 45
24 63 28
24 64 50
24 65 77
24 66 4
24 67 16
24 68 18
24 69 63
24 70 85
24 71 2
24 72 95
24 73 40
24 74 92
24 75 20
24 76 26
24 77 44
24 78 10
24 79 43
24 80 48
24 81 56
24 82 90
24 83 17
24 84 23
24 85 11
24 86 31
24 87 74
24 88 40
24 89 91
24 90 24
24 91 52
24 92 33
24 93 90
24 94 94
24 95 16
24 96 53
24 97 9
24 98 68
24 99 98
24 100 19
24 101 62
24 102 68
24 103 18
24 104 8
24 105 78
24 106 16
24 107 25
25 26 88
25 27 80
25 28 47
25 29 64
25 30 75
25 31 81
25 32 5
25 33 57
25 34 66
25 35 86
25 36 91
25 37 42
25 38 97
25 39 28
25 40 70
25 41 30
25 42 18
25 43 53
25 44 18
25 45 4
25 46 82
25 47 88
25 48 37
25 49 50
25 50 36
25 51 17
25 52 64
25 53 32
25 54 96
25 55 51
25 56 66
25 57 48
25 58 100
25 59 83
25 60 26
25 61 71
25 62 5
25 63 12
25 64 5
25 65 96
25 66 10
25 67 9
25 68 8
25 69 84
25 70 3
25 71 88
25 72 25
25 73 29
25 74 26
25 75 73
25 76 77
25 77 36
25 78 100
25 79 45
25 80 86
25 81 13
25 82 76
25 83 62
25 84 34
25 85 39
25 86 35
25 87 67
25 88 69
25 89 19
25 90 89
25 91 21
25 92 17
25 93 19
25 94 83
25 95 12
25 96 12
25 97 7
25 98 70
25 99 43
25 100 32
25 101 12
25 102 81
25 103 47
25 104 10
25 105 98
25 106 83
25 107 22
26 27 41
26 28 91
26 29 41
26 30 84
26 31 57
26 32 35
26 33 19
26 34 32
26 35 1
26 36 62
26 37 49
26 38 41
26 39 73
26 40 43
26 41 61
26 42 20
26 43 30
26 44 6
26 45 15
26 46 23
26 47 85
26 48 27
26 49 92
26 50 83
26 51 92
26 52 70
26 53 49
26 54 69
26 55 81
26 56 95
26 57 63
26 58 22
26 59 71
26 60 29
26 61 51
26 62 90
26 63 90
26 64 82
26 65 54
26 66 79
26 67 30
26 68 32
26 69 81
26 70 80
26 71 51
26 72 31
26 73 69
26 74 2
26 75 3
26 76 100
26 77 2
26 78 73
26 79 66
26 80 53
26 81 42
26 82 94
26 83 93
26 84 52
26 85 50
26 86 78
26 87 84
26 88 15
26 89 83
26 90 1
26 91 13
26 92 21
26 93 31
26 94 91
26 95 56
26 96 28
26 97 4
26 98 96
26 99 31
26 100 17
26 101 28
26 102 24
26 103 64
26 104 21
26 105 6
26 106 44
26 107 11
27 28 95
27 29 86
27 30 60
27 31 28
27 32 62
27 33 24
27 34 98
27 35 44
27 36 10
27 37 29
27 38 44
27 39 48
27 40 61
27 41 56
27 42 83
27 43 7
27 44 67
27 45 50
27 46 37
27 47 32
27 48 15
27 49 32
27 50 61
27 51 8
27 52 27
27 53 65
27 54 95
27 55 36
27 56 32
27 57 34
27 58 70
27 59 53
27 60 3
27 61 13
27 62 88
27 63 100
27 64 37
27 65 6
27 66 50
27 67 45
27 68 60
27 69 14
27 70 35
27 71 99
27 72 2
27 73 75
27 74 17
27 75 15
27 76 66
27 77 33
27 78 96
27 79 46
27 80 65
27 81 18
27 82 37
27 83 21
27 84 68
27 85 38
27 86 44
27 87 64
27 88 32
27 89 4
27 90 96
27 91 75
27 92 3
27 93 70
27 94 92
27 95 94
27 96 52
27 97 63
27 98 72
27 99 85
27 100 88
27 101 4
27 102 16
27 103 4
27 104 33
27 105 70
27 106 16
27 107 42
28 29 10
28 30 18
28 31 46
28 32 28
28 33 11
28 34 73
28 35 59
28 36 62
28 37 26
28 38 2
28 39 85
28 40 96
28 41 41
28 42 45
28 43 62
28 44 93
28 45 30
28 46 7
28 47 45
28 48 10
28 49 80
28 50 98
28 51 92
28 52 59
28 53 67
28 54 62
28 55 7
28 56 29
28 57 24
28 58 33
28 59 72
28 60 2
28 61 95
28 62 70
28 63 55
28 64 17
28 65 92
28 66 44
28 67 45
28 68 5
28 69 23
28 70 9
28 71 70
28 72 32
28 73 69
28 74 95
28 75 8
28 76 69
28 77 47
28 78 77
28 79 75
28 80 71
28 81 77
28 82 36
28 83 96
28 84 15
28 85 90
28 86 24
28 87 47
28 88 56
28 89 94
28 90 47
28 91 74
28 92 20
28 93 19
28 94 15
28 95 32
28 96 30
28 97 87
28 98 90
28 99 43
28 100 57
28 101 89
28 102 63
28 103 91
28 104 24
28 105 98
28 106 93
28 107 44
29 30 2
29 31 98
29 32 4
29 33 54
29 34 32
29 35 36
29 36 65
29 37 23
29 38 39
29 39 95
29 40 4
29 41 11
29 42 85
29 43 46
29 44 5
29 45 8
29 46 25
29 47 61
29 48 54
29 49 98
29 50 59
29 51 25
29 52 19
29 53 18
29 54 47
29 55 1
29 56 57
29 57 70
29 58 97
29 59 63
29 60 67
29 61 43
29 62 33
29 63 71
29 64 7
29 65 51
29 66 31
29 67 87
29 68 74
29 69 32
29 70 10
29 71 94
29 72 57
29 73 37
29 74 12
29 75 12
29 76 99
29 77 80
29 78 19
29 79 18
29 80 84
29 81 89
29 82 70
29 83 24
29 84 53
29 85 41
29 86 50
29 87 52
29 88 14
29 89 64
29 90 63
29 91 62
29 92 56
29 93 28
29 94 73
29 95 39
29 96 62
29 97 33
29 98 75
29 99 44
29 100 36
29 101 78
29 102 10
29 103 62
29 104 2
29 105 78
29 106 1
29 107 31
30 31 93
30 32 36
30 33 4
30 34 67
30 35 5
30 36 35
30 37 91
30 38 87
30 39 79
30 40 26
30 41 92
30 42 17
30 43 93
30 44 88
30 45 44
30 46 39
30 47 84
30 48 6
30 49 40
30 50 69
30 51 71
30 52 51
30 53 4
30 54 82
30 55 78
30 56 72
30 57 71
30 58 39
30 59 45
30 60 65
30 61 78
30 62 17
30 63 9
30 64 87
30 65 12
30 66 54
30 67 70
30 68 56
30 69 91
30 70 45
30 71 70
30 72 20
30 73 77
30 74 25
30 75 22
30 76 86
30 77 45
30 78 28
30 79 92
30 80 6
30 81 46
30 82 73
30 83 65
30 84 12
30 85 28
30 86 71
30 87 46
30 88 13
30 89 67
30 90 96
30 91 82
30 92 81
30 93 80
30 94 16
30 95 69
30 96 38
30 97 48
30 98 25
30 99 52
30 100 24
30 101 89
30 102 10
30 103 90
30 104 64
30 105 11
30 106 42
30 107 15
31 32 17
31 33 23
31 34 88
31 35 46
31 36 18
31 37 63
31 38 98
31 39 100
31 40 65
31 41 99
31 42 100
31 43 78
31 44 86
31 45 74
31 46 26
31 47 45
31 48 83
31 49 50
31 50 53
31 51 34
31 52 40
31 53 81
31 54 82
31 55 91
31 56 50
31 57 1
31 58 52
31 59 67
31 60 50
31 61 95
31 62 56
31 63 10
31 64 17
31 65 20
31 66 84
31 67 61
31 68 31
31 69 43
31 70 33
31 71 48
31 72 94
31 73 90
31 74 48
31 75 7
31 76 25
31 77 84
31 78 44
31 79 76
31 80 91
31 81 26
31 82 1
31 83 32
31 84 54
31 85 68
31 86 23
31 87 24
31 88 80
31 89 6
31 90 17
31 91 66
31 92 85
31 93 95
31 94 45
31 95 2
31 96 73
31 97 86
31 98 14
31 99 68
31 100 11
31 101 74
31 102 57
31 103 20
31 104 66
31 105 10
31 106 91
31 107 100
32 33 96
32 34 49
32 35 10
32 36 77
32 37 34
32 38 33
32 39 25
32 40 56
32 41 31
32 42 54
32 43 81
32 44 53
32 45 40
32 46 66
32 47 68
32 48 1
32 49 64
32 50 78
32 51 27
32 52 41
32 53 38
32 54 37
32 55 91
32 56 26
32 57 82
32 58 57
32 59 71
32 60 31
32 61 10
32 62 44
32 63 40
32 64 49
32 65 80
32 66 26
32 67 47
32 68 47
32 69 50
32 70 99
32 71 78
32 72 77
32 73 96
32 74 56
32 75 6
32 76 56
32 77 90
32 78 76
32 79 94
32 80 42
32 81 46
32 82 68
32 83 2
32 84 77
32 85 19
32 86 44
32 87 71
32 88 68
32 89 87
32 90 71
32 91 4
32 92 15
32 93 21
32 94 92
32 95 50
32 96 84
32 97 80
32 98 48
32 99 28
32 100 62
32 101 62
32 102 1
32 103 93
32 104 61
32 105 31
32 106 43
32 107 82
33 34 100
33 35 32
33 36 18
33 37 86
33 38 48
33 39 8
33 40 92
33 41 79
33 42 74
33 43 33
33 44 61
33 45 36
33 46 11
33 47 99
33 48 20
33 49 47
33 50 59
33 51 41
33 52 65
33 53 26
33 54 6
33 55 39
33 56 30
33 57 48
33 58 69
33 59 14
33 60 41
33 61 90
33 62 68
33 63 19
33 64 48
33 65 48
33 66 21
33 67 99
33 68 95
33 69 92
33 70 3
33 71 5
33 72 79
33 73 12
33 74 74
33 75 80
33 76 59
33 77 24
33 78 89
33 79 6
33 80 86
33 81 77
33 82 22
33 83 98
33 84 74
33 85 24
33 86 19
33 87 65
33 88 2
33 89 15
33 90 11
33 91 47
33 92 88
33 93 11
33 94 82
33 95 23
33 96 39
33 97 39
33 98 67
33 99 71
33 100 77
33 101 5
33 102 67
33 103 97
33 104 60
33 105 16
33 106 83
33 107 87
34 35 33
34 36 37
34 37 73
34 38 100
34 39 95
34 40 20
34 41 51
34 42 78
34 43 56
34 44 55
34 45 80
34 46 77
34 47 15
34 48 49
34 49 74
34 50 29
34 51 2
34 52 89
34 53 19
34 54 79
34 55 42
34 56 79
34 57 1
34 58 71
34 59 96
34 60 4
34 61 29
34 62 11
34 63 22
34 64 24
34 65 66
34 66 62
34 67 13
34 68 4
34 69 25
34 70 20
34 71 48
34 72 80
34 73 12
34 74 98
34 75 46
34 76 21
34 77 7
34 78 16
34 79 2
34 80 7
34 81 51
34 82 22
34 83 72
34 84 89
34 85 66
34 86 88
34 87 37
34 88 40
34 89 67
34 90 8
34 91 57
34 92 15
34 93 57
34 94 52
34 95 4
34 96 15
34 97 9
34 98 7
34 99 3
34 100 63
34 101 47
34 102 99
34 103 29
34 104 75
34 105 16
34 106 57
34 107 16
35 36 66
35 37 36
35 38 60
35 39 57
35 40 74
35 41 6
35 42 75
35 43 19
35 44 71
35 45 75
35 46 29
35 47 54
35 48 44
35 49 87
35 50 18
35 51 57
35 52 82
35 53 30
35 54 52
35 55 45
35 56 34
35 57 83
35 58 10
35 59 57
35 60 66
35 61 72
35 62 31
35 63 32
35 64 72
35 65 63
35 66 13
35 67 28
35 68 6
35 69 62
35 70 8
35 71 23
35 72 75
35 73 13
35 74 68
35 75 31
35 76 6
35 77 47
35 78 90
35 79 53
35 80 36
35 81 55
35 82 23
35 83 37
35 84 11
35 85 20
35 86 23
35 87 41
35 88 24
35 89 49
35 90 89
35 91 94
35 92 91
35 93 57
35 94 40
35 95 93
35 96 42
35 97 8
35 98 20
35 99 92
35 100 45
35 101 61
35 102 32
35 103 52
35 104 72
35 105 50
35 106 5
35 107 38
36 37 84
36 38 93
36 39 46
36 40 22
36 41 35
36 42 24
36 43 67
36 44 66
36 45 32
36 46 57
36 47 92
36 48 32
36 49 24
36 50 48
36 51 70
36 52 36
36 53 78
36 54 30
36 55 81
36 56 8
36 57 94
36 58 40
36 59 25
36 60 32
36 61 80
36 62 64
36 63 69
36 64 59
36 65 9
36 66 39
36 67 14
36 68 59
36 69 3
36 70 82
36 71 26
36 72 7
36 73 83
36 74 31
36 75 64
36 76 59
36 77 8
36 78 50
36 79 72
36 80 74
36 81 85
36 82 34
36 83 99
36 84 24
36 85 12
36 86 30
36 87 64
36 88 37
36 89 30
36 90 13
36 91 55
36 92 7
36 93 37
36 94 86
36 95 89
36 96 7
36 97 37
36 98 25
36 99 100
36 100 67
36 101 31
36 102 50
36 103 18
36 104 17
36 105 79
36 106 3
36 107 66
37 38 19
37 39 31
37 40 27
37 41 53
37 42 35
37 43 13
37 44 31
37 45 14
37 46 54
37 47 25
37 48 81
37 49 80
37 50 81
37 51 68
37 52 5
37 53 10
37 54 15
37 55 53
37 56 69
37 57 97
37 58 23
37 59 83
37 60 40
37 61 80
37 62 38
37 63 71
37 64 75
37 65 55
37 66 48
37 67 55
37 68 40
37 69 21
37 70 71
37 71 7
37 72 35
37 73 95
37 74 58
37 75 89
37 76 34
37 77 37
37 78 28
37 79 91
37 80 33
37 81 35
37 82 62
37 83 24
37 84 31
37 85 61
37 86 35
37 87 34
37 88 24
37 89 40
37 90 20
37 91 57
37 92 68
37 93 17
37 94 55
37 95 80
37 96 77
37 97 70
37 98 75
37 99 34
37 100 45
37 101 34
37 102 27
37 103 65
37 104 22
37 105 82
37 106 50
37 107 39
38 39 36
38 40 32
38 41 82
38 42 95
38 43 78
38 44 42
38 45 6
38 46 87
38 47 39
38 48 9
38 49 3
38 50 64
38 51 34
38 52 96
38 53 97
38 54 81
38 55 97
38 56 31
38 57 91
38 58 100
38 59 14
38 60 89
38 61 76
38 62 85
38 63 11
38 64 4
38 65 98
38 66 38
38 67 26
38 68 100
38 69 79
38 70 5
38 71 34
38 72 26
38 73 18
38 74 55
38 75 2
38 76 43
38 77 41
38 78 14
38 79 32
38 80 89
38 81 86
38 82 31
38 83 95
38 84 73
38 85 30
38 86 83
38 87 94
38 88 32
38 89 22
38 90 30
38 91 25
38 92 3
38 93 56
38 94 80
38 95 19
38 96 83
38 97 49
38 98 50
38 99 86
38 100 22
38 101 6
38 102 21
38 103 76
38 104 49
38 105 78
38 106 57
38 107 73
39 40 64
39 41 35
39 42 99
39 43 77
39 44 77
39 45 86
39 46 48
39 47 80
39 48 32
39 49 39
39 50 2
39 51 55
39 52 21
39 53 66
39 54 64
39 55 66
39 56 5
39 57 10
39 58 91
39 59 86
39 60 90
39 61 40
39 62 20
39 63 91
39 64 69
39 65 95
39 66 25
39 67 8
39 68 25
39 69 37
39 70 95
39 71 70
39 72 23
39 73 93
39 74 10
39 75 25
39 76 26
39 77 56
39 78 9
39 79 29
39 80 90
39 81 88
39 82 42
39 83 59
39 84 84
39 85 90
39 86 44
39 87 6
39 88 11
39 89 70
39 90 77
39 91 71
39 92 27
39 93 15
39 94 41
39 95 91
39 96 61
39 97 75
39 98 70
39 99 53
39 100 68
39 101 47
39 102 60
39 103 23
39 104 39
39 105 65
39 106 1
39 107 59
40 41 61
40 42 51
40 43 7
40 44 6
40 45 13
40 46 41
40 47 54
40 48 41
40 49 39
40 50 76
40 51 44
40 52 72
40 53 60
40 54 14
40 55 76
40 56 45
40 57 100
40 58 98
40 59 51
40 60 19
40 61 78
40 62 23
40 63 93
40 64 3
40 65 80
40 66 6
40 67 76
40 68 52
40 69 9
40 70 60
40 71 41
40 72 86
40 73 16
40 74 65
40 75 38
40 76 78
40 77 95
40 78 55
40 79 84
40 80 100
40 81 24
40 82 27
40 83 51
40 84 83
40 85 48
40 86 88
40 87 30
40 88 84
40 89 72
40 90 37
40 91 74
40 92 43
40 93 87
40 94 43
40 95 52
40 96 94
40 97 73
40 98 27
40 99 26
40 100 76
40 101 2
40 102 15
40 103 87
40 104 69
40 105 37
40 106 77
40 107 46
41 42 56
41 43 48
41 44 69
41 45 20
41 46 58
41 47 71
41 48 62
41 49 87
41 50 32
41 51 81
41 52 83
41 53 79
41 54 12
41 55 61
41 56 93
41 57 100
41 58 94
41 59 49
41 60 96
41 61 7
41 62 92
41 63 73
41 64 79
41 65 76
41 66 54
41 67 50
41 68 2
41 69 75
41 70 74
41 71 30
41 72 24
41 73 61
41 74 66
41 75 36
41 76 33
41 77 50
41 78 77
41 79 99
41 80 10
41 81 10
41 82 46
41 83 45
41 84 6
41 85 35
41 86 36
41 87 24
41 88 90
41 89 76
41 90 82
41 91 7
41 92 45
41 93 89
41 94 81
41 95 68
41 96 69
41 97 20
41 98 55
41 99 77
41 100 64
41 101 84
41 102 9
41 103 30
41 104 90
41 105 49
41 106 38
41 107 15
42 43 68
42 44 48
42 45 76
42 46 74
42 47 65
42 48 74
42 49 97
42 50 83
42 51 14
42 52 28
42 53 66
42 54 87
42 55 3
42 56 63
42 57 4
42 58 35
42 59 40
42 60 9
42 61 14
42 62 19
42 63 50
42 64 100
42 65 8
42 66 90
42 67 100
42 68 12
42 69 59
42 70 7
42 71 91
42 72 89
42 73 33
42 74 51
42 75 66
42 76 42
42 77 94
42 78 53
42 79 57
42 80 47
42 81 40
42 82 99
42 83 25
42 84 85
42 85 51
42 86 46
42 87 47
42 88 70
42 89 78
42 90 84
42 91 87
42 92 5
42 93 30
42 94 97
42 95 7
42 96 35
42 97 51
42 98 52
42 99 36
42 100 30
42 101 36
42 102 67
42 103 57
42 104 8
42 105 21
42 106 79
42 107 65
43 44 51
43 45 70
43 46 30
43 47 9
43 48 14
43 49 75
43 50 37
43 51 46
43 52 46
43 53 11
43 54 95
43 55 95
43 56 16
43 57 35
43 58 59
43 59 46
43 60 32
43 61 33
43 62 4
43 63 7
43 64 77
43 65 2
43 66 99
43 67 15
43 68 14
43 69 73
43 70 45
43 71 85
43 72 36
43 73 96
43 74 63
43 75 36
43 76 13
43 77 46
43 78 12
43 79 22
43 80 48
43 81 34
43 82 50
43 83 94
43 84 54
43 85 71
43 86 82
43 87 48
43 88 71
43 89 39
43 90 6
43 91 15
43 92 18
43 93 76
43 94 15
43 95 21
43 96 45
43 97 38
43 98 59
43 99 45
43 100 76
43 101 60
43 102 81
43 103 39
43 104 35
43 105 18
43 106 26
43 107 94
44 45 6
44 46 67
44 47 57
44 48 36
44 49 18
44 50 11
44 51 57
44 52 29
44 53 28
44 54 98
44 55 59
44 56 64
44 57 36
44 58 48
44 59 69
44 60 59
44 61 88
44 62 23
44 63 20
44 64 73
44 65 42
44 66 88
44 67 54
44 68 58
44 69 27
44 70 27
44 71 2
44 72 89
44 73 92
44 74 16
44 75 13
44 76 45
44 77 89
44 78 87
44 79 43
44 80 40
44 81 22
44 82 78
44 83 76
44 84 50
44 85 40
44 86 90
44 87 53
44 88 66
44 89 52
44 90 92
44 91 54
44 92 55
44 93 64
44 94 86
44 95 50
44 96 86
44 97 10
44 98 71
44 99 73
44 100 27
44 101 49
44 102 36
44 103 100
44 104 42
44 105 74
44 106 19
44 107 3
45 46 40
45 47 35
45 48 49
45 49 59
45 50 47
45 51 49
45 52 30
45 53 83
45 54 58
45 55 26
45 56 91
45 57 14
45 58 53
45 59 11
45 60 55
45 61 78
45 62 12
45 63 9
45 64 99
45 65 64
45 66 5
45 67 30
45 68 34
45 69 30
45 70 95
45 71 70
45 72 26
45 73 62
45 74 96
45 75 5
45 76 48
45 77 72
45 78 77
45 79 41
45 80 21
45 81 71
45 82 34
45 83 22
45 84 24
45 85 43
45 86 13
45 87 86
45 88 42
45 89 26
45 90 17
45 91 48
45 92 92
45 93 92
45 94 8
45 95 52
45 96 62
45 97 85
45 98 63
45 99 11
45 100 81
45 101 18
45 102 42
45 103 7
45 104 97
45 105 11
45 106 31
45 107 62
46 47 11
46 48 15
46 49 51
46 50 54
46 51 96
46 52 60
46 53 21
46 54 55
46 55 56
46 56 57
46 57 39
46 58 96
46 59 6
46 60 16
46 61 95
46 62 4
46 63 8
46 64 16
46 65 82
46 66 16
46 67 85
46 68 44
46 69 75
46 70 49
46 71 50
46 72 50
46 73 34
46 74 44
46 75 97
46 76 80
46 77 48
46 78 92
46 79 4
46 80 30
46 81 25
46 82 80
46 83 97
46 84 9
46 85 14
46 86 17
46 87 84
46 88 79
46 89 49
46 90 79
46 91 5
46 92 11
46 93 71
46 94 95
46 95 100
46 96 57
46 97 35
46 98 14
46 99 50
46 100 59
46 101 61
46 102 96
46 103 77
46 104 5
46 105 36
46 106 23
46 107 75
47 48 32
47 49 13
47 50 73
47 51 92
47 52 13
47 53 26
47 54 20
47 55 13
47 56 46
47 57 16
47 58 55
47 59 54
47 60 2
47 61 63
47 62 3
47 63 57
47 64 5
47 65 50
47 66 35
47 67 76
47 68 25
47 69 14
47 70 97
47 71 99
47 72 59
47 73 90
47 74 92
47 75 79
47 76 1
47 77 78
47 78 10
47 79 98
47 80 37
47 81 26
47 82 16
47 83 13
47 84 65
47 85 51
47 86 98
47 87 19
47 88 99
47 89 94
47 90 45
47 91 24
47 92 56
47 93 41
47 94 12
47 95 80
47 96 43
47 97 98
47 98 77
47 99 73
47 100 54
47 101 58
47 102 71
47 103 54
47 104 76
47 105 8
47 106 20
47 107 94
48 49 91
48 50 27
48 51 51
48 52 59
48 53 29
48 54 42
48 55 74
48 56 5
48 57 27
48 58 29
48 59 19
48 60 10
48 61 73
48 62 97
48 63 7
48 64 86
48 65 95
48 66 55
48 67 55
48 68 35
48 69 62
48 70 78
48 71 5
48 72 49
48 73 12
48 74 35
48 75 9
48 76 98
48 77 15
48 78 31
48 79 67
48 80 61
48 81 26
48 82 39
48 83 19
48 84 21
48 85 67
48 86 55
48 87 24
48 88 5
48 89 97
48 90 43
48 91 25
48 92 44
48 93 23
48 94 14
48 95 51
48 96 50
48 97 74
48 98 37
48 99 86
48 100 41
48 101 13
48 102 40
48 103 62
48 104 83
48 105 14
48 106 1
48 107 76
49 50 53
49 51 70
49 52 28
49 53 68
49 54 75
49 55 12
49 56 57
49 57 68
49 58 51
49 59 81
49 60 27
49 61 30
49 62 19
49 63 20
49 64 43
49 65 81
49 66 2
49 67 98
49 68 62
49 69 46
49 70 73
49 71 97
49 72 63
49 73 90
49 74 34
49 75 29
49 76 73
49 77 47
49 78 4
49 79 58
49 80 75
49 81 76
49 82 86
49 83 19
49 84 39
49 85 72
49 86 94
49 87 86
49 88 100
49 89 10
49 90 35
49 91 12
49 92 7
49 93 97
49 94 10
49 95 81
49 96 60
49 97 72
49 98 17
49 99 23
49 100 81
49 101 18
49 102 32
49 103 70
49 104 95
49 105 17
49 106 72
49 107 87
50 51 87
50 52 7
50 53 90
50 54 32
50 55 85
50 56 42
50 57 32
50 58 58
50 59 6
50 60 93
50 61 42
50 62 86
50 63 37
50 64 41
50 65 51
50 66 37
50 67 98
50 68 3
50 69 25
50 70 92
50 71 32
50 72 83
50 73 86
50 74 31
50 75 21
50 76 78
50 77 74
50 78 68
50 79 76
50 80 56
50 81 7
50 82 62
50 83 97
50 84 13
50 85 52
50 86 61
50 87 3
50 88 48
50 89 37
50 90 15
50 91 32
50 92 51
50 93 97
50 94 24
50 95 46
50 96 88
50 97 32
50 98 2
50 99 3
50 100 42
50 101 50
50 102 38
50 103 43
50 104 37
50 105 56
50 106 14
50 107 80
51 52 76
51 53 5
51 54 3
51 55 95
51 56 27
51 57 9
51 58 5
51 59 5
51 60 62
51 61 40
51 62 86
51 63 57
51 64 93
51 65 50
51 66 82
51 67 2
51 68 11
51 69 6
51 70 72
51 71 79
51 72 89
51 73 22
51 74 57
51 75 98
51 76 62
51 77 60
51 78 36
51 79 66
51 80 60
51 81 55
51 82 54
51 83 89
51 84 13
51 85 39
51 86 43
51 87 49
51 88 8
51 89 2
51 90 1
51 91 21
51 92 59
51 93 11
51 94 48
51 95 66
51 96 78
51 97 98
51 98 43
51 99 37
51 100 41
51 101 39
51 102 12
51 103 43
51 104 67
51 105 85
51 106 14
51 107 37
52 53 45
52 54 42
52 55 21
52 56 92
52 57 66
52 58 50
52 59 77
52 60 66
52 61 19
52 62 28
52 63 68
52 64 59
52 65 50
52 66 75
52 67 69
52 68 69
52 69 96
52 70 80
52 71 84
52 72 67
52 73 89
52 74 48
52 75 68
52 76 95
52 77 93
52 78 12
52 79 5
52 80 80
52 81 21
52 82 30
52 83 35
52 84 56
52 85 77
52 86 58
52 87 94
52 88 9
52 89 3
52 90 85
52 91 88
52 92 4
52 93 92
52 94 86
52 95 20
52 96 48
52 97 95
52 98 56
52 99 65
52 100 20
52 101 65
52 102 69
52 103 62
52 104 4
52 105 79
52 106 32
52 107 93
53 54 79
53 55 31
53 56 13
53 57 1
53 58 39
53 59 61
53 60 56
53 61 80
53 62 7
53 63 8
53 64 57
53 65 56
53 66 1
53 67 46
53 68 60
53 69 4
53 70 86
53 71 15
53 72 58
53 73 38
53 74 54
53 75 75
53 76 39
53 77 10
53 78 50
53 79 95
53 80 14
53 81 69
53 82 95
53 83 29
53 84 23
53 85 86
53 86 36
53 87 73
53 88 99
53 89 41
53 90 9
53 91 31
53 92 40
53 93 43
53 94 18
53 95 97
53 96 91
53 97 100
53 98 65
53 99 91
53 100 85
53 101 74
53 102 55
53 103 9
53 104 86
53 105 26
53 106 3
53 107 12
54 55 17
54 56 46
54 57 36
54 58 42
54 59 59
54 60 66
54 61 52
54 62 26
54 63 99
54 64 98
54 65 81
54 66 18
54 67 11
54 68 67
54 69 79
54 70 80
54 71 9
54 72 79
54 73 82
54 74 54
54 75 34
54 76 51
54 77 37
54 78 95
54 79 25
54 80 20
54 81 17
54 82 38
54 83 70
54 84 86
54 85 100
54 86 60
54 87 15
54 88 84
54 89 24
54 90 26
54 91 13
54 92 47
54 93 51
54 94 53
54 95 79
54 96 75
54 97 70
54 98 44
54 99 8
54 100 96
54 101 76
54 102 56
54 103 77
54 104 51
54 105 91
54 106 27
54 107 93
55 56 43
55 57 13
55 58 39
55 59 86
55 60 44
55 61 40
55 62 19
55 63 96
55 64 76
55 65 23
55 66 43
55 67 34
55 68 41
55 69 91
55 70 60
55 71 30
55 72 35
55 73 99
55 74 89
55 75 47
55 76 6
55 77 95
55 78 81
55 79 73
55 80 33
55 81 95
55 82 48
55 83 41
55 84 100
55 85 85
55 86 14
55 87 29
55 88 26
55 89 82
55 90 5
55 91 40
55 92 20
55 93 43
55 94 46
55 95 15
55 96 75
55 97 76
55 98 89
55 99 85
55 100 6
55 101 55
55 102 39
55 103 24
55 104 75
55 105 72
55 106 21
55 107 12
56 57 29
56 58 5
56 59 67
56 60 53
56 61 15
56 62 16
56 63 30
56 64 88
56 65 21
56 66 26
56 67 89
56 68 93
56 69 8
56 70 88
56 71 22
56 72 37
56 73 9
56 74 17
56 75 21
56 76 1
56 77 58
56 78 55
56 79 29
56 80 10
56 81 20
56 82 90
56 83 2
56 84 11
56 85 75
56 86 76
56 87 13
56 88 93
56 89 47
56 90 72
56 91 56
56 92 54
56 93 2
56 94 11
56 95 90
56 96 51
56 97 92
56 98 4
56 99 33
56 100 8
56 101 20
56 102 55
56 103 1
56 104 19
56 105 81
56 106 60
56 107 28
57 58 89
57 59 72
57 60 29
57 61 74
57 62 11
57 63 52
57 64 81
57 65 29
57 66 53
57 67 69
57 68 10
57 69 89
57 70 21
57 71 35
57 72 100
57 73 41
57 74 84
57 75 51
57 76 61
57 77 3
57 78 97
57 79 33
57 80 60
57 81 42
57 82 87
57 83 30
57 84 31
57 85 57
57 86 39
57 87 97
57 88 16
57 89 90
57 90 46
57 91 21
57 92 50
57 93 65
57 94 19
57 95 5
57 96 72
57 97 56
57 98 13
57 99 28
57 100 95
57 101 97
57 102 5
57 103 96
57 104 42
57 105 44
57 106 100
57 107 62
58 59 17
58 60 90
58 61 23
58 62 55
58 63 12
58 64 81
58 65 56
58 66 19
58 67 71
58 68 28
58 69 6
58 70 34
58 71 10
58 72 67
58 73 59
58 74 74
58 75 42
58 76 84
58 77 40
58 78 17
58 79 49
58 80 30
58 81 92
58 82 6
58 83 80
58 84 82
58 85 95
58 86 26
58 87 73
58 88 93
58 89 9
58 90 63
58 91 64
58 92 97
58 93 38
58 94 49
58 95 25
58 96 94
58 97 4
58 98 11
58 99 16
58 100 50
58 101 80
58 102 75
58 103 44
58 104 30
58 105 90
58 106 25
58 107 24
59 60 6
59 61 99
59 62 73
59 63 82
59 64 79
59 65 19
59 66 35
59 67 47
59 68 52
59 69 19
59 70 68
59 71 41
59 72 63
59 73 93
59 74 4
59 75 49
59 76 70
59 77 39
59 78 92
59 79 30
59 80 100
59 81 24
59 82 26
59 83 18
59 84 14
59 85 22
59 86 98
59 87 67
59 88 63
59 89 94
59 90 100
59 91 54
59 92 32
59 93 32
59 94 88
59 95 63
59 96 20
59 97 49
59 98 3
59 99 47
59 100 54
59 101 88
59 102 49
59 103 24
59 104 4
59 105 46
59 106 99
59 107 66
60 61 96
60 62 87
60 63 65
60 64 40
60 65 94
60 66 88
60 67 2
60 68 24
60 69 19
60 70 72
60 71 38
60 72 62
60 73 91
60 74 23
60 75 48
60 76 51
60 77 7
60 78 33
60 79 14
60 80 46
60 81 58
60 82 15
60 83 45
60 84 88
60 85 12
60 86 63
60 87 32
60 88 83
60 89 60
60 90 77
60 91 91
60 92 68
60 93 98
60 94 74
60 95 58
60 96 22
60 97 48
60 98 9
60 99 75
60 100 28
60 101 55
60 102 93
60 103 65
60 104 76
60 105 60
60 106 31
60 107 6
61 62 25
61 63 66
61 64 97
61 65 27
61 66 1
61 67 75
61 68 4
61 69 79
61 70 1
61 71 31
61 72 15
61 73 90
61 74 22
61 75 8
61 76 15
61 77 48
61 78 16
61 79 77
61 80 84
61 81 49
61 82 58
61 83 20
61 84 35
61 85 60
61 86 1
61 87 52
61 88 2
61 89 30
61 90 60
61 91 16
61 92 76
61 93 88
61 94 54
61 95 84
61 96 26
61 97 34
61 98 90
61 99 69
61 100 45
61 101 94
61 102 76
61 103 13
61 104 31
61 105 41
61 106 74
61 107 66
62 63 9
62 64 7
62 65 58
62 66 55
62 67 87
62 68 13
62 69 90
62 70 67
62 71 30
62 72 84
62 73 60
62 74 26
62 75 34
62 76 82
62 77 81
62 78 1
62 79 40
62 80 82
62 81 30
62 82 65
62 83 72
62 84 84
62 85 17
62 86 39
62 87 39
62 88 29
62 89 88
62 90 98
62 91 39
62 92 77
62 93 77
62 94 34
62 95 93
62 96 82
62 97 66
62 98 71
62 99 93
62 100 21
62 101 28
62 102 67
62 103 66
62 104 18
62 105 5
62 106 58
62 107 13
63 64 88
63 65 59
63 66 14
63 67 48
63 68 45
63 69 41
63 70 82
63 71 63
63 72 61
63 73 35
63 74 35
63 75 24
63 76 19
63 77 93
63 78 41
63 79 89
63 80 50
63 81 72
63 82 19
63 83 10
63 84 58
63 85 31
63 86 9
63 87 50
63 88 59
63 89 95
63 90 42
63 91 9
63 92 4
63 93 23
63 94 27
63 95 77
63 96 92
63 97 35
63 98 62
63 99 50
63 100 82
63 101 64
63 102 19
63 103 44
63 104 72
63 105 40
63 106 74
63 107 33
64 65 56
64 66 38
64 67 51
64 68 90
64 69 3
64 70 37
64 71 2
64 72 81
64 73 36
64 74 21
64 75 95
64 76 84
64 77 16
64 78 74
64 79 49
64 80 18
64 81 47
64 82 58
64 83 53
64 84 76
64 85 92
64 86 99
64 87 55
64 88 37
64 89 19
64 90 27
64 91 10
64 92 53
64 93 26
64 94 24
64 95 41
64 96 67
64 97 86
64 98 68
64 99 17
64 100 4
64 101 9
64 102 28
64 103 77
64 104 28
64 105 50
64 106 72
64 107 87
65 66 56
65 67 7
65 68 69
65 69 61
65 70 87
65 71 18
65 72 2
65 73 8
65 74 41
65 75 7
65 76 66
65 77 43
65 78 32
65 79 58
65 80 1
65 81 57
65 82 89
65 83 76
65 84 14
65 85 18
65 86 91
65 87 96
65 88 30
65 89 8
65 90 7
65 91 61
65 92 38
65 93 62
65 94 61
65 95 22
65 96 57
65 97 9
65 98 57
65 99 90
65 100 48
65 101 88
65 102 99
65 103 10
65 104 95
65 105 40
65 106 59
65 107 86
66 67 15
66 68 55
66 69 93
66 70 65
66 71 5
66 72 38
66 73 46
66 74 66
66 75 83
66 76 49
66 77 49
66 78 22
66 79 71
66 80 6
66 81 22
66 82 61
66 83 40
66 84 52
66 85 75
66 86 83
66 87 95
66 88 96
66 89 34
66 90 73
66 91 77
66 92 81
66 93 70
66 94 61
66 95 42
66 96 95
66 97 2
66 98 11
66 99 23
66 100 60
66 101 23
66 102 79
66 103 45
66 104 2
66 105 34
66 106 4
66 107 65
67 68 73
67 69 70
67 70 44
67 71 14
67 72 57
67 73 61
67 74 93
67 75 19
67 76 61
67 77 42
67 78 71
67 79 11
67 80 71
67 81 67
67 82 91
67 83 63
67 84 13
67 85 9
67 86 31
67 87 70
67 88 100
67 89 100
67 90 31
67 91 92
67 92 3
67 93 80
67 94 35
67 95 24
67 96 90
67 97 26
67 98 60
67 99 42
67 100 59
67 101 97
67 102 15
67 103 1
67 104 38
67 105 77
67 106 16
67 107 9
68 69 4
68 70 25
68 71 16
68 72 63
68 73 97
68 74 31
68 75 83
68 76 63
68 77 39
68 78 31
68 79 58
68 80 88
68 81 69
68 82 48
68 83 100
68 84 97
68 85 81
68 86 91
68 87 79
68 88 18
68 89 71
68 90 21
68 91 7
68 92 16
68 93 20
68 94 95
68 95 4
68 96 45
68 97 17
68 98 56
68 99 7
68 100 53
68 101 39
68 102 79
68 103 65
68 104 90
68 105 52
68 106 7
68 107 46
69 70 8
69 71 92
69 72 19
69 73 35
69 74 90
69 75 34
69 76 61
69 77 4
69 78 11
69 79 100
69 80 47
69 81 62
69 82 100
69 83 28
69 84 46
69 85 33
69 86 86
69 87 91
69 88 88
69 89 8
69 90 55
69 91 24
69 92 6
69 93 57
69 94 56
69 95 20
69 96 2
69 97 84
69 98 43
69 99 47
69 100 39
69 101 69
69 102 97
69 103 5
69 104 98
69 105 61
69 106 45
69 107 95
70 71 81
70 72 96
70 73 62
70 74 34
70 75 80
70 76 40
70 77 17
70 78 52
70 79 90
70 80 59
70 81 8
70 82 33
70 83 98
70 84 33
70 85 35
70 86 5
70 87 82
70 88 32
70 89 43
70 90 70
70 91 34
70 92 23
70 93 19
70 94 45
70 95 26
70 96 82
70 97 98
70 98 77
70 99 31
70 100 71
70 101 70
70 102 99
70 103 1
70 104 50
70 105 79
70 106 92
70 107 82
71 72 56
71 73 43
71 74 53
71 75 95
71 76 55
71 77 99
71 78 63
71 79 97
71 80 55
71 81 40
71 82 95
71 83 44
71 84 20
71 85 38
71 86 73
71 87 57
71 88 77
71 89 4
71 90 43
71 91 6
71 92 18
71 93 57
71 94 21
71 95 81
71 96 94
71 97 60
71 98 65
71 99 58
71 100 80
71 101 23
71 102 78
71 103 81
71 104 61
71 105 94
71 106 11
71 107 52
72 73 70
72 74 30
72 75 91
72 76 61
72 77 11
72 78 33
72 79 74
72 80 5
72 81 19
72 82 5
72 83 46
72 84 83
72 85 66
72 86 81
72 87 22
72 88 42
72 89 90
72 90 43
72 91 94
72 92 57
72 93 93
72 94 27
72 95 36
72 96 91
72 97 42
72 98 53
72 99 82
72 100 73
72 101 94
72 102 53
72 103 51
72 104 41
72 105 28
72 106 2
72 107 70
73 74 52
73 75 37
73 76 60
73 77 45
73 78 99
73 79 71
73 80 89
73 81 46
73 82 81
73 83 49
73 84 47
73 85 44
73 86 40
73 87 86
73 88 39
73 89 38
73 90 37
73 91 10
73 92 87
73 93 56
73 94 54
73 95 82
73 96 22
73 97 32
73 98 86
73 99 62
73 100 53
73 101 36
73 102 41
73 103 54
73 104 78
73 105 2
73 106 41
73 107 6
74 75 5
74 76 56
74 77 81
74 78 50
74 79 91
74 80 89
74 81 92
74 82 100
74 83 5
74 84 29
74 85 46
74 86 9
74 87 76
74 88 7
74 89 60
74 90 47
74 91 24
74 92 38
74 93 29
74 94 94
74 95 16
74 96 20
74 97 54
74 98 24
74 99 71
74 100 90
74 101 29
74 102 38
74 103 48
74 104 43
74 105 90
74 106 29
74 107 6
75 76 58
75 77 10
75 78 49
75 79 22
75 80 73
75 81 59
75 82 11
75 83 93
75 84 80
75 85 90
75 86 55
75 87 16
75 88 77
75 89 40
75 90 46
75 91 52
75 92 78
75 93 86
75 94 69
75 95 13
75 96 70
75 97 100
75 98 43
75 99 84
75 100 6
75 101 92
75 102 6
75 103 49
75 104 70
75 105 60
75 106 37
75 107 13
76 77 90
76 78 84
76 79 63
76 80 63
76 81 26
76 82 28
76 83 37
76 84 50
76 85 15
76 86 24
76 87 42
76 88 80
76 89 30
76 90 60
76 91 93
76 92 3
76 93 30
76 94 47
76 95 58
76 96 51
76 97 4
76 98 11
76 99 91
76 100 34
76 101 17
76 102 24
76 103 24
76 104 32
76 105 18
76 106 73
76 107 42
77 78 94
77 79 56
77 80 57
77 81 14
77 82 35
77 83 20
77 84 68
77 85 21
77 86 63
77 87 69
77 88 42
77 89 57
77 90 81
77 91 4
77 92 99
77 93 61
77 94 25
77 95 18
77 96 17
77 97 86
77 98 88
77 99 99
77 100 81
77 101 18
77 102 59
77 103 98
77 104 97
77 105 52
77 106 76
77 107 39
78 79 26
78 80 38
78 81 90
78 82 25
78 83 56
78 84 94
78 85 61
78 86 2
78 87 5
78 88 70
78 89 90
78 90 41
78 91 87
78 92 66
78 93 89
78 94 72
78 95 21
78 96 14
78 97 70
78 98 8
78 99 33
78 100 85
78 101 32
78 102 76
78 103 76
78 104 97
78 105 87
78 106 14
78 107 97
79 80 99
79 81 26
79 82 20
79 83 87
79 84 90
79 85 24
79 86 40
79 87 48
79 88 52
79 89 54
79 90 88
79 91 72
79 92 16
79 93 66
79 94 72
79 95 70
79 96 72
79 97 89
79 98 57
79 99 7
79 100 10
79 101 83
79 102 42
79 103 44
79 104 57
79 105 12
79 106 86
79 107 14
80 81 95
80 82 54
80 83 24
80 84 55
80 85 22
80 86 78
80 87 37
80 88 81
80 89 72
80 90 1
80 91 66
80 92 45
80 93 70
80 94 51
80 95 67
80 96 56
80 97 36
80 98 33
80 99 57
80 100 34
80 101 91
80 102 20
80 103 61
80 104 48
80 105 72
80 106 55
80 107 36
81 82 38
81 83 16
81 84 75
81 85 85
81 86 94
81 87 47
81 88 58
81 89 13
81 90 30
81 91 31
81 92 65
81 93 66
81 94 20
81 95 29
81 96 4
81 97 70
81 98 44
81 99 73
81 100 73
81 101 61
81 102 31
81 103 95
81 104 91
81 105 4
81 106 91
81 107 92
82 83 55
82 84 51
82 85 55
82 86 50
82 87 68
82 88 85
82 89 69
82 90 58
82 91 99
82 92 62
82 93 62
82 94 98
82 95 44
82 96 66
82 97 58
82 98 67
82 99 1
82 100 94
82 101 49
82 102 84
82 103 7
82 104 17
82 105 54
82 106 93
82 107 99
83 84 3
83 85 73
83 86 100
83 87 52
83 88 16
83 89 55
83 90 73
83 91 69
83 92 11
83 93 49
83 94 47
83 95 22
83 96 43
83 97 75
83 98 30
83 99 35
83 100 69
83 101 57
83 102 33
83 103 86
83 104 17
83 105 61
83 106 67
83 107 34
84 85 84
84 86 60
84 87 61
84 88 80
84 89 10
84 90 39
84 91 54
84 92 67
84 93 98
84 94 28
84 95 55
84 96 97
84 97 48
84 98 89
84 99 60
84 100 14
84 101 35
84 102 51
84 103 90
84 104 55
84 105 41
84 106 5
84 107 86
85 86 31
85 87 38
85 88 66
85 89 14
85 90 74
85 91 83
85 92 7
85 93 13
85 94 71
85 95 50
85 96 52
85 97 60
85 98 32
85 99 58
85 100 84
85 101 72
85 102 87
85 103 88
85 104 28
85 105 61
85 106 42
85 107 80
86 87 79
86 88 7
86 89 24
86 90 12
86 91 96
86 92 75
86 93 4
86 94 7
86 95 29
86 96 32
86 97 9
86 98 64
86 99 73
86 100 62
86 101 15
86 102 51
86 103 46
86 104 80
86 105 74
86 106 93
86 107 92
87 88 39
87 89 6
87 90 35
87 91 18
87 92 17
87 93 5
87 94 4
87 95 83
87 96 53
87 97 90
87 98 45
87 99 17
87 100 78
87 101 4
87 102 66
87 103 47
87 104 86
87 105 28
87 106 51
87 107 76
88 89 83
88 90 16
88 91 39
88 92 48
88 93 52
88 94 5
88 95 83
88 96 27
88 97 97
88 98 23
88 99 13
88 100 78
88 101 95
88 102 15
88 103 27
88 104 29
88 105 44
88 106 70
88 107 75
89 90 100
89 91 46
89 92 79
89 93 12
89 94 26
89 95 97
89 96 23
89 97 31
89 98 53
89 99 92
89 100 73
89 101 86
89 102 16
89 103 53
89 104 97
89 105 31
89 106 65
89 107 7
90 91 83
90 92 40
90 93 41
90 94 52
90 95 14
90 96 81
90 97 12
90 98 1
90 99 30
90 100 37
90 101 84
90 102 90
90 103 51
90 104 26
90 105 52
90 106 7
90 107 12
91 92 69
91 93 86
91 94 96
91 95 77
91 96 1
91 97 93
91 98 51
91 99 64
91 100 35
91 101 70
91 102 14
91 103 64
91 104 27
91 105 62
91 106 21
91 107 82
92 93 82
92 94 42
92 95 23
92 96 80
92 97 11
92 98 7
92 99 58
92 100 34
92 101 37
92 102 18
92 103 70
92 104 22
92 105 81
92 106 95
92 107 83
93 94 65
93 95 81
93 96 76
93 97 63
93 98 44
93 99 48
93 100 90
93 101 85
93 102 82
93 103 45
93 104 24
93 105 55
93 106 41
93 107 83
94 95 91
94 96 47
94 97 4
94 98 10
94 99 96
94 100 89
94 101 64
94 102 75
94 103 44
94 104 34
94 105 6
94 106 4
94 107 66
95 96 92
95 97 77
95 98 80
95 99 60
95 100 8
95 101 30
95 102 15
95 103 20
95 104 3
95 105 20
95 106 56
95 107 75
96 97 18
96 98 89
96 99 90
96 100 15
96 101 96
96 102 17
96 103 75
96 104 32
96 105 71
96 106 66
96 107 74
97 98 99
97 99 90
97 100 28
97 101 77
97 102 52
97 103 23
97 104 88
97 105 53
97 106 87
97 107 36
98 99 70
98 100 47
98 101 49
98 102 11
98 103 49
98 104 77
98 105 69
98 106 55
98 107 36
99 100 42
99 101 34
99 102 35
99 103 9
99 104 76
99 105 85
99 106 71
99 107 9
100 101 37
100 102 80
100 103 36
100 104 13
100 105 93
100 106 66
100 107 14
101 102 100
101 103 21
101 104 53
101 105 51
101 106 35
101 107 74
102 103 88
102 104 77
102 105 80
102 106 89
102 107 81
103 104 34
103 105 25
103 106 60
103 107 15
104 105 55
104 106 60
104 107 66
105 106 92
105 107 89
106 107 5
