26 325 25
1 2 44
1 3 55
1 4 36
1 5 16
1 6 70
1 7 47
1 8 21
1 9 36
1 10 67
1 11 4
1 12 11
1 13 34
1 14 31
1 15 50
1 16 56
1 17 2
1 18 75
1 19 56
1 20 44
1 21 22
1 22 82
1 23 9
1 24 45
1 25 95
1 26 41
2 3 32
2 4 31
2 5 45
2 6 59
2 7 22
2 8 95
2 9 81
2 10 57
2 11 89
2 12 74
2 13 37
2 14 70
2 15 60
2 16 58
2 17 50
2 18 55
2 19 14
2 20 35
2 21 84
2 22 28
2 23 63
2 24 14
2 25 30
2 26 64
3 4 25
3 5 20
3 6 15
3 7 20
3 8 23
3 9 41
3 10 48
3 11 52
3 12 23
3 13 30
3 14 69
3 15 30
3 16 54
3 17 47
3 18 47
3 19 30
3 20 7
3 21 6
3 22 50
3 23 58
3 24 40
3 25 98
3 26 28
4 5 95
4 6 98
4 7 29
4 8 67
4 9 97
4 10 70
4 11 24
4 12 40
4 13 84
4 14 24
4 15 37
4 16 56
4 17 65
4 18 10
4 19 79
4 20 93
4 21 88
4 22 52
4 23 15
4 24 49
4 25 53
4 26 89
5 6 46
5 7 60
5 8 94
5 9 95
5 10 96
5 11 83
5 12 81
5 13 63
5 14 62
5 15 65
5 16 74
5 17 33
5 18 24
5 19 26
5 20 5
5 21 27
5 22 82
5 23 67
5 24 93
5 25 5
5 26 93
6 7 48
6 8 82
6 9 78
6 10 49
6 11 66
6 12 99
6 13 80
6 14 54
6 15 3
6 16 72
6 17 96
6 18 23
6 19 64
6 20 46
6 21 44
6 22 57
6 23 63
6 24 12
6 25 39
6 26 100
7 8 97
7 9 81
7 10 56
7 11 84
7 12 70
7 13 68
7 14 81
7 15 90
7 16 86
7 17 43
7 18 78
7 19 35
7 20 62
7 21 41
7 22 60
7 23 44
7 24 13
7 25 4
7 26 68
8 9 37
8 10 14
8 11 95
8 12 84
8 13 47
8 14 43
8 15 71
8 16 33
8 17 95
8 18 68
8 19 40
8 20 45
8 21 11
8 22 51
8 23 14
8 24 94
8 25 53
8 26 62
9 10 71
9 11 14
9 12 21
9 13 40
9 14 33
9 15 80
9 16 10
9 17 66
9 18 54
9 19 86
9 20 34
9 21 96
9 22 81
9 23 7
9 24 53
9 25 85
9 26 3
10 11 34
10 12 12
10 13 24
10 14 95
10 15 84
10 16 20
10 17 90
10 18 90
10 19 16
10 20 69
10 21 92
10 22 86
10 23 18
10 24 41
10 25 98
10 26 28
11 12 44
11 13 17
11 14 42
11 15 14
11 16 21
11 17 79
11 18 56
11 19 23
11 20 64
11 21 31
11 22 73
11 23 15
11 24 65
11 25 54
11 26 83
12 13 35
12 14 73
12 15 63
12 16 22
12 17 36
12 18 67
12 19 6
12 20 47
12 21 70
12 22 6
12 23 84
12 24 18
12 25 23
12 26 45
13 14 44
13 15 26
13 16 60
13 17 36
13 18 18
13 19 89
13 20 85
13 21 74
13 22 88
13 23 14
13 24 49
13 25 79
13 26 59
14 15 91
14 16 72
14 17 2
14 18 59
14 19 45
14 20 22
14 21 3
14 22 19
14 23 25
14 24 37
14 25 58
14 26 95
15 16 28
15 17 57
15 18 83
15 19 61
15 20 55
15 21 60
15 22 93
15 23 26
15 24 90
15 25 56
15 26 92
16 17 28
16 18 74
16 19 60
16 20 35
16 21 7
16 22 79
16 23 26
16 24 42
16 25 12
16 26 42
17 18 52
17 19 95
17 20 76
17 21 67
17 22 39
17 23 73
17 24 36
17 25 31
17 26 40
18 19 98
18 20 18
18 21 67
18 22 66
18 23 54
18 24 11
18 25 72
18 26 77
19 20 93
19 21 13
19 22 79
19 23 57
19 24 25
19 25 77
19 26 24
20 21 35
20 22 64
20 23 3
20 24 85
20 25 83
20 26 91
21 22 9
21 23 78
21 24 13
21 25 13
21 26 1
22 23 15
22 24 37
22 25 42
22 26 21
23 24 82
23 25 30
23 26 98
24 25 47
24 26 93
25 26 9
