102 5151 101
1 2 92
1 3 37
1 4 59
1 5 47
1 6 82
1 7 4
1 8 53
1 9 76
1 10 43
1 11 24
1 12 22
1 13 33
1 14 28
1 15 15
1 16 12
1 17 94
1 18 70
1 19 40
1 20 2
1 21 84
1 22 98
1 23 68
1 24 92
1 25 22
1 26 67
1 27 13
1 28 4
1 29 28
1 30 78
1 31 34
1 32 70
1 33 85
1 34 17
1 35 52
1 36 6
1 37 8
1 38 14
1 39 86
1 40 83
1 41 63
1 42 67
1 43 87
1 44 61
1 45 10
1 46 41
1 47 69
1 48 49
1 49 79
1 50 96
1 51 71
1 52 22
1 53 82
1 54 62
1 55 56
1 56 28
1 57 26
1 58 31
1 59 2
1 60 53
1 61 79
1 62 64
1 63 11
1 64 16
1 65 35
1 66 49
1 67 9
1 68 1
1 69 3
1 70 70
1 71 45
1 72 87
1 73 47
1 74 39
1 75 63
1 76 46
1 77 8
1 78 60
1 79 25
1 80 90
1 81 37
1 82 11
1 83 14
1 84 42
1 85 54
1 86 35
1 87 30
1 88 16
1 89 33
1 90 51
1 91 23
1 92 61
1 93 99
1 94 52
1 95 20
1 96 47
1 97 83
1 98 98
1 99 56
1 100 19
1 101 98
1 102 62
2 3 80
2 4 63
2 5 99
2 6 73
2 7 48
2 8 47
2 9 59
2 10 53
2 11 16
2 12 99
2 13 72
2 14 28
2 15 18
2 16 16
2 17 73
2 18 96
2 19 51
2 20 76
2 21 63
2 22 40
2 23 75
2 24 34
2 25 86
2 26 11
2 27 59
2 28 28
2 29 33
2 30 52
2 31 60
2 32 40
2 33 39
2 34 44
2 35 29
2 36 22
2 37 42
2 38 23
2 39 42
2 40 27
2 41 7
2 42 36
2 43 54
2 44 45
2 45 87
2 46 9
2 47 26
2 48 91
2 49 96
2 50 73
2 51 87
2 52 11
2 53 38
2 54 95
2 55 22
2 56 7
2 57 18
2 58 63
2 59 67
2 60 3
2 61 34
2 62 24
2 63 45
2 64 75
2 65 5
2 66 9
2 67 98
2 68 96
2 69 24
2 70 21
2 71 51
2 72 97
2 73 37
2 74 34
2 75 67
2 76 84
2 77 91
2 78 95
2 79 77
2 80 99
2 81 72
2 82 63
2 83 70
2 84 10
2 85 74
2 86 66
2 87 69
2 88 12
2 89 22
2 90 5
2 91 34
2 92 80
2 93 12
2 94 49
2 95 60
2 96 19
2 97 42
2 98 61
2 99 20
2 100 18
2 101 88
2 102 7
3 4 52
3 5 100
3 6 54
3 7 84
3 8 44
3 9 66
3 10 14
3 11 78
3 12 24
3 13 19
3 14 61
3 15 68
3 16 32
3 17 34
3 18 94
3 19 42
3 20 72
3 21 15
3 22 94
3 23 32
3 24 59
3 25 40
3 26 72
3 27 29
3 28 58
3 29 74
3 30 68
3 31 83
3 32 3
3 33 8
3 34 48
3 35 40
3 36 75
3 37 89
3 38 80
3 39 21
3 40 44
3 41 68
3 42 15
3 43 35
3 44 92
3 45 19
3 46 53
3 47 53
3 48 38
3 49 89
3 50 39
3 51 96
3 52 86
3 53 79
3 54 41
3 55 84
3 56 58
3 57 46
3 58 44
3 59 14
3 60 94
3 61 32
3 62 39
3 63 42
3 64 70
3 65 49
3 66 84
3 67 85
3 68 76
3 69 58
3 70 78
3 71 1
3 72 67
3 73 9
3 74 2
3 75 85
3 76 22
3 77 25
3 78 30
3 79 84
3 80 39
3 81 39
3 82 39
3 83 9
3 84 60
3 85 61
3 86 36
3 87 97
3 88 1
3 89 6
3 90 7
3 91 28
3 92 38
3 93 91
3 94 36
3 95 48
3 96 4
3 97 1
3 98 53
3 99 84
3 100 7
3 101 88
3 102 40
4 5 75
4 6 30
4 7 38
4 8 52
4 9 13
4 10 37
4 11 35
4 12 33
4 13 21
4 14 69
4 15 57
4 16 90
4 17 26
4 18 95
4 19 90
4 20 85
4 21 88
4 22 3
4 23 65
4 24 100
4 25 13
4 26 7
4 27 45
4 28 4
4 29 11
4 30 87
4 31 36
4 32 5
4 33 50
4 34 21
4 35 51
4 36 48
4 37 77
4 38 32
4 39 56
4 40 84
4 41 82
4 42 33
4 43 44
4 44 52
4 45 8
4 46 90
4 47 5
4 48 45
4 49 77
4 50 16
4 51 34
4 52 5
4 53 85
4 54 95
4 55 38
4 56 46
4 57 6
4 58 98
4 59 62
4 60 99
4 61 51
4 62 71
4 63 1
4 64 78
4 65 56
4 66 7
4 67 13
4 68 9
4 69 100
4 70 70
4 71 79
4 72 34
4 73 31
4 74 67
4 75 59
4 76 85
4 77 13
4 78 7
4 79 20
4 80 3
4 81 44
4 82 92
4 83 37
4 84 30
4 85 92
4 86 6
4 87 66
4 88 73
4 89 89
4 90 16
4 91 53
4 92 16
4 93 2
4 94 47
4 95 73
4 96 71
4 97 81
4 98 39
4 99 85
4 100 88
4 101 11
4 102 15
5 6 28
5 7 78
5 8 72
5 9 100
5 10 81
5 11 93
5 12 38
5 13 59
5 14 42
5 15 100
5 16 20
5 17 16
5 18 60
5 19 27
5 20 33
5 21 69
5 22 100
5 23 46
5 24 4
5 25 86
5 26 66
5 27 18
5 28 71
5 29 37
5 30 19
5 31 97
5 32 5
5 33 49
5 34 85
5 35 8
5 36 8
5 37 60
5 38 30
5 39 48
5 40 40
5 41 87
5 42 93
5 43 47
5 44 54
5 45 14
5 46 13
5 47 5
5 48 93
5 49 63
5 50 71
5 51 44
5 52 70
5 53 27
5 54 28
5 55 88
5 56 74
5 57 92
5 58 21
5 59 56
5 60 21
5 61 32
5 62 44
5 63 25
5 64 29
5 65 23
5 66 15
5 67 64
5 68 23
5 69 15
5 70 52
5 71 23
5 72 56
5 73 64
5 74 60
5 75 71
5 76 68
5 77 29
5 78 65
5 79 40
5 80 88
5 81 47
5 82 17
5 83 17
5 84 76
5 85 32
5 86 94
5 87 13
5 88 68
5 89 33
5 90 55
5 91 50
5 92 65
5 93 33
5 94 78
5 95 99
5 96 68
5 97 5
5 98 78
5 99 37
5 100 82
5 101 93
5 102 87
6 7 86
6 8 49
6 9 40
6 10 54
6 11 72
6 12 3
6 13 64
6 14 47
6 15 74
6 16 49
6 17 48
6 18 43
6 19 6
6 20 46
6 21 52
6 22 66
6 23 26
6 24 59
6 25 72
6 26 4
6 27 48
6 28 46
6 29 45
6 30 71
6 31 84
6 32 19
6 33 1
6 34 49
6 35 52
6 36 65
6 37 96
6 38 92
6 39 65
6 40 32
6 41 26
6 42 28
6 43 22
6 44 48
6 45 60
6 46 31
6 47 66
6 48 63
6 49 32
6 50 55
6 51 99
6 52 83
6 53 5
6 54 98
6 55 100
6 56 99
6 57 78
6 58 55
6 59 2
6 60 56
6 61 38
6 62 31
6 63 26
6 64 35
6 65 93
6 66 29
6 67 23
6 68 42
6 69 14
6 70 12
6 71 22
6 72 8
6 73 64
6 74 7
6 75 49
6 76 83
6 77 16
6 78 56
6 79 11
6 80 88
6 81 74
6 82 54
6 83 69
6 84 65
6 85 4
6 86 74
6 87 57
6 88 85
6 89 35
6 90 79
6 91 42
6 92 13
6 93 61
6 94 40
6 95 45
6 96 18
6 97 25
6 98 94
6 99 39
6 100 29
6 101 85
6 102 39
7 8 21
7 9 35
7 10 76
7 11 74
7 12 65
7 13 29
7 14 37
7 15 56
7 16 10
7 17 82
7 18 29
7 19 98
7 20 83
7 21 76
7 22 67
7 23 5
7 24 28
7 25 4
7 26 20
7 27 89
7 28 28
7 29 32
7 30 31
7 31 3
7 32 72
7 33 46
7 34 80
7 35 37
7 36 86
7 37 90
7 38 31
7 39 46
7 40 28
7 41 99
7 42 6
7 43 88
7 44 41
7 45 68
7 46 96
7 47 61
7 48 26
7 49 26
7 50 1
7 51 74
7 52 76
7 53 31
7 54 34
7 55 34
7 56 21
7 57 98
7 58 18
7 59 14
7 60 55
7 61 92
7 62 64
7 63 62
7 64 15
7 65 10
7 66 53
7 67 15
7 68 17
7 69 73
7 70 13
7 71 1
7 72 43
7 73 78
7 74 17
7 75 11
7 76 43
7 77 6
7 78 57
7 79 92
7 80 45
7 81 28
7 82 56
7 83 34
7 84 91
7 85 82
7 86 49
7 87 65
7 88 92
7 89 36
7 90 10
7 91 42
7 92 32
7 93 67
7 94 3
7 95 91
7 96 60
7 97 58
7 98 35
7 99 58
7 100 6
7 101 29
7 102 81
8 9 34
8 10 51
8 11 14
8 12 59
8 13 88
8 14 35
8 15 82
8 16 25
8 17 61
8 18 5
8 19 39
8 20 93
8 21 43
8 22 10
8 23 25
8 24 90
8 25 62
8 26 92
8 27 32
8 28 61
8 29 16
8 30 55
8 31 69
8 32 31
8 33 9
8 34 20
8 35 72
8 36 89
8 37 100
8 38 22
8 39 29
8 40 57
8 41 14
8 42 41
8 43 15
8 44 33
8 45 95
8 46 85
8 47 32
8 48 7
8 49 58
8 50 90
8 51 72
8 52 82
8 53 60
8 54 97
8 55 70
8 56 8
8 57 11
8 58 61
8 59 69
8 60 2
8 61 37
8 62 25
8 63 28
8 64 24
8 65 6
8 66 10
8 67 89
8 68 76
8 69 19
8 70 75
8 71 36
8 72 41
8 73 19
8 74 27
8 75 81
8 76 14
8 77 67
8 78 2
8 79 68
8 80 84
8 81 10
8 82 53
8 83 39
8 84 98
8 85 9
8 86 35
8 87 92
8 88 7
8 89 7
8 90 16
8 91 70
8 92 40
8 93 27
8 94 74
8 95 1
8 96 36
8 97 26
8 98 68
8 99 58
8 100 99
8 101 33
8 102 21
9 10 22
9 11 36
9 12 46
9 13 69
9 14 38
9 15 78
9 16 11
9 17 11
9 18 95
9 19 6
9 20 34
9 21 23
9 22 48
9 23 23
9 24 17
9 25 43
9 26 14
9 27 87
9 28 75
9 29 77
9 30 50
9 31 95
9 32 76
9 33 64
9 34 18
9 35 12
9 36 79
9 37 50
9 38 82
9 39 62
9 40 36
9 41 61
9 42 71
9 43 19
9 44 46
9 45 78
9 46 52
9 47 7
9 48 93
9 49 54
9 50 87
9 51 41
9 52 62
9 53 17
9 54 28
9 55 45
9 56 8
9 57 48
9 58 32
9 59 67
9 60 10
9 61 45
9 62 48
9 63 2
9 64 41
9 65 25
9 66 57
9 67 59
9 68 83
9 69 40
9 70 86
9 71 33
9 72 88
9 73 26
9 74 13
9 75 6
9 76 77
9 77 83
9 78 38
9 79 69
9 80 37
9 81 44
9 82 35
9 83 92
9 84 25
9 85 5
9 86 6
9 87 15
9 88 43
9 89 20
9 90 91
9 91 95
9 92 51
9 93 6
9 94 34
9 95 81
9 96 98
9 97 38
9 98 62
9 99 33
9 100 71
9 101 57
9 102 34
10 11 72
10 12 84
10 13 27
10 14 40
10 15 82
10 16 94
10 17 2
10 18 46
10 19 67
10 20 90
10 21 11
10 22 27
10 23 92
10 24 11
10 25 90
10 26 65
10 27 13
10 28 68
10 29 66
10 30 14
10 31 79
10 32 96
10 33 61
10 34 99
10 35 8
10 36 61
10 37 85
10 38 79
10 39 47
10 40 43
10 41 25
10 42 97
10 43 13
10 44 8
10 45 39
10 46 11
10 47 76
10 48 22
10 49 8
10 50 52
10 51 19
10 52 90
10 53 30
10 54 99
10 55 38
10 56 98
10 57 42
10 58 15
10 59 20
10 60 65
10 61 85
10 62 9
10 63 94
10 64 72
10 65 23
10 66 81
10 67 99
10 68 15
10 69 29
10 70 11
10 71 48
10 72 64
10 73 100
10 74 4
10 75 33
10 76 72
10 77 55
10 78 6
10 79 100
10 80 93
10 81 91
10 82 84
10 83 8
10 84 46
10 85 64
10 86 9
10 87 84
10 88 95
10 89 25
10 90 3
10 91 4
10 92 41
10 93 73
10 94 86
10 95 78
10 96 68
10 97 6
10 98 21
10 99 78
10 100 6
10 101 82
10 102 98
11 12 16
11 13 45
11 14 57
11 15 97
11 16 84
11 17 93
11 18 68
11 19 3
11 20 8
11 21 36
11 22 33
11 23 24
11 24 70
11 25 63
11 26 31
11 27 77
11 28 33
11 29 58
11 30 96
11 31 77
11 32 27
11 33 83
11 34 47
11 35 87
11 36 32
11 37 79
11 38 70
11 39 46
11 40 36
11 41 11
11 42 8
11 43 55
11 44 35
11 45 6
11 46 90
11 47 96
11 48 48
11 49 48
11 50 3
11 51 63
11 52 43
11 53 49
11 54 27
11 55 42
11 56 65
11 57 61
11 58 49
11 59 97
11 60 70
11 61 23
11 62 51
11 63 40
11 64 82
11 65 36
11 66 30
11 67 14
11 68 90
11 69 79
11 70 47
11 71 46
11 72 4
11 73 13
11 74 22
11 75 47
11 76 51
11 77 98
11 78 99
11 79 60
11 80 39
11 81 4
11 82 17
11 83 15
11 84 10
11 85 43
11 86 43
11 87 56
11 88 48
11 89 39
11 90 22
11 91 34
11 92 28
11 93 49
11 94 11
11 95 27
11 96 24
11 97 18
11 98 19
11 99 26
11 100 13
11 101 31
11 102 16
12 13 30
12 14 20
12 15 85
12 16 18
12 17 14
12 18 39
12 19 22
12 20 31
12 21 82
12 22 90
12 23 79
12 24 70
12 25 88
12 26 18
12 27 29
12 28 24
12 29 12
12 30 7
12 31 45
12 32 89
12 33 23
12 34 40
12 35 64
12 36 44
12 37 28
12 38 47
12 39 78
12 40 7
12 41 20
12 42 8
12 43 41
12 44 100
12 45 67
12 46 33
12 47 51
12 48 47
12 49 41
12 50 33
12 51 81
12 52 81
12 53 26
12 54 79
12 55 67
12 56 94
12 57 65
12 58 90
12 59 68
12 60 77
12 61 53
12 62 50
12 63 85
12 64 23
12 65 78
12 66 6
12 67 82
12 68 75
12 69 83
12 70 58
12 71 96
12 72 85
12 73 8
12 74 65
12 75 56
12 76 86
12 77 27
12 78 17
12 79 23
12 80 50
12 81 35
12 82 17
12 83 54
12 84 61
12 85 32
12 86 55
12 87 67
12 88 33
12 89 14
12 90 19
12 91 21
12 92 1
12 93 63
12 94 86
12 95 90
12 96 48
12 97 21
12 98 24
12 99 82
12 100 70
12 101 4
12 102 41
13 14 31
13 15 59
13 16 77
13 17 68
13 18 66
13 19 24
13 20 37
13 21 69
13 22 22
13 23 43
13 24 27
13 25 31
13 26 14
13 27 10
13 28 10
13 29 60
13 30 26
13 31 48
13 32 61
13 33 66
13 34 21
13 35 92
13 36 90
13 37 59
13 38 90
13 39 13
13 40 60
13 41 44
13 42 87
13 43 96
13 44 6
13 45 16
13 46 98
13 47 9
13 48 74
13 49 42
13 50 13
13 51 28
13 52 13
13 53 99
13 54 22
13 55 14
13 56 43
13 57 53
13 58 46
13 59 1
13 60 53
13 61 26
13 62 42
13 63 2
13 64 42
13 65 85
13 66 96
13 67 27
13 68 33
13 69 50
13 70 92
13 71 35
13 72 26
13 73 84
13 74 23
13 75 47
13 76 27
13 77 61
13 78 12
13 79 40
13 80 74
13 81 69
13 82 63
13 83 82
13 84 48
13 85 53
13 86 98
13 87 71
13 88 52
13 89 25
13 90 67
13 91 91
13 92 16
13 93 23
13 94 19
13 95 10
13 96 48
13 97 46
13 98 94
13 99 55
13 100 47
13 101 7
13 102 76
14 15 12
14 16 14
14 17 94
14 18 75
14 19 83
14 20 96
14 21 22
14 22 98
14 23 33
14 24 7
14 25 19
14 26 20
14 27 71
14 28 20
14 29 84
14 30 55
14 31 18
14 32 45
14 33 34
14 34 77
14 35 27
14 36 28
14 37 18
14 38 12
14 39 55
14 40 98
14 41 52
14 42 8
14 43 99
14 44 72
14 45 37
14 46 36
14 47 61
14 48 15
14 49 16
14 50 6
14 51 27
14 52 11
14 53 90
14 54 65
14 55 78
14 56 39
14 57 23
14 58 44
14 59 45
14 60 85
14 61 23
14 62 70
14 63 20
14 64 71
14 65 63
14 66 28
14 67 34
14 68 3
14 69 49
14 70 50
14 71 64
14 72 5
14 73 91
14 74 35
14 75 12
14 76 60
14 77 48
14 78 59
14 79 8
14 80 96
14 81 51
14 82 65
14 83 3
14 84 55
14 85 19
14 86 86
14 87 53
14 88 52
14 89 12
14 90 95
14 91 69
14 92 46
14 93 34
14 94 89
14 95 40
14 96 9
14 97 23
14 98 59
14 99 55
14 100 95
14 101 16
14 102 60
15 16 70
15 17 84
15 18 100
15 19 16
15 20 73
15 21 46
15 22 93
15 23 36
15 24 92
15 25 39
15 26 81
15 27 73
15 28 67
15 29 11
15 30 60
15 31 81
15 32 83
15 33 2
15 34 72
15 35 35
15 36 83
15 37 100
15 38 15
15 39 23
15 40 38
15 41 31
15 42 70
15 43 8
15 44 72
15 45 7
15 46 21
15 47 43
15 48 95
15 49 5
15 50 60
15 51 6
15 52 56
15 53 97
15 54 95
15 55 57
15 56 1
15 57 37
15 58 97
15 59 21
15 60 48
15 61 51
15 62 4
15 63 72
15 64 48
15 65 63
15 66 66
15 67 43
15 68 86
15 69 68
15 70 27
15 71 15
15 72 5
15 73 25
15 74 31
15 75 49
15 76 35
15 77 29
15 78 73
15 79 5
15 80 50
15 81 56
15 82 17
15 83 16
15 84 3
15 85 39
15 86 14
15 87 84
15 88 23
15 89 35
15 90 36
15 91 2
15 92 71
15 93 18
15 94 46
15 95 35
15 96 63
15 97 7
15 98 8
15 99 90
15 100 28
15 101 13
15 102 83
16 17 52
16 18 61
16 19 70
16 20 82
16 21 41
16 22 17
16 23 39
16 24 49
16 25 62
16 26 47
16 27 66
16 28 27
16 29 44
16 30 13
16 31 96
16 32 70
16 33 4
16 34 61
16 35 70
16 36 42
16 37 63
16 38 59
16 39 61
16 40 35
16 41 50
16 42 28
16 43 71
16 44 78
16 45 65
16 46 26
16 47 34
16 48 76
16 49 20
16 50 23
16 51 76
16 52 5
16 53 7
16 54 65
16 55 24
16 56 10
16 57 66
16 58 55
16 59 67
16 60 64
16 61 99
16 62 71
16 63 28
16 64 1
16 65 39
16 66 93
16 67 9
16 68 22
16 69 89
16 70 76
16 71 30
16 72 7
16 73 76
16 74 29
16 75 87
16 76 66
16 77 85
16 78 27
16 79 44
16 80 59
16 81 51
16 82 26
16 83 9
16 84 64
16 85 52
16 86 87
16 87 93
16 88 59
16 89 72
16 90 78
16 91 96
16 92 30
16 93 84
16 94 29
16 95 75
16 96 43
16 97 92
16 98 100
16 99 65
16 100 95
16 101 42
16 102 6
17 18 93
17 19 38
17 20 13
17 21 46
17 22 100
17 23 74
17 24 24
17 25 60
17 26 15
17 27 15
17 28 57
17 29 100
17 30 15
17 31 21
17 32 1
17 33 13
17 34 63
17 35 15
17 36 78
17 37 71
17 38 84
17 39 39
17 40 59
17 41 7
17 42 71
17 43 57
17 44 61
17 45 100
17 46 65
17 47 60
17 48 48
17 49 46
17 50 92
17 51 19
17 52 86
17 53 27
17 54 30
17 55 5
17 56 74
17 57 95
17 58 53
17 59 48
17 60 70
17 61 43
17 62 83
17 63 14
17 64 16
17 65 44
17 66 2
17 67 8
17 68 64
17 69 31
17 70 93
17 71 97
17 72 59
17 73 100
17 74 88
17 75 18
17 76 72
17 77 43
17 78 98
17 79 28
17 80 15
17 81 20
17 82 85
17 83 48
17 84 26
17 85 35
17 86 15
17 87 61
17 88 54
17 89 23
17 90 14
17 91 45
17 92 29
17 93 73
17 94 28
17 95 40
17 96 1
17 97 35
17 98 99
17 99 18
17 100 96
17 101 57
17 102 64
18 19 56
18 20 75
18 21 89
18 22 38
18 23 75
18 24 70
18 25 47
18 26 66
18 27 99
18 28 98
18 29 92
18 30 50
18 31 27
18 32 39
18 33 47
18 34 90
18 35 1
18 36 97
18 37 26
18 38 21
18 39 68
18 40 61
18 41 52
18 42 76
18 43 76
18 44 57
18 45 85
18 46 83
18 47 44
18 48 45
18 49 1
18 50 46
18 51 55
18 52 92
18 53 91
18 54 9
18 55 21
18 56 30
18 57 25
18 58 78
18 59 70
18 60 17
18 61 72
18 62 6
18 63 60
18 64 67
18 65 45
18 66 28
18 67 61
18 68 34
18 69 23
18 70 37
18 71 13
18 72 62
18 73 58
18 74 86
18 75 90
18 76 6
18 77 95
18 78 70
18 79 80
18 80 17
18 81 5
18 82 26
18 83 71
18 84 18
18 85 33
18 86 35
18 87 61
18 88 62
18 89 2
18 90 70
18 91 59
18 92 65
18 93 15
18 94 32
18 95 15
18 96 94
18 97 47
18 98 32
18 99 58
18 100 99
18 101 38
18 102 31
19 20 97
19 21 67
19 22 42
19 23 38
19 24 47
19 25 14
19 26 20
19 27 17
19 28 27
19 29 18
19 30 69
19 31 95
19 32 5
19 33 10
19 34 14
19 35 24
19 36 85
19 37 37
19 38 63
19 39 39
19 40 1
19 41 100
19 42 11
19 43 28
19 44 69
19 45 83
19 46 77
19 47 10
19 48 19
19 49 9
19 50 78
19 51 98
19 52 85
19 53 68
19 54 83
19 55 60
19 56 72
19 57 83
19 58 88
19 59 98
19 60 100
19 61 5
19 62 1
19 63 6
19 64 91
19 65 34
19 66 22
19 67 98
19 68 16
19 69 21
19 70 85
19 71 6
19 72 84
19 73 46
19 74 27
19 75 29
19 76 35
19 77 14
19 78 6
19 79 18
19 80 52
19 81 52
19 82 41
19 83 98
19 84 27
19 85 52
19 86 24
19 87 84
19 88 72
19 89 33
19 90 41
19 91 1
19 92 11
19 93 94
19 94 53
19 95 88
19 96 1
19 97 66
19 98 81
19 99 87
19 100 51
19 101 46
19 102 85
20 21 73
20 22 100
20 23 45
20 24 5
20 25 24
20 26 58
20 27 46
20 28 62
20 29 97
20 30 49
20 31 70
20 32 38
20 33 29
20 34 18
20 35 59
20 36 19
20 37 50
20 38 85
20 39 89
20 40 11
20 41 85
20 42 20
20 43 42
20 44 15
20 45 87
20 46 66
20 47 84
20 48 97
20 49 77
20 50 29
20 51 24
20 52 89
20 53 29
20 54 57
20 55 84
20 56 27
20 57 74
20 58 23
20 59 33
20 60 20
20 61 6
20 62 15
20 63 58
20 64 33
20 65 4
20 66 41
20 67 84
20 68 40
20 69 72
20 70 44
20 71 59
20 72 85
20 73 66
20 74 18
20 75 87
20 76 12
20 77 3
20 78 40
20 79 34
20 80 16
20 81 74
20 82 10
20 83 67
20 84 61
20 85 34
20 86 7
20 87 54
20 88 55
20 89 63
20 90 90
20 91 28
20 92 43
20 93 12
20 94 75
20 95 87
20 96 98
20 97 39
20 98 62
20 99 58
20 100 1
20 101 30
20 102 24
21 22 28
21 23 16
21 24 73
21 25 10
21 26 97
21 27 59
21 28 99
21 29 85
21 30 93
21 31 54
21 32 2
21 33 52
21 34 12
21 35 43
21 36 80
21 37 16
21 38 7
21 39 95
21 40 52
21 41 19
21 42 31
21 43 29
21 44 88
21 45 62
21 46 69
21 47 57
21 48 14
21 49 45
21 50 87
21 51 53
21 52 96
21 53 2
21 54 76
21 55 10
21 56 31
21 57 86
21 58 30
21 59 13
21 60 46
21 61 7
21 62 27
21 63 46
21 64 93
21 65 55
21 66 27
21 67 1
21 68 93
21 69 10
21 70 50
21 71 62
21 72 25
21 73 62
21 74 44
21 75 62
21 76 48
21 77 4
21 78 19
21 79 92
21 80 32
21 81 91
21 82 43
21 83 58
21 84 25
21 85 85
21 86 67
21 87 37
21 88 44
21 89 96
21 90 38
21 91 31
21 92 89
21 93 56
21 94 64
21 95 66
21 96 30
21 97 41
21 98 67
21 99 73
21 100 78
21 101 80
21 102 99
22 23 77
22 24 48
22 25 25
22 26 48
22 27 10
22 28 55
22 29 8
22 30 32
22 31 52
22 32 59
22 33 57
22 34 8
22 35 24
22 36 14
22 37 91
22 38 35
22 39 90
22 40 53
22 41 89
22 42 18
22 43 58
22 44 1
22 45 91
22 46 79
22 47 4
22 48 84
22 49 5
22 50 73
22 51 100
22 52 3
22 53 70
22 54 70
22 55 52
22 56 42
22 57 19
22 58 56
22 59 87
22 60 37
22 61 69
22 62 58
22 63 26
22 64 27
22 65 49
22 66 91
22 67 62
22 68 81
22 69 68
22 70 14
22 71 85
22 72 82
22 73 93
22 74 63
22 75 81
22 76 99
22 77 26
22 78 33
22 79 94
22 80 81
22 81 50
22 82 48
22 83 27
22 84 18
22 85 91
22 86 57
22 87 35
22 88 13
22 89 73
22 90 20
22 91 63
22 92 52
22 93 53
22 94 5
22 95 73
22 96 52
22 97 82
22 98 38
22 99 10
22 100 19
22 101 95
22 102 24
23 24 54
23 25 32
23 26 89
23 27 71
23 28 18
23 29 52
23 30 65
23 31 88
23 32 58
23 33 46
23 34 75
23 35 15
23 36 77
23 37 75
23 38 3
23 39 57
23 40 93
23 41 44
23 42 33
23 43 54
23 44 64
23 45 50
23 46 17
23 47 69
23 48 97
23 49 88
23 50 24
23 51 100
23 52 20
23 53 75
23 54 15
23 55 32
23 56 42
23 57 92
23 58 12
23 59 95
23 60 28
23 61 80
23 62 61
23 63 16
23 64 45
23 65 60
23 66 47
23 67 81
23 68 12
23 69 4
23 70 92
23 71 15
23 72 76
23 73 58
23 74 76
23 75 46
23 76 5
23 77 68
23 78 36
23 79 52
23 80 27
23 81 66
23 82 13
23 83 28
23 84 3
23 85 64
23 86 46
23 87 35
23 88 97
23 89 88
23 90 16
23 91 31
23 92 67
23 93 65
23 94 78
23 95 69
23 96 100
23 97 33
23 98 17
23 99 42
23 100 56
23 101 32
23 102 62
24 25 93
24 26 91
24 27 82
24 28 43
24 29 38
24 30 38
24 31 97
24 32 76
24 33 83
24 34 18
24 35 68
24 36 35
24 37 51
24 38 59
24 39 3
24 40 88
24 41 47
24 42 23
24 43 40
24 44 26
24 45 3
24 46 45
24 47 17
24 48 89
24 49 57
24 50 70
24 51 63
24 52 69
24 53 44
24 54 74
24 55 51
24 56 99
24 57 49
24 58 5
24 59 6
24 60 82
24 61 74
24 62 96
24 63 93
24 64 2
24 65 72
24 66 39
24 67 94
24 68 18
24 69 6
24 70 22
24 71 45
24 72 17
24 73 35
24 74 68
24 75 7
24 76 80
24 77 7
24 78 51
24 79 98
24 80 61
24 81 92
24 82 32
24 83 10
24 84 53
24 85 75
24 86 53
24 87 60
24 88 33
24 89 45
24 90 86
24 91 54
24 92 39
24 93 84
24 94 37
24 95 93
24 96 53
24 97 40
24 98 25
24 99 6
24 100 43
24 101 32
24 102 90
25 26 59
25 27 19
25 28 15
25 29 20
25 30 97
25 31 30
25 32 74
25 33 43
25 34 47
25 35 96
25 36 18
25 37 72
25 38 9
25 39 50
25 40 74
25 41 38
25 42 87
25 43 92
25 44 19
25 45 89
25 46 93
25 47 49
25 48 96
25 49 80
25 50 29
25 51 3
25 52 18
25 53 27
25 54 8
25 55 32
25 56 70
25 57 66
25 58 59
25 59 33
25 60 42
25 61 18
25 62 57
25 63 37
25 64 18
25 65 15
25 66 19
25 67 56
25 68 48
25 69 31
25 70 57
25 71 1
25 72 55
25 73 66
25 74 11
25 75 96
25 76 30
25 77 31
25 78 24
25 79 88
25 80 18
25 81 25
25 82 8
25 83 77
25 84 21
25 85 33
25 86 20
25 87 58
25 88 96
25 89 55
25 90 75
25 91 90
25 92 14
25 93 26
25 94 70
25 95 37
25 96 13
25 97 61
25 98 84
25 99 30
25 100 11
25 101 55
25 102 23
26 27 24
26 28 61
26 29 30
26 30 82
26 31 16
26 32 82
26 33 87
26 34 75
26 35 83
26 36 27
26 37 22
26 38 61
26 39 7
26 40 93
26 41 34
26 42 11
26 43 7
26 44 67
26 45 73
26 46 80
26 47 20
26 48 87
26 49 43
26 50 73
26 51 17
26 52 79
26 53 58
26 54 3
26 55 41
26 56 23
26 57 84
26 58 82
26 59 53
26 60 84
26 61 29
26 62 78
26 63 91
26 64 9
26 65 16
26 66 77
26 67 19
26 68 73
26 69 4
26 70 91
26 71 54
26 72 45
26 73 58
26 74 56
26 75 57
26 76 37
26 77 64
26 78 10
26 79 75
26 80 51
26 81 46
26 82 62
26 83 61
26 84 67
26 85 17
26 86 82
26 87 99
26 88 4
26 89 60
26 90 41
26 91 94
26 92 89
26 93 81
26 94 65
26 95 73
26 96 76
26 97 94
26 98 97
26 99 1
26 100 89
26 101 98
26 102 90
27 28 47
27 29 96
27 30 97
27 31 29
27 32 90
27 33 61
27 34 45
27 35 20
27 36 42
27 37 74
27 38 71
27 39 61
27 40 14
27 41 25
27 42 59
27 43 64
27 44 17
27 45 36
27 46 18
27 47 61
27 48 95
27 49 34
27 50 4
27 51 65
27 52 75
27 53 23
27 54 85
27 55 60
27 56 56
27 57 51
27 58 24
27 59 63
27 60 16
27 61 49
27 62 95
27 63 54
27 64 10
27 65 95
27 66 39
27 67 22
27 68 4
27 69 68
27 70 54
27 71 75
27 72 31
27 73 85
27 74 46
27 75 56
27 76 12
27 77 36
27 78 18
27 79 5
27 80 97
27 81 93
27 82 33
27 83 15
27 84 66
27 85 7
27 86 82
27 87 57
27 88 75
27 89 73
27 90 36
27 91 59
27 92 72
27 93 46
27 94 10
27 95 45
27 96 25
27 97 35
27 98 99
27 99 71
27 100 87
27 101 73
27 102 61
28 29 78
28 30 71
28 31 69
28 32 12
28 33 100
28 34 72
28 35 33
28 36 76
28 37 99
28 38 97
28 39 90
28 40 42
28 41 75
28 42 45
28 43 94
28 44 97
28 45 81
28 46 43
28 47 20
28 48 70
28 49 44
28 50 57
28 51 53
28 52 12
28 53 9
28 54 58
28 55 6
28 56 33
28 57 65
28 58 93
28 59 99
28 60 29
28 61 65
28 62 36
28 63 35
28 64 54
28 65 76
28 66 43
28 67 29
28 68 82
28 69 88
28 70 70
28 71 27
28 72 15
28 73 93
28 74 81
28 75 30
28 76 44
28 77 86
28 78 59
28 79 97
28 80 92
28 81 79
28 82 75
28 83 26
28 84 8
28 85 22
28 86 52
28 87 56
28 88 81
28 89 99
28 90 57
28 91 54
28 92 51
28 93 71
28 94 69
28 95 51
28 96 48
28 97 5
28 98 12
28 99 81
28 100 62
28 101 71
28 102 91
29 30 52
29 31 3
29 32 64
29 33 64
29 34 36
29 35 42
29 36 65
29 37 83
29 38 78
29 39 79
29 40 43
29 41 93
29 42 89
29 43 1
29 44 54
29 45 23
29 46 77
29 47 4
29 48 53
29 49 20
29 50 78
29 51 45
29 52 65
29 53 35
29 54 96
29 55 48
29 56 3
29 57 54
29 58 16
29 59 80
29 60 73
29 61 24
29 62 38
29 63 1
29 64 88
29 65 61
29 66 51
29 67 16
29 68 80
29 69 54
29 70 69
29 71 62
29 72 15
29 73 63
29 74 98
29 75 41
29 76 63
29 77 39
29 78 60
29 79 78
29 80 58
29 81 16
29 82 70
29 83 38
29 84 52
29 85 8
29 86 61
29 87 23
29 88 99
29 89 99
29 90 59
29 91 21
29 92 37
29 93 73
29 94 99
29 95 95
29 96 15
29 97 40
29 98 88
29 99 3
29 100 60
29 101 82
29 102 22
30 31 40
30 32 31
30 33 14
30 34 17
30 35 78
30 36 85
30 37 12
30 38 73
30 39 61
30 40 49
30 41 76
30 42 41
30 43 41
30 44 19
30 45 91
30 46 69
30 47 2
30 48 17
30 49 69
30 50 48
30 51 88
30 52 58
30 53 7
30 54 48
30 55 85
30 56 53
30 57 73
30 58 41
30 59 4
30 60 82
30 61 44
30 62 88
30 63 64
30 64 99
30 65 2
30 66 73
30 67 39
30 68 50
30 69 60
30 70 95
30 71 42
30 72 12
30 73 79
30 74 93
30 75 30
30 76 27
30 77 86
30 78 78
30 79 10
30 80 45
30 81 92
30 82 77
30 83 36
30 84 79
30 85 37
30 86 87
30 87 51
30 88 2
30 89 38
30 90 60
30 91 83
30 92 56
30 93 36
30 94 18
30 95 95
30 96 100
30 97 67
30 98 2
30 99 79
30 100 91
30 101 7
30 102 56
31 32 25
31 33 24
31 34 93
31 35 14
31 36 58
31 37 90
31 38 11
31 39 67
31 40 52
31 41 65
31 42 72
31 43 42
31 44 100
31 45 25
31 46 32
31 47 23
31 48 79
31 49 40
31 50 19
31 51 23
31 52 89
31 53 71
31 54 68
31 55 83
31 56 7
31 57 100
31 58 38
31 59 9
31 60 9
31 61 74
31 62 29
31 63 82
31 64 11
31 65 60
31 66 68
31 67 37
31 68 44
31 69 96
31 70 34
31 71 84
31 72 70
31 73 55
31 74 55
31 75 30
31 76 43
31 77 47
31 78 29
31 79 50
31 80 91
31 81 59
31 82 12
31 83 8
31 84 50
31 85 60
31 86 43
31 87 9
31 88 35
31 89 1
31 90 32
31 91 34
31 92 86
31 93 88
31 94 99
31 95 9
31 96 17
31 97 56
31 98 75
31 99 82
31 100 82
31 101 69
31 102 76
32 33 40
32 34 74
32 35 44
32 36 67
32 37 91
32 38 51
32 39 82
32 40 25
32 41 90
32 42 7
32 43 4
32 44 65
32 45 7
32 46 81
32 47 24
32 48 28
32 49 45
32 50 85
32 51 59
32 52 97
32 53 67
32 54 7
32 55 93
32 56 30
32 57 87
32 58 51
32 59 16
32 60 40
32 61 93
32 62 56
32 63 31
32 64 14
32 65 22
32 66 84
32 67 30
32 68 38
32 69 65
32 70 3
32 71 51
32 72 31
32 73 2
32 74 36
32 75 31
32 76 87
32 77 6
32 78 99
32 79 90
32 80 77
32 81 41
32 82 71
32 83 62
32 84 19
32 85 53
32 86 72
32 87 44
32 88 70
32 89 58
32 90 95
32 91 98
32 92 37
32 93 82
32 94 28
32 95 34
32 96 93
32 97 26
32 98 79
32 99 100
32 100 27
32 101 81
32 102 32
33 34 31
33 35 30
33 36 12
33 37 28
33 38 63
33 39 87
33 40 82
33 41 1
33 42 70
33 43 58
33 44 4
33 45 51
33 46 22
33 47 71
33 48 82
33 49 93
33 50 25
33 51 60
33 52 7
33 53 1
33 54 16
33 55 86
33 56 65
33 57 83
33 58 7
33 59 49
33 60 65
33 61 55
33 62 87
33 63 65
33 64 100
33 65 79
33 66 18
33 67 55
33 68 100
33 69 91
33 70 44
33 71 37
33 72 4
33 73 32
33 74 52
33 75 88
33 76 61
33 77 11
33 78 82
33 79 15
33 80 13
33 81 45
33 82 44
33 83 77
33 84 36
33 85 61
33 86 82
33 87 19
33 88 43
33 89 51
33 90 33
33 91 18
33 92 21
33 93 90
33 94 10
33 95 8
33 96 51
33 97 87
33 98 83
33 99 13
33 100 22
33 101 82
33 102 21
34 35 96
34 36 61
34 37 82
34 38 50
34 39 39
34 40 24
34 41 28
34 42 22
34 43 35
34 44 83
34 45 34
34 46 61
34 47 42
34 48 19
34 49 67
34 50 41
34 51 15
34 52 99
34 53 56
34 54 74
34 55 67
34 56 73
34 57 81
34 58 21
34 59 14
34 60 99
34 61 96
34 62 42
34 63 4
34 64 18
34 65 2
34 66 8
34 67 100
34 68 37
34 69 21
34 70 20
34 71 32
34 72 51
34 73 56
34 74 32
34 75 99
34 76 23
34 77 53
34 78 36
34 79 24
34 80 58
34 81 9
34 82 83
34 83 84
34 84 27
34 85 9
34 86 83
34 87 73
34 88 50
34 89 68
34 90 1
34 91 74
34 92 73
34 93 36
34 94 47
34 95 10
34 96 46
34 97 97
34 98 15
34 99 38
34 100 82
34 101 99
34 102 67
35 36 89
35 37 34
35 38 25
35 39 34
35 40 46
35 41 64
35 42 66
35 43 62
35 44 58
35 45 14
35 46 83
35 47 71
35 48 10
35 49 40
35 50 44
35 51 10
35 52 85
35 53 45
35 54 94
35 55 82
35 56 72
35 57 33
35 58 2
35 59 87
35 60 18
35 61 82
35 62 15
35 63 3
35 64 20
35 65 61
35 66 71
35 67 27
35 68 47
35 69 63
35 70 10
35 71 3
35 72 12
35 73 59
35 74 76
35 75 29
35 76 84
35 77 79
35 78 100
35 79 16
35 80 56
35 81 45
35 82 78
35 83 64
35 84 18
35 85 24
35 86 26
35 87 94
35 88 22
35 89 7
35 90 89
35 91 2
35 92 40
35 93 88
35 94 39
35 95 82
35 96 51
35 97 91
35 98 29
35 99 66
35 100 65
35 101 67
35 102 19
36 37 11
36 38 18
36 39 75
36 40 84
36 41 48
36 42 72
36 43 4
36 44 99
36 45 19
36 46 74
36 47 80
36 48 6
36 49 74
36 50 98
36 51 66
36 52 31
36 53 48
36 54 15
36 55 64
36 56 20
36 57 83
36 58 29
36 59 21
36 60 6
36 61 93
36 62 23
36 63 8
36 64 89
36 65 56
36 66 28
36 67 38
36 68 14
36 69 88
36 70 29
36 71 55
36 72 97
36 73 86
36 74 62
36 75 97
36 76 55
36 77 41
36 78 86
36 79 30
36 80 12
36 81 2
36 82 21
36 83 70
36 84 70
36 85 79
36 86 49
36 87 45
36 88 6
36 89 50
36 90 77
36 91 32
36 92 70
36 93 95
36 94 98
36 95 36
36 96 7
36 97 93
36 98 10
36 99 77
36 100 63
36 101 63
36 102 75
37 38 94
37 39 45
37 40 51
37 41 93
37 42 33
37 43 29
37 44 65
37 45 94
37 46 72
37 47 3
37 48 70
37 49 50
37 50 60
37 51 56
37 52 79
37 53 100
37 54 46
37 55 21
37 56 35
37 57 26
37 58 9
37 59 66
37 60 35
37 61 12
37 62 31
37 63 11
37 64 62
37 65 50
37 66 64
37 67 95
37 68 90
37 69 55
37 70 5
37 71 75
37 72 86
37 73 12
37 74 16
37 75 16
37 76 69
37 77 89
37 78 38
37 79 25
37 80 70
37 81 63
37 82 23
37 83 30
37 84 5
37 85 41
37 86 24
37 87 94
37 88 48
37 89 95
37 90 15
37 91 73
37 92 65
37 93 40
37 94 76
37 95 5
37 96 38
37 97 56
37 98 56
37 99 57
37 100 8
37 101 63
37 102 61
38 39 31
38 40 95
38 41 41
38 42 92
38 43 6
38 44 13
38 45 1
38 46 31
38 47 51
38 48 66
38 49 89
38 50 46
38 51 55
38 52 37
38 53 12
38 54 69
38 55 43
38 56 74
38 57 87
38 58 67
38 59 17
38 60 68
38 61 92
38 62 31
38 63 81
38 64 56
38 65 3
38 66 95
38 67 100
38 68 60
38 69 58
38 70 78
38 71 46
38 72 51
38 73 40
38 74 99
38 75 62
38 76 27
38 77 25
38 78 90
38 79 69
38 80 73
38 81 83
38 82 21
38 83 10
38 84 23
38 85 90
38 86 47
38 87 4
38 88 65
38 89 85
38 90 85
38 91 48
38 92 63
38 93 42
38 94 22
38 95 29
38 96 15
38 97 29
38 98 70
38 99 86
38 100 36
38 101 45
38 102 41
39 40 47
39 41 51
39 42 90
39 43 63
39 44 32
39 45 100
39 46 49
39 47 98
39 48 64
39 49 79
39 50 14
39 51 87
39 52 54
39 53 17
39 54 53
39 55 19
39 56 94
39 57 23
39 58 45
39 59 83
39 60 10
39 61 35
39 62 64
39 63 13
39 64 97
39 65 38
39 66 80
39 67 45
39 68 36
39 69 100
39 70 40
39 71 84
39 72 69
39 73 95
39 74 100
39 75 77
39 76 92
39 77 20
39 78 88
39 79 77
39 80 62
39 81 54
39 82 77
39 83 17
39 84 18
39 85 47
39 86 95
39 87 17
39 88 20
39 89 37
39 90 37
39 91 30
39 92 52
39 93 66
39 94 72
39 95 31
39 96 87
39 97 20
39 98 62
39 99 49
39 100 86
39 101 78
39 102 78
40 41 64
40 42 62
40 43 97
40 44 76
40 45 63
40 46 39
40 47 66
40 48 88
40 49 69
40 50 38
40 51 56
40 52 50
40 53 95
40 54 47
40 55 49
40 56 88
40 57 61
40 58 73
40 59 84
40 60 59
40 61 47
40 62 77
40 63 58
40 64 41
40 65 46
40 66 84
40 67 10
40 68 9
40 69 58
40 70 25
40 71 20
40 72 7
40 73 59
40 74 9
40 75 78
40 76 64
40 77 5
40 78 11
40 79 81
40 80 41
40 81 63
40 82 16
40 83 85
40 84 17
40 85 61
40 86 43
40 87 11
40 88 20
40 89 61
40 90 79
40 91 62
40 92 65
40 93 27
40 94 59
40 95 14
40 96 58
40 97 56
40 98 11
40 99 90
40 100 43
40 101 97
40 102 6
41 42 22
41 43 55
41 44 70
41 45 18
41 46 73
41 47 73
41 48 34
41 49 1
41 50 59
41 51 95
41 52 98
41 53 14
41 54 41
41 55 15
41 56 94
41 57 5
41 58 31
41 59 26
41 60 53
41 61 64
41 62 60
41 63 13
41 64 11
41 65 87
41 66 78
41 67 77
41 68 21
41 69 8
41 70 43
41 71 32
41 72 47
41 73 21
41 74 13
41 75 90
41 76 98
41 77 41
41 78 23
41 79 89
41 80 12
41 81 7
41 82 61
41 83 50
41 84 85
41 85 19
41 86 99
41 87 70
41 88 67
41 89 72
41 90 83
41 91 48
41 92 24
41 93 12
41 94 41
41 95 55
41 96 85
41 97 94
41 98 65
41 99 62
41 100 93
41 101 40
41 102 13
42 43 20
42 44 66
42 45 24
42 46 48
42 47 21
42 48 7
42 49 67
42 50 85
42 51 62
42 52 77
42 53 21
42 54 62
42 55 74
42 56 68
42 57 80
42 58 10
42 59 18
42 60 79
42 61 66
42 62 12
42 63 70
42 64 65
42 65 87
42 66 29
42 67 77
42 68 99
42 69 13
42 70 45
42 71 73
42 72 11
42 73 11
42 74 52
42 75 13
42 76 8
42 77 90
42 78 39
42 79 65
42 80 98
42 81 22
42 82 97
42 83 79
42 84 9
42 85 53
42 86 98
42 87 66
42 88 93
42 89 56
42 90 50
42 91 75
42 92 14
42 93 97
42 94 50
42 95 42
42 96 62
42 97 31
42 98 74
42 99 51
42 100 27
42 101 48
42 102 50
43 44 10
43 45 38
43 46 7
43 47 17
43 48 54
43 49 41
43 50 11
43 51 97
43 52 67
43 53 62
43 54 68
43 55 70
43 56 13
43 57 38
43 58 50
43 59 88
43 60 82
43 61 96
43 62 12
43 63 63
43 64 56
43 65 28
43 66 96
43 67 73
43 68 30
43 69 57
43 70 88
43 71 15
43 72 10
43 73 2
43 74 21
43 75 70
43 76 43
43 77 37
43 78 72
43 79 80
43 80 1
43 81 16
43 82 49
43 83 36
43 84 4
43 85 75
43 86 34
43 87 14
43 88 81
43 89 58
43 90 26
43 91 23
43 92 77
43 93 87
43 94 97
43 95 57
43 96 100
43 97 78
43 98 59
43 99 68
43 100 50
43 101 61
43 102 17
44 45 26
44 46 85
44 47 73
44 48 60
44 49 49
44 50 2
44 51 28
44 52 91
44 53 3
44 54 3
44 55 90
44 56 40
44 57 6
44 58 1
44 59 12
44 60 1
44 61 21
44 62 25
44 63 69
44 64 13
44 65 47
44 66 69
44 67 57
44 68 3
44 69 3
44 70 74
44 71 73
44 72 82
44 73 89
44 74 53
44 75 41
44 76 41
44 77 37
44 78 94
44 79 47
44 80 75
44 81 84
44 82 95
44 83 18
44 84 32
44 85 93
44 86 18
44 87 57
44 88 58
44 89 52
44 90 44
44 91 89
44 92 20
44 93 48
44 94 48
44 95 4
44 96 9
44 97 4
44 98 18
44 99 6
44 100 64
44 101 27
44 102 6
45 46 27
45 47 60
45 48 7
45 49 71
45 50 80
45 51 28
45 52 71
45 53 99
45 54 94
45 55 74
45 56 48
45 57 25
45 58 5
45 59 100
45 60 42
45 61 59
45 62 33
45 63 44
45 64 1
45 65 40
45 66 7
45 67 3
45 68 90
45 69 76
45 70 38
45 71 44
45 72 23
45 73 79
45 74 25
45 75 21
45 76 13
45 77 79
45 78 85
45 79 15
45 80 49
45 81 55
45 82 72
45 83 7
45 84 93
45 85 82
45 86 44
45 87 87
45 88 44
45 89 54
45 90 10
45 91 96
45 92 94
45 93 100
45 94 65
45 95 94
45 96 81
45 97 85
45 98 47
45 99 38
45 100 20
45 101 15
45 102 61
46 47 99
46 48 77
46 49 27
46 50 32
46 51 69
46 52 91
46 53 34
46 54 55
46 55 23
46 56 2
46 57 64
46 58 40
46 59 74
46 60 50
46 61 58
46 62 67
46 63 48
46 64 34
46 65 9
46 66 56
46 67 97
46 68 3
46 69 2
46 70 61
46 71 78
46 72 30
46 73 18
46 74 43
46 75 36
46 76 41
46 77 69
46 78 92
46 79 12
46 80 38
46 81 83
46 82 14
46 83 65
46 84 64
46 85 29
46 86 64
46 87 19
46 88 57
46 89 100
46 90 79
46 91 94
46 92 72
46 93 98
46 94 65
46 95 58
46 96 100
46 97 93
46 98 98
46 99 38
46 100 7
46 101 94
46 102 33
47 48 68
47 49 56
47 50 100
47 51 52
47 52 54
47 53 89
47 54 14
47 55 92
47 56 98
47 57 3
47 58 94
47 59 88
47 60 97
47 61 65
47 62 52
47 63 9
47 64 45
47 65 39
47 66 91
47 67 85
47 68 71
47 69 5
47 70 53
47 71 51
47 72 80
47 73 80
47 74 10
47 75 93
47 76 37
47 77 15
47 78 68
47 79 41
47 80 83
47 81 46
47 82 24
47 83 35
47 84 67
47 85 42
47 86 4
47 87 34
47 88 20
47 89 72
47 90 20
47 91 83
47 92 6
47 93 91
47 94 30
47 95 13
47 96 82
47 97 34
47 98 98
47 99 85
47 100 21
47 101 6
47 102 53
48 49 81
48 50 87
48 51 77
48 52 99
48 53 74
48 54 39
48 55 100
48 56 89
48 57 63
48 58 93
48 59 8
48 60 39
48 61 24
48 62 87
48 63 49
48 64 10
48 65 49
48 66 65
48 67 20
48 68 89
48 69 66
48 70 78
48 71 16
48 72 58
48 73 13
48 74 59
48 75 55
48 76 98
48 77 67
48 78 38
48 79 29
48 80 75
48 81 43
48 82 21
48 83 45
48 84 99
48 85 57
48 86 10
48 87 94
48 88 87
48 89 31
48 90 49
48 91 85
48 92 61
48 93 92
48 94 17
48 95 76
48 96 62
48 97 10
48 98 44
48 99 40
48 100 89
48 101 76
48 102 16
49 50 63
49 51 56
49 52 89
49 53 89
49 54 95
49 55 49
49 56 5
49 57 23
49 58 84
49 59 73
49 60 19
49 61 82
49 62 91
49 63 95
49 64 40
49 65 43
49 66 40
49 67 51
49 68 21
49 69 64
49 70 40
49 71 72
49 72 94
49 73 95
49 74 35
49 75 56
49 76 62
49 77 88
49 78 17
49 79 8
49 80 84
49 81 90
49 82 65
49 83 56
49 84 42
49 85 25
49 86 53
49 87 34
49 88 76
49 89 13
49 90 28
49 91 94
49 92 18
49 93 31
49 94 85
49 95 93
49 96 83
49 97 2
49 98 72
49 99 54
49 100 96
49 101 71
49 102 80
50 51 34
50 52 25
50 53 87
50 54 63
50 55 13
50 56 74
50 57 8
50 58 37
50 59 9
50 60 3
50 61 75
50 62 94
50 63 9
50 64 30
50 65 37
50 66 51
50 67 18
50 68 40
50 69 76
50 70 26
50 71 24
50 72 72
50 73 60
50 74 48
50 75 38
50 76 57
50 77 92
50 78 83
50 79 13
50 80 31
50 81 43
50 82 91
50 83 55
50 84 53
50 85 60
50 86 31
50 87 37
50 88 64
50 89 12
50 90 53
50 91 33
50 92 43
50 93 96
50 94 95
50 95 43
50 96 45
50 97 7
50 98 42
50 99 81
50 100 18
50 101 13
50 102 4
51 52 26
51 53 60
51 54 34
51 55 48
51 56 98
51 57 11
51 58 77
51 59 6
51 60 22
51 61 74
51 62 91
51 63 2
51 64 36
51 65 95
51 66 67
51 67 56
51 68 49
51 69 65
51 70 91
51 71 17
51 72 86
51 73 48
51 74 85
51 75 56
51 76 60
51 77 77
51 78 89
51 79 60
51 80 97
51 81 36
51 82 26
51 83 60
51 84 94
51 85 95
51 86 92
51 87 86
51 88 7
51 89 77
51 90 40
51 91 65
51 92 99
51 93 55
51 94 64
51 95 82
51 96 1
51 97 64
51 98 88
51 99 20
51 100 18
51 101 18
51 102 76
52 53 5
52 54 57
52 55 35
52 56 80
52 57 96
52 58 44
52 59 15
52 60 84
52 61 93
52 62 36
52 63 79
52 64 10
52 65 46
52 66 32
52 67 76
52 68 44
52 69 23
52 70 100
52 71 18
52 72 52
52 73 65
52 74 20
52 75 71
52 76 57
52 77 100
52 78 82
52 79 31
52 80 22
52 81 87
52 82 30
52 83 38
52 84 91
52 85 31
52 86 68
52 87 57
52 88 73
52 89 49
52 90 75
52 91 99
52 92 98
52 93 57
52 94 70
52 95 76
52 96 2
52 97 30
52 98 36
52 99 3
52 100 68
52 101 18
52 102 97
53 54 71
53 55 89
53 56 81
53 57 79
53 58 31
53 59 51
53 60 37
53 61 100
53 62 100
53 63 55
53 64 17
53 65 97
53 66 24
53 67 72
53 68 59
53 69 13
53 70 25
53 71 32
53 72 66
53 73 99
53 74 40
53 75 74
53 76 76
53 77 37
53 78 2
53 79 76
53 80 96
53 81 33
53 82 64
53 83 65
53 84 89
53 85 71
53 86 6
53 87 47
53 88 76
53 89 100
53 90 11
53 91 89
53 92 59
53 93 24
53 94 93
53 95 86
53 96 84
53 97 2
53 98 24
53 99 17
53 100 65
53 101 73
53 102 39
54 55 37
54 56 46
54 57 89
54 58 6
54 59 81
54 60 12
54 61 53
54 62 15
54 63 5
54 64 73
54 65 100
54 66 65
54 67 69
54 68 69
54 69 85
54 70 56
54 71 45
54 72 17
54 73 24
54 74 14
54 75 19
54 76 72
54 77 81
54 78 100
54 79 28
54 80 27
54 81 68
54 82 98
54 83 5
54 84 48
54 85 73
54 86 6
54 87 64
54 88 40
54 89 10
54 90 84
54 91 98
54 92 22
54 93 77
54 94 36
54 95 83
54 96 88
54 97 100
54 98 88
54 99 31
54 100 34
54 101 89
54 102 4
55 56 69
55 57 34
55 58 43
55 59 75
55 60 61
55 61 68
55 62 44
55 63 41
55 64 43
55 65 66
55 66 16
55 67 87
55 68 75
55 69 13
55 70 21
55 71 43
55 72 57
55 73 11
55 74 39
55 75 48
55 76 21
55 77 35
55 78 30
55 79 44
55 80 14
55 81 72
55 82 27
55 83 12
55 84 62
55 85 7
55 86 78
55 87 83
55 88 5
55 89 98
55 90 54
55 91 49
55 92 47
55 93 66
55 94 99
55 95 97
55 96 80
55 97 2
55 98 77
55 99 18
55 100 95
55 101 15
55 102 48
56 57 11
56 58 7
56 59 38
56 60 42
56 61 70
56 62 96
56 63 95
56 64 76
56 65 53
56 66 90
56 67 78
56 68 28
56 69 39
56 70 12
56 71 67
56 72 40
56 73 77
56 74 77
56 75 38
56 76 45
56 77 80
56 78 93
56 79 4
56 80 79
56 81 15
56 82 92
56 83 18
56 84 11
56 85 85
56 86 24
56 87 80
56 88 93
56 89 88
56 90 11
56 91 70
56 92 85
56 93 6
56 94 56
56 95 97
56 96 20
56 97 83
56 98 90
56 99 60
56 100 66
56 101 19
56 102 25
57 58 79
57 59 87
57 60 61
57 61 2
57 62 50
57 63 83
57 64 63
57 65 54
57 66 23
57 67 39
57 68 73
57 69 84
57 70 91
57 71 82
57 72 30
57 73 39
57 74 29
57 75 86
57 76 83
57 77 54
57 78 17
57 79 53
57 80 86
57 81 72
57 82 81
57 83 98
57 84 80
57 85 59
57 86 69
57 87 11
57 88 38
57 89 5
57 90 81
57 91 30
57 92 66
57 93 71
57 94 98
57 95 34
57 96 17
57 97 100
57 98 72
57 99 2
57 100 29
57 101 37
57 102 56
58 59 6
58 60 26
58 61 17
58 62 68
58 63 76
58 64 66
58 65 25
58 66 81
58 67 1
58 68 70
58 69 62
58 70 95
58 71 93
58 72 86
58 73 32
58 74 83
58 75 26
58 76 100
58 77 50
58 78 85
58 79 19
58 80 10
58 81 6
58 82 34
58 83 10
58 84 3
58 85 91
58 86 16
58 87 15
58 88 92
58 89 88
58 90 47
58 91 37
58 92 93
58 93 25
58 94 62
58 95 21
58 96 50
58 97 87
58 98 89
58 99 57
58 100 33
58 101 14
58 102 84
59 60 53
59 61 43
59 62 79
59 63 58
59 64 61
59 65 99
59 66 68
59 67 77
59 68 56
59 69 78
59 70 15
59 71 29
59 72 47
59 73 92
59 74 45
59 75 55
59 76 94
59 77 31
59 78 48
59 79 13
59 80 15
59 81 76
59 82 69
59 83 96
59 84 2
59 85 76
59 86 75
59 87 33
59 88 28
59 89 1
59 90 89
59 91 8
59 92 86
59 93 96
59 94 66
59 95 65
59 96 10
59 97 13
59 98 19
59 99 5
59 100 49
59 101 36
59 102 67
60 61 88
60 62 47
60 63 48
60 64 65
60 65 76
60 66 59
60 67 87
60 68 54
60 69 48
60 70 63
60 71 18
60 72 55
60 73 28
60 74 54
60 75 22
60 76 24
60 77 64
60 78 29
60 79 23
60 80 50
60 81 7
60 82 20
60 83 68
60 84 13
60 85 86
60 86 7
60 87 9
60 88 11
60 89 86
60 90 67
60 91 73
60 92 67
60 93 13
60 94 77
60 95 67
60 96 57
60 97 92
60 98 14
60 99 91
60 100 31
60 101 7
60 102 23
61 62 30
61 63 66
61 64 35
61 65 76
61 66 70
61 67 25
61 68 96
61 69 13
61 70 52
61 71 59
61 72 86
61 73 50
61 74 69
61 75 10
61 76 27
61 77 58
61 78 89
61 79 86
61 80 7
61 81 23
61 82 79
61 83 66
61 84 66
61 85 81
61 86 79
61 87 50
61 88 18
61 89 92
61 90 46
61 91 86
61 92 2
61 93 37
61 94 28
61 95 64
61 96 60
61 97 78
61 98 6
61 99 47
61 100 12
61 101 93
61 102 89
62 63 65
62 64 12
62 65 40
62 66 1
62 67 17
62 68 78
62 69 42
62 70 17
62 71 6
62 72 43
62 73 67
62 74 72
62 75 8
62 76 73
62 77 48
62 78 95
62 79 6
62 80 36
62 81 51
62 82 66
62 83 91
62 84 1
62 85 63
62 86 38
62 87 81
62 88 45
62 89 42
62 90 21
62 91 23
62 92 46
62 93 89
62 94 6
62 95 81
62 96 13
62 97 88
62 98 88
62 99 1
62 100 22
62 101 88
62 102 70
63 64 81
63 65 78
63 66 43
63 67 51
63 68 26
63 69 70
63 70 8
63 71 97
63 72 39
63 73 49
63 74 80
63 75 61
63 76 32
63 77 96
63 78 36
63 79 41
63 80 86
63 81 73
63 82 26
63 83 36
63 84 19
63 85 51
63 86 35
63 87 54
63 88 21
63 89 20
63 90 67
63 91 16
63 92 82
63 93 59
63 94 44
63 95 88
63 96 81
63 97 9
63 98 70
63 99 63
63 100 37
63 101 85
63 102 59
64 65 73
64 66 99
64 67 45
64 68 90
64 69 88
64 70 7
64 71 89
64 72 57
64 73 82
64 74 25
64 75 69
64 76 69
64 77 96
64 78 84
64 79 74
64 80 46
64 81 56
64 82 92
64 83 49
64 84 3
64 85 42
64 86 6
64 87 45
64 88 18
64 89 28
64 90 23
64 91 78
64 92 13
64 93 53
64 94 37
64 95 33
64 96 75
64 97 2
64 98 53
64 99 48
64 100 97
64 101 96
64 102 57
65 66 34
65 67 10
65 68 16
65 69 42
65 70 51
65 71 63
65 72 80
65 73 70
65 74 94
65 75 51
65 76 5
65 77 17
65 78 3
65 79 90
65 80 54
65 81 30
65 82 21
65 83 55
65 84 99
65 85 82
65 86 60
65 87 96
65 88 44
65 89 67
65 90 47
65 91 34
65 92 12
65 93 30
65 94 69
65 95 56
65 96 13
65 97 52
65 98 84
65 99 42
65 100 78
65 101 4
65 102 75
66 67 54
66 68 31
66 69 43
66 70 12
66 71 75
66 72 97
66 73 4
66 74 57
66 75 74
66 76 35
66 77 33
66 78 7
66 79 24
66 80 63
66 81 12
66 82 61
66 83 27
66 84 18
66 85 75
66 86 84
66 87 13
66 88 77
66 89 60
66 90 51
66 91 85
66 92 46
66 93 36
66 94 11
66 95 88
66 96 43
66 97 92
66 98 50
66 99 46
66 100 79
66 101 68
66 102 45
67 68 2
67 69 40
67 70 62
67 71 91
67 72 7
67 73 9
67 74 43
67 75 40
67 76 71
67 77 22
67 78 2
67 79 91
67 80 87
67 81 82
67 82 62
67 83 92
67 84 65
67 85 62
67 86 6
67 87 39
67 88 5
67 89 77
67 90 22
67 91 89
67 92 74
67 93 34
67 94 76
67 95 81
67 96 74
67 97 99
67 98 50
67 99 97
67 100 40
67 101 61
67 102 94
68 69 49
68 70 70
68 71 65
68 72 31
68 73 52
68 74 45
68 75 90
68 76 16
68 77 77
68 78 85
68 79 55
68 80 93
68 81 43
68 82 36
68 83 44
68 84 19
68 85 90
68 86 12
68 87 50
68 88 12
68 89 14
68 90 91
68 91 8
68 92 70
68 93 83
68 94 88
68 95 68
68 96 79
68 97 69
68 98 95
68 99 75
68 100 8
68 101 65
68 102 36
69 70 48
69 71 48
69 72 35
69 73 67
69 74 35
69 75 1
69 76 19
69 77 15
69 78 69
69 79 46
69 80 85
69 81 66
69 82 47
69 83 75
69 84 5
69 85 65
69 86 29
69 87 65
69 88 43
69 89 2
69 90 21
69 91 86
69 92 24
69 93 59
69 94 39
69 95 90
69 96 8
69 97 49
69 98 64
69 99 97
69 100 65
69 101 51
69 102 53
70 71 93
70 72 95
70 73 39
70 74 9
70 75 40
70 76 95
70 77 6
70 78 44
70 79 16
70 80 19
70 81 59
70 82 23
70 83 25
70 84 36
70 85 51
70 86 86
70 87 1
70 88 92
70 89 77
70 90 35
70 91 91
70 92 48
70 93 34
70 94 67
70 95 54
70 96 2
70 97 97
70 98 36
70 99 10
70 100 32
70 101 89
70 102 76
71 72 96
71 73 56
71 74 56
71 75 100
71 76 76
71 77 83
71 78 70
71 79 92
71 80 40
71 81 79
71 82 28
71 83 52
71 84 80
71 85 32
71 86 82
71 87 19
71 88 34
71 89 60
71 90 46
71 91 92
71 92 6
71 93 41
71 94 40
71 95 92
71 96 70
71 97 1
71 98 50
71 99 26
71 100 22
71 101 96
71 102 30
72 73 80
72 74 25
72 75 86
72 76 93
72 77 34
72 78 76
72 79 22
72 80 39
72 81 91
72 82 64
72 83 9
72 84 13
72 85 68
72 86 74
72 87 62
72 88 24
72 89 38
72 90 7
72 91 41
72 92 95
72 93 67
72 94 33
72 95 82
72 96 6
72 97 14
72 98 4
72 99 1
72 100 84
72 101 31
72 102 71
73 74 38
73 75 4
73 76 74
73 77 92
73 78 97
73 79 13
73 80 16
73 81 44
73 82 93
73 83 16
73 84 5
73 85 22
73 86 43
73 87 21
73 88 17
73 89 13
73 90 36
73 91 18
73 92 82
73 93 27
73 94 83
73 95 42
73 96 95
73 97 22
73 98 80
73 99 35
73 100 6
73 101 69
73 102 80
74 75 28
74 76 38
74 77 53
74 78 96
74 79 9
74 80 44
74 81 26
74 82 37
74 83 50
74 84 68
74 85 6
74 86 71
74 87 75
74 88 51
74 89 83
74 90 39
74 91 3
74 92 93
74 93 75
74 94 24
74 95 89
74 96 37
74 97 44
74 98 33
74 99 76
74 100 43
74 101 52
74 102 48
75 76 95
75 77 56
75 78 33
75 79 11
75 80 92
75 81 26
75 82 40
75 83 43
75 84 73
75 85 99
75 86 51
75 87 99
75 88 86
75 89 6
75 90 1
75 91 53
75 92 12
75 93 25
75 94 2
75 95 75
75 96 49
75 97 41
75 98 11
75 99 49
75 100 5
75 101 64
75 102 74
76 77 24
76 78 100
76 79 11
76 80 16
76 81 58
76 82 73
76 83 77
76 84 44
76 85 77
76 86 12
76 87 88
76 88 7
76 89 81
76 90 67
76 91 35
76 92 45
76 93 42
76 94 2
76 95 37
76 96 58
76 97 62
76 98 44
76 99 68
76 100 64
76 101 39
76 102 52
77 78 91
77 79 13
77 80 6
77 81 75
77 82 30
77 83 34
77 84 39
77 85 48
77 86 43
77 87 82
77 88 71
77 89 21
77 90 27
77 91 51
77 92 71
77 93 66
77 94 62
77 95 21
77 96 36
77 97 15
77 98 65
77 99 77
77 100 99
77 101 86
77 102 65
78 79 14
78 80 21
78 81 30
78 82 94
78 83 58
78 84 15
78 85 18
78 86 34
78 87 38
78 88 3
78 89 65
78 90 57
78 91 98
78 92 59
78 93 27
78 94 74
78 95 54
78 96 96
78 97 93
78 98 28
78 99 70
78 100 6
78 101 39
78 102 79
79 80 91
79 81 5
79 82 87
79 83 40
79 84 57
79 85 46
79 86 19
79 87 6
79 88 45
79 89 74
79 90 31
79 91 68
79 92 40
79 93 58
79 94 78
79 95 66
79 96 90
79 97 3
79 98 54
79 99 77
79 100 73
79 101 83
79 102 1
80 81 24
80 82 83
80 83 18
80 84 70
80 85 41
80 86 31
80 87 88
80 88 91
80 89 97
80 90 93
80 91 34
80 92 54
80 93 29
80 94 84
80 95 8
80 96 25
80 97 79
80 98 48
80 99 28
80 100 69
80 101 88
80 102 81
81 82 59
81 83 75
81 84 90
81 85 84
81 86 86
81 87 16
81 88 53
81 89 90
81 90 74
81 91 51
81 92 14
81 93 17
81 94 38
81 95 96
81 96 83
81 97 1
81 98 10
81 99 53
81 100 40
81 101 51
81 102 32
82 83 55
82 84 46
82 85 78
82 86 85
82 87 51
82 88 61
82 89 49
82 90 42
82 91 51
82 92 38
82 93 13
82 94 44
82 95 55
82 96 3
82 97 99
82 98 18
82 99 85
82 100 1
82 101 20
82 102 82
83 84 66
83 85 100
83 86 100
83 87 69
83 88 7
83 89 37
83 90 68
83 91 7
83 92 100
83 93 6
83 94 10
83 95 41
83 96 76
83 97 5
83 98 52
83 99 95
83 100 59
83 101 35
83 102 8
84 85 16
84 86 66
84 87 56
84 88 86
84 89 45
84 90 17
84 91 69
84 92 33
84 93 64
84 94 2
84 95 94
84 96 88
84 97 59
84 98 75
84 99 20
84 100 67
84 101 100
84 102 74
85 86 37
85 87 39
85 88 52
85 89 77
85 90 90
85 91 67
85 92 27
85 93 45
85 94 31
85 95 10
85 96 86
85 97 51
85 98 64
85 99 96
85 100 36
85 101 51
85 102 71
86 87 55
86 88 91
86 89 76
86 90 50
86 91 6
86 92 24
86 93 37
86 94 56
86 95 37
86 96 1
86 97 34
86 98 46
86 99 48
86 100 43
86 101 18
86 102 26
87 88 73
87 89 53
87 90 86
87 91 93
87 92 11
87 93 17
87 94 83
87 95 85
87 96 60
87 97 77
87 98 63
87 99 93
87 100 86
87 101 53
87 102 49
88 89 37
88 90 50
88 91 20
88 92 15
88 93 50
88 94 70
88 95 56
88 96 14
88 97 29
88 98 63
88 99 66
88 100 11
88 101 80
88 102 44
89 90 78
89 91 46
89 92 75
89 93 16
89 94 9
89 95 71
89 96 35
89 97 93
89 98 88
89 99 58
89 100 63
89 101 94
89 102 82
90 91 9
90 92 98
90 93 42
90 94 67
90 95 23
90 96 97
90 97 33
90 98 45
90 99 96
90 100 83
90 101 14
90 102 21
91 92 89
91 93 58
91 94 35
91 95 90
91 96 71
91 97 49
91 98 94
91 99 55
91 100 43
91 101 73
91 102 22
92 93 32
92 94 21
92 95 47
92 96 100
92 97 72
92 98 29
92 99 42
92 100 10
92 101 6
92 102 19
93 94 25
93 95 55
93 96 50
93 97 17
93 98 11
93 99 34
93 100 59
93 101 31
93 102 82
94 95 81
94 96 45
94 97 60
94 98 10
94 99 46
94 100 15
94 101 45
94 102 71
95 96 2
95 97 84
95 98 100
95 99 13
95 100 35
95 101 52
95 102 47
96 97 10
96 98 2
96 99 32
96 100 34
96 101 11
96 102 10
97 98 38
97 99 90
97 100 4
97 101 48
97 102 72
98 99 8
98 100 36
98 101 29
98 102 59
99 100 74
99 101 29
99 102 71
100 101 19
100 102 44
101 102 65
