31 465 30
1 2 67
1 3 49
1 4 71
1 5 34
1 6 11
1 7 28
1 8 5
1 9 53
1 10 76
1 11 68
1 12 6
1 13 79
1 14 28
1 15 17
1 16 43
1 17 72
1 18 20
1 19 44
1 20 3
1 21 48
1 22 71
1 23 76
1 24 83
1 25 91
1 26 2
1 27 46
1 28 73
1 29 35
1 30 68
1 31 62
2 3 76
2 4 98
2 5 68
2 6 27
2 7 97
2 8 48
2 9 66
2 10 53
2 11 90
2 12 78
2 13 71
2 14 51
2 15 28
2 16 24
2 17 66
2 18 99
2 19 31
2 20 9
2 21 29
2 22 78
2 23 89
2 24 85
2 25 24
2 26 38
2 27 41
2 28 55
2 29 69
2 30 87
2 31 62
3 4 36
3 5 84
3 6 36
3 7 66
3 8 93
3 9 75
3 10 89
3 11 3
3 12 60
3 13 17
3 14 78
3 15 97
3 16 66
3 17 56
3 18 6
3 19 85
3 20 82
3 21 8
3 22 56
3 23 40
3 24 60
3 25 25
3 26 45
3 27 37
3 28 2
3 29 50
3 30 76
3 31 91
4 5 81
4 6 32
4 7 82
4 8 33
4 9 76
4 10 100
4 11 59
4 12 43
4 13 7
4 14 7
4 15 29
4 16 17
4 17 86
4 18 71
4 19 30
4 20 63
4 21 41
4 22 48
4 23 11
4 24 18
4 25 11
4 26 78
4 27 90
4 28 87
4 29 60
4 30 37
4 31 47
5 6 87
5 7 24
5 8 31
5 9 68
5 10 91
5 11 23
5 12 31
5 13 27
5 14 65
5 15 61
5 16 34
5 17 89
5 18 86
5 19 66
5 20 64
5 21 9
5 22 13
5 23 57
5 24 66
5 25 42
5 26 15
5 27 53
5 28 1
5 29 96
5 30 94
5 31 13
6 7 56
6 8 5
6 9 89
6 10 91
6 11 54
6 12 55
6 13 74
6 14 68
6 15 77
6 16 72
6 17 100
6 18 45
6 19 33
6 20 28
6 21 16
6 22 23
6 23 65
6 24 56
6 25 81
6 26 32
6 27 69
6 28 64
6 29 83
6 30 77
6 31 11
7 8 4
7 9 65
7 10 47
7 11 55
7 12 94
7 13 7
7 14 7
7 15 26
7 16 74
7 17 64
7 18 59
7 19 68
7 20 96
7 21 80
7 22 73
7 23 57
7 24 59
7 25 92
7 26 55
7 27 87
7 28 16
7 29 47
7 30 18
7 31 5
8 9 10
8 10 46
8 11 23
8 12 83
8 13 94
8 14 44
8 15 65
8 16 98
8 17 99
8 18 34
8 19 68
8 20 59
8 21 22
8 22 6
8 23 3
8 24 32
8 25 8
8 26 6
8 27 32
8 28 16
8 29 76
8 30 17
8 31 41
9 10 94
9 11 88
9 12 73
9 13 2
9 14 89
9 15 29
9 16 90
9 17 50
9 18 23
9 19 66
9 20 18
9 21 45
9 22 56
9 23 24
9 24 97
9 25 84
9 26 54
9 27 54
9 28 36
9 29 34
9 30 59
9 31 90
10 11 19
10 12 86
10 13 71
10 14 23
10 15 74
10 16 85
10 17 18
10 18 68
10 19 54
10 20 5
10 21 25
10 22 85
10 23 69
10 24 60
10 25 88
10 26 13
10 27 20
10 28 1
10 29 14
10 30 28
10 31 67
11 12 28
11 13 80
11 14 22
11 15 85
11 16 66
11 17 40
11 18 30
11 19 10
11 20 63
11 21 30
11 22 37
11 23 24
11 24 100
11 25 65
11 26 58
11 27 54
11 28 18
11 29 30
11 30 68
11 31 8
12 13 74
12 14 48
12 15 68
12 16 9
12 17 52
12 18 8
12 19 27
12 20 25
12 21 37
12 22 68
12 23 55
12 24 82
12 25 45
12 26 45
12 27 21
12 28 65
12 29 4
12 30 96
12 31 32
13 14 99
13 15 68
13 16 89
13 17 74
13 18 20
13 19 13
13 20 89
13 21 14
13 22 48
13 23 49
13 24 47
13 25 2
13 26 94
13 27 60
13 28 34
13 29 83
13 30 45
13 31 46
14 15 20
14 16 8
14 17 60
14 18 45
14 19 38
14 20 36
14 21 44
14 22 97
14 23 77
14 24 99
14 25 31
14 26 85
14 27 28
14 28 61
14 29 78
14 30 88
14 31 16
15 16 8
15 17 70
15 18 68
15 19 16
15 20 43
15 21 25
15 22 82
15 23 69
15 24 16
15 25 67
15 26 73
15 27 52
15 28 40
15 29 33
15 30 44
15 31 99
16 17 76
16 18 21
16 19 56
16 20 65
16 21 1
16 22 98
16 23 10
16 24 36
16 25 63
16 26 76
16 27 8
16 28 92
16 29 95
16 30 60
16 31 76
17 18 18
17 19 5
17 20 27
17 21 47
17 22 59
17 23 19
17 24 79
17 25 87
17 26 65
17 27 61
17 28 21
17 29 78
17 30 88
17 31 54
18 19 28
18 20 81
18 21 91
18 22 89
18 23 35
18 24 22
18 25 74
18 26 79
18 27 36
18 28 51
18 29 27
18 30 36
18 31 86
19 20 72
19 21 99
19 22 86
19 23 39
19 24 61
19 25 50
19 26 53
19 27 53
19 28 44
19 29 64
19 30 51
19 31 53
20 21 40
20 22 1
20 23 71
20 24 66
20 25 22
20 26 12
20 27 10
20 28 100
20 29 77
20 30 60
20 31 75
21 22 7
21 23 97
21 24 3
21 25 68
21 26 87
21 27 12
21 28 98
21 29 67
21 30 78
21 31 1
22 23 45
22 24 35
22 25 90
22 26 83
22 27 7
22 28 77
22 29 38
22 30 31
22 31 19
23 24 27
23 25 69
23 26 77
23 27 17
23 28 7
23 29 70
23 30 99
23 31 90
24 25 90
24 26 64
24 27 41
24 28 10
24 29 73
24 30 24
24 31 81
25 26 39
25 27 68
25 28 75
25 29 92
25 30 82
25 31 10
26 27 96
26 28 9
26 29 17
26 30 88
26 31 76
27 28 23
27 29 57
27 30 1
27 31 99
28 29 82
28 30 89
28 31 44
29 30 90
29 31 74
30 31 57
