99 4851 98
1 2 45
1 3 1
1 4 52
1 5 25
1 6 22
1 7 96
1 8 88
1 9 66
1 10 30
1 11 20
1 12 98
1 13 12
1 14 76
1 15 33
1 16 93
1 17 41
1 18 36
1 19 98
1 20 11
1 21 55
1 22 66
1 23 50
1 24 79
1 25 31
1 26 92
1 27 80
1 28 87
1 29 96
1 30 94
1 31 15
1 32 4
1 33 79
1 34 22
1 35 60
1 36 19
1 37 64
1 38 22
1 39 55
1 40 58
1 41 73
1 42 39
1 43 69
1 44 82
1 45 3
1 46 19
1 47 58
1 48 84
1 49 30
1 50 85
1 51 5
1 52 83
1 53 45
1 54 90
1 55 56
1 56 59
1 57 54
1 58 15
1 59 47
1 60 38
1 61 85
1 62 72
1 63 26
1 64 40
1 65 3
1 66 64
1 67 56
1 68 52
1 69 66
1 70 64
1 71 16
1 72 31
1 73 27
1 74 32
1 75 31
1 76 75
1 77 93
1 78 8
1 79 8
1 80 80
1 81 54
1 82 70
1 83 27
1 84 11
1 85 7
1 86 34
1 87 2
1 88 33
1 89 25
1 90 66
1 91 42
1 92 72
1 93 64
1 94 36
1 95 91
1 96 35
1 97 72
1 98 68
1 99 72
2 3 10
2 4 28
2 5 86
2 6 37
2 7 11
2 8 54
2 9 60
2 10 57
2 11 7
2 12 14
2 13 44
2 14 27
2 15 8
2 16 11
2 17 35
2 18 12
2 19 94
2 20 68
2 21 46
2 22 21
2 23 85
2 24 17
2 25 62
2 26 69
2 27 33
2 28 72
2 29 71
2 30 37
2 31 11
2 32 42
2 33 88
2 34 22
2 35 2
2 36 29
2 37 77
2 38 15
2 39 3
2 40 24
2 41 66
2 42 59
2 43 15
2 44 72
2 45 15
2 46 6
2 47 36
2 48 8
2 49 64
2 50 71
2 51 67
2 52 56
2 53 37
2 54 50
2 55 85
2 56 36
2 57 68
2 58 18
2 59 13
2 60 41
2 61 35
2 62 36
2 63 59
2 64 29
2 65 37
2 66 75
2 67 12
2 68 11
2 69 7
2 70 68
2 71 83
2 72 57
2 73 88
2 74 27
2 75 70
2 76 72
2 77 14
2 78 90
2 79 65
2 80 98
2 81 77
2 82 85
2 83 89
2 84 69
2 85 43
2 86 38
2 87 80
2 88 41
2 89 37
2 90 72
2 91 22
2 92 91
2 93 19
2 94 92
2 95 80
2 96 37
2 97 8
2 98 33
2 99 76
3 4 9
3 5 53
3 6 51
3 7 99
3 8 52
3 9 85
3 10 76
3 11 19
3 12 36
3 13 23
3 14 10
3 15 9
3 16 23
3 17 74
3 18 64
3 19 51
3 20 23
3 21 41
3 22 12
3 23 24
3 24 77
3 25 4
3 26 87
3 27 70
3 28 9
3 29 63
3 30 52
3 31 23
3 32 61
3 33 24
3 34 38
3 35 95
3 36 31
3 37 7
3 38 39
3 39 58
3 40 53
3 41 45
3 42 96
3 43 91
3 44 54
3 45 46
3 46 63
3 47 45
3 48 56
3 49 6
3 50 98
3 51 17
3 52 46
3 53 49
3 54 89
3 55 97
3 56 44
3 57 8
3 58 88
3 59 46
3 60 90
3 61 75
3 62 25
3 63 62
3 64 6
3 65 1
3 66 88
3 67 20
3 68 90
3 69 86
3 70 32
3 71 7
3 72 58
3 73 79
3 74 25
3 75 92
3 76 52
3 77 94
3 78 4
3 79 29
3 80 28
3 81 79
3 82 21
3 83 90
3 84 36
3 85 81
3 86 54
3 87 41
3 88 82
3 89 86
3 90 95
3 91 79
3 92 85
3 93 79
3 94 84
3 95 83
3 96 20
3 97 38
3 98 11
3 99 39
4 5 19
4 6 58
4 7 99
4 8 20
4 9 74
4 10 86
4 11 63
4 12 83
4 13 3
4 14 43
4 15 6
4 16 26
4 17 69
4 18 10
4 19 12
4 20 51
4 21 63
4 22 3
4 23 23
4 24 42
4 25 4
4 26 54
4 27 65
4 28 12
4 29 87
4 30 49
4 31 13
4 32 68
4 33 5
4 34 50
4 35 65
4 36 16
4 37 52
4 38 83
4 39 29
4 40 9
4 41 99
4 42 42
4 43 42
4 44 70
4 45 40
4 46 1
4 47 100
4 48 9
4 49 56
4 50 75
4 51 7
4 52 83
4 53 32
4 54 83
4 55 68
4 56 98
4 57 94
4 58 16
4 59 34
4 60 30
4 61 91
4 62 91
4 63 58
4 64 10
4 65 4
4 66 3
4 67 19
4 68 18
4 69 63
4 70 19
4 71 27
4 72 47
4 73 69
4 74 97
4 75 93
4 76 99
4 77 30
4 78 72
4 79 6
4 80 1
4 81 21
4 82 57
4 83 98
4 84 24
4 85 46
4 86 84
4 87 76
4 88 83
4 89 22
4 90 18
4 91 31
4 92 33
4 93 23
4 94 20
4 95 40
4 96 48
4 97 21
4 98 97
4 99 27
5 6 2
5 7 64
5 8 54
5 9 65
5 10 32
5 11 95
5 12 28
5 13 73
5 14 87
5 15 48
5 16 36
5 17 53
5 18 35
5 19 3
5 20 83
5 21 15
5 22 34
5 23 10
5 24 12
5 25 27
5 26 61
5 27 80
5 28 84
5 29 90
5 30 2
5 31 15
5 32 86
5 33 66
5 34 92
5 35 43
5 36 51
5 37 1
5 38 64
5 39 63
5 40 49
5 41 81
5 42 50
5 43 77
5 44 46
5 45 73
5 46 2
5 47 17
5 48 43
5 49 14
5 50 20
5 51 29
5 52 32
5 53 32
5 54 37
5 55 100
5 56 15
5 57 91
5 58 48
5 59 96
5 60 8
5 61 60
5 62 74
5 63 47
5 64 58
5 65 74
5 66 78
5 67 24
5 68 43
5 69 34
5 70 15
5 71 72
5 72 95
5 73 42
5 74 51
5 75 68
5 76 19
5 77 52
5 78 96
5 79 26
5 80 95
5 81 93
5 82 75
5 83 61
5 84 73
5 85 6
5 86 22
5 87 6
5 88 66
5 89 7
5 90 46
5 91 5
5 92 93
5 93 74
5 94 64
5 95 63
5 96 96
5 97 87
5 98 76
5 99 1
6 7 26
6 8 51
6 9 97
6 10 42
6 11 91
6 12 39
6 13 46
6 14 6
6 15 33
6 16 72
6 17 16
6 18 44
6 19 55
6 20 58
6 21 7
6 22 52
6 23 88
6 24 22
6 25 17
6 26 17
6 27 4
6 28 18
6 29 88
6 30 76
6 31 69
6 32 9
6 33 28
6 34 28
6 35 54
6 36 79
6 37 16
6 38 17
6 39 96
6 40 25
6 41 79
6 42 59
6 43 28
6 44 84
6 45 95
6 46 100
6 47 100
6 48 91
6 49 71
6 50 88
6 51 63
6 52 90
6 53 71
6 54 91
6 55 55
6 56 42
6 57 40
6 58 46
6 59 29
6 60 12
6 61 87
6 62 32
6 63 81
6 64 69
6 65 43
6 66 11
6 67 88
6 68 51
6 69 96
6 70 49
6 71 32
6 72 7
6 73 45
6 74 51
6 75 3
6 76 38
6 77 75
6 78 25
6 79 46
6 80 89
6 81 69
6 82 17
6 83 7
6 84 21
6 85 3
6 86 85
6 87 4
6 88 79
6 89 20
6 90 89
6 91 59
6 92 48
6 93 23
6 94 85
6 95 86
6 96 57
6 97 52
6 98 47
6 99 61
7 8 13
7 9 28
7 10 48
7 11 30
7 12 7
7 13 45
7 14 40
7 15 64
7 16 42
7 17 31
7 18 53
7 19 64
7 20 57
7 21 8
7 22 73
7 23 95
7 24 38
7 25 92
7 26 96
7 27 100
7 28 32
7 29 60
7 30 51
7 31 90
7 32 21
7 33 68
7 34 63
7 35 45
7 36 22
7 37 51
7 38 18
7 39 67
7 40 8
7 41 21
7 42 15
7 43 91
7 44 16
7 45 86
7 46 90
7 47 20
7 48 53
7 49 26
7 50 34
7 51 90
7 52 62
7 53 62
7 54 52
7 55 89
7 56 67
7 57 85
7 58 80
7 59 49
7 60 41
7 61 96
7 62 78
7 63 16
7 64 38
7 65 91
7 66 85
7 67 77
7 68 55
7 69 25
7 70 11
7 71 36
7 72 77
7 73 9
7 74 67
7 75 51
7 76 29
7 77 98
7 78 54
7 79 63
7 80 31
7 81 28
7 82 15
7 83 82
7 84 99
7 85 80
7 86 94
7 87 82
7 88 71
7 89 84
7 90 97
7 91 25
7 92 99
7 93 63
7 94 75
7 95 38
7 96 9
7 97 19
7 98 47
7 99 18
8 9 44
8 10 91
8 11 10
8 12 8
8 13 41
8 14 47
8 15 69
8 16 29
8 17 77
8 18 52
8 19 3
8 20 30
8 21 71
8 22 51
8 23 40
8 24 59
8 25 41
8 26 42
8 27 6
8 28 74
8 29 41
8 30 15
8 31 92
8 32 86
8 33 66
8 34 74
8 35 74
8 36 93
8 37 46
8 38 69
8 39 68
8 40 7
8 41 99
8 42 26
8 43 81
8 44 96
8 45 88
8 46 56
8 47 51
8 48 38
8 49 54
8 50 43
8 51 97
8 52 11
8 53 27
8 54 60
8 55 67
8 56 88
8 57 57
8 58 31
8 59 5
8 60 62
8 61 61
8 62 35
8 63 15
8 64 48
8 65 45
8 66 73
8 67 26
8 68 61
8 69 50
8 70 56
8 71 6
8 72 76
8 73 100
8 74 99
8 75 17
8 76 25
8 77 68
8 78 87
8 79 90
8 80 55
8 81 93
8 82 46
8 83 71
8 84 49
8 85 97
8 86 93
8 87 75
8 88 35
8 89 87
8 90 69
8 91 54
8 92 69
8 93 54
8 94 53
8 95 37
8 96 3
8 97 58
8 98 12
8 99 56
9 10 2
9 11 20
9 12 59
9 13 18
9 14 72
9 15 6
9 16 4
9 17 43
9 18 35
9 19 26
9 20 80
9 21 96
9 22 87
9 23 94
9 24 52
9 25 13
9 26 8
9 27 54
9 28 52
9 29 93
9 30 31
9 31 40
9 32 76
9 33 88
9 34 28
9 35 63
9 36 56
9 37 35
9 38 18
9 39 64
9 40 75
9 41 10
9 42 77
9 43 31
9 44 93
9 45 74
9 46 45
9 47 86
9 48 38
9 49 79
9 50 59
9 51 96
9 52 7
9 53 23
9 54 21
9 55 91
9 56 66
9 57 57
9 58 25
9 59 86
9 60 52
9 61 87
9 62 33
9 63 52
9 64 41
9 65 75
9 66 13
9 67 35
9 68 2
9 69 10
9 70 54
9 71 27
9 72 36
9 73 46
9 74 100
9 75 53
9 76 12
9 77 92
9 78 31
9 79 95
9 80 47
9 81 71
9 82 56
9 83 56
9 84 19
9 85 62
9 86 67
9 87 98
9 88 20
9 89 79
9 90 18
9 91 91
9 92 41
9 93 66
9 94 55
9 95 66
9 96 31
9 97 41
9 98 82
9 99 75
10 11 56
10 12 94
10 13 76
10 14 43
10 15 74
10 16 66
10 17 95
10 18 65
10 19 8
10 20 33
10 21 48
10 22 9
10 23 62
10 24 98
10 25 63
10 26 77
10 27 61
10 28 36
10 29 35
10 30 9
10 31 55
10 32 6
10 33 72
10 34 75
10 35 63
10 36 94
10 37 76
10 38 32
10 39 59
10 40 78
10 41 99
10 42 98
10 43 77
10 44 66
10 45 40
10 46 10
10 47 90
10 48 21
10 49 77
10 50 1
10 51 11
10 52 53
10 53 53
10 54 54
10 55 27
10 56 30
10 57 60
10 58 52
10 59 47
10 60 50
10 61 19
10 62 60
10 63 90
10 64 96
10 65 60
10 66 100
10 67 92
10 68 45
10 69 7
10 70 91
10 71 19
10 72 91
10 73 74
10 74 54
10 75 57
10 76 51
10 77 32
10 78 5
10 79 53
10 80 68
10 81 58
10 82 14
10 83 14
10 84 18
10 85 11
10 86 96
10 87 34
10 88 8
10 89 12
10 90 87
10 91 32
10 92 53
10 93 38
10 94 5
10 95 12
10 96 74
10 97 9
10 98 82
10 99 100
11 12 84
11 13 64
11 14 36
11 15 14
11 16 84
11 17 67
11 18 39
11 19 90
11 20 38
11 21 40
11 22 97
11 23 33
11 24 28
11 25 11
11 26 74
11 27 44
11 28 86
11 29 93
11 30 8
11 31 34
11 32 11
11 33 66
11 34 52
11 35 50
11 36 14
11 37 48
11 38 28
11 39 34
11 40 85
11 41 70
11 42 9
11 43 41
11 44 36
11 45 48
11 46 76
11 47 89
11 48 68
11 49 4
11 50 11
11 51 73
11 52 40
11 53 42
11 54 60
11 55 99
11 56 16
11 57 74
11 58 91
11 59 98
11 60 71
11 61 45
11 62 65
11 63 77
11 64 81
11 65 74
11 66 30
11 67 23
11 68 59
11 69 52
11 70 70
11 71 64
11 72 42
11 73 61
11 74 33
11 75 97
11 76 10
11 77 92
11 78 100
11 79 21
11 80 40
11 81 67
11 82 74
11 83 97
11 84 71
11 85 4
11 86 46
11 87 42
11 88 2
11 89 62
11 90 49
11 91 67
11 92 87
11 93 80
11 94 44
11 95 79
11 96 50
11 97 5
11 98 17
11 99 27
12 13 68
12 14 1
12 15 9
12 16 29
12 17 41
12 18 62
12 19 81
12 20 2
12 21 3
12 22 18
12 23 54
12 24 42
12 25 65
12 26 58
12 27 97
12 28 24
12 29 23
12 30 2
12 31 31
12 32 64
12 33 87
12 34 98
12 35 95
12 36 11
12 37 96
12 38 80
12 39 36
12 40 19
12 41 3
12 42 73
12 43 77
12 44 60
12 45 71
12 46 73
12 47 23
12 48 31
12 49 93
12 50 46
12 51 68
12 52 23
12 53 36
12 54 8
12 55 40
12 56 16
12 57 26
12 58 68
12 59 11
12 60 67
12 61 1
12 62 80
12 63 15
12 64 42
12 65 8
12 66 36
12 67 42
12 68 27
12 69 22
12 70 11
12 71 51
12 72 15
12 73 9
12 74 79
12 75 11
12 76 4
12 77 92
12 78 3
12 79 14
12 80 29
12 81 87
12 82 60
12 83 49
12 84 31
12 85 41
12 86 33
12 87 76
12 88 80
12 89 9
12 90 45
12 91 96
12 92 41
12 93 98
12 94 99
12 95 9
12 96 58
12 97 57
12 98 26
12 99 97
13 14 70
13 15 72
13 16 81
13 17 3
13 18 88
13 19 15
13 20 58
13 21 9
13 22 54
13 23 30
13 24 69
13 25 20
13 26 77
13 27 62
13 28 94
13 29 88
13 30 14
13 31 17
13 32 5
13 33 97
13 34 19
13 35 30
13 36 86
13 37 66
13 38 29
13 39 1
13 40 72
13 41 98
13 42 99
13 43 81
13 44 44
13 45 83
13 46 25
13 47 68
13 48 61
13 49 50
13 50 53
13 51 81
13 52 32
13 53 56
13 54 42
13 55 21
13 56 5
13 57 18
13 58 40
13 59 2
13 60 74
13 61 99
13 62 42
13 63 65
13 64 89
13 65 43
13 66 89
13 67 40
13 68 58
13 69 30
13 70 12
13 71 92
13 72 33
13 73 52
13 74 17
13 75 81
13 76 19
13 77 25
13 78 74
13 79 26
13 80 45
13 81 7
13 82 78
13 83 5
13 84 6
13 85 45
13 86 45
13 87 22
13 88 74
13 89 100
13 90 20
13 91 88
13 92 32
13 93 54
13 94 75
13 95 94
13 96 73
13 97 8
13 98 37
13 99 16
14 15 49
14 16 2
14 17 86
14 18 40
14 19 10
14 20 84
14 21 67
14 22 50
14 23 85
14 24 21
14 25 54
14 26 69
14 27 36
14 28 8
14 29 100
14 30 70
14 31 47
14 32 92
14 33 81
14 34 74
14 35 17
14 36 41
14 37 78
14 38 69
14 39 46
14 40 14
14 41 24
14 42 17
14 43 44
14 44 9
14 45 90
14 46 95
14 47 5
14 48 48
14 49 74
14 50 90
14 51 38
14 52 1
14 53 19
14 54 22
14 55 71
14 56 53
14 57 55
14 58 83
14 59 89
14 60 64
14 61 44
14 62 14
14 63 78
14 64 23
14 65 32
14 66 83
14 67 76
14 68 6
14 69 30
14 70 2
14 71 38
14 72 31
14 73 39
14 74 59
14 75 24
14 76 1
14 77 52
14 78 97
14 79 76
14 80 54
14 81 96
14 82 25
14 83 49
14 84 34
14 85 35
14 86 48
14 87 100
14 88 68
14 89 38
14 90 96
14 91 97
14 92 37
14 93 44
14 94 9
14 95 88
14 96 100
14 97 80
14 98 4
14 99 1
15 16 28
15 17 10
15 18 95
15 19 86
15 20 15
15 21 10
15 22 50
15 23 78
15 24 36
15 25 93
15 26 45
15 27 23
15 28 37
15 29 34
15 30 93
15 31 72
15 32 16
15 33 91
15 34 20
15 35 16
15 36 12
15 37 86
15 38 57
15 39 54
15 40 89
15 41 44
15 42 87
15 43 70
15 44 94
15 45 49
15 46 42
15 47 8
15 48 51
15 49 74
15 50 15
15 51 8
15 52 33
15 53 6
15 54 29
15 55 86
15 56 1
15 57 11
15 58 49
15 59 95
15 60 68
15 61 20
15 62 8
15 63 91
15 64 12
15 65 96
15 66 68
15 67 3
15 68 47
15 69 92
15 70 17
15 71 31
15 72 46
15 73 18
15 74 63
15 75 62
15 76 13
15 77 51
15 78 90
15 79 21
15 80 62
15 81 82
15 82 81
15 83 70
15 84 65
15 85 14
15 86 73
15 87 76
15 88 17
15 89 33
15 90 95
15 91 47
15 92 61
15 93 69
15 94 71
15 95 92
15 96 70
15 97 84
15 98 76
15 99 99
16 17 45
16 18 90
16 19 11
16 20 26
16 21 16
16 22 42
16 23 83
16 24 76
16 25 42
16 26 96
16 27 85
16 28 3
16 29 54
16 30 27
16 31 40
16 32 58
16 33 16
16 34 59
16 35 89
16 36 31
16 37 62
16 38 32
16 39 62
16 40 87
16 41 15
16 42 22
16 43 77
16 44 30
16 45 84
16 46 53
16 47 32
16 48 35
16 49 44
16 50 80
16 51 99
16 52 34
16 53 72
16 54 39
16 55 64
16 56 78
16 57 90
16 58 3
16 59 46
16 60 72
16 61 90
16 62 81
16 63 71
16 64 11
16 65 53
16 66 88
16 67 17
16 68 11
16 69 13
16 70 59
16 71 40
16 72 90
16 73 87
16 74 14
16 75 22
16 76 29
16 77 80
16 78 26
16 79 11
16 80 21
16 81 94
16 82 17
16 83 69
16 84 75
16 85 24
16 86 99
16 87 76
16 88 98
16 89 27
16 90 43
16 91 6
16 92 24
16 93 81
16 94 28
16 95 24
16 96 36
16 97 34
16 98 54
16 99 56
17 18 93
17 19 26
17 20 99
17 21 98
17 22 77
17 23 30
17 24 100
17 25 37
17 26 45
17 27 49
17 28 36
17 29 80
17 30 87
17 31 74
17 32 4
17 33 89
17 34 68
17 35 100
17 36 81
17 37 92
17 38 55
17 39 72
17 40 60
17 41 11
17 42 94
17 43 2
17 44 50
17 45 25
17 46 60
17 47 97
17 48 83
17 49 14
17 50 45
17 51 81
17 52 72
17 53 99
17 54 85
17 55 29
17 56 65
17 57 92
17 58 4
17 59 84
17 60 12
17 61 52
17 62 39
17 63 65
17 64 97
17 65 61
17 66 87
17 67 25
17 68 68
17 69 21
17 70 100
17 71 82
17 72 44
17 73 15
17 74 30
17 75 2
17 76 67
17 77 66
17 78 58
17 79 38
17 80 24
17 81 39
17 82 14
17 83 15
17 84 62
17 85 99
17 86 5
17 87 59
17 88 82
17 89 2
17 90 55
17 91 12
17 92 74
17 93 94
17 94 71
17 95 83
17 96 84
17 97 14
17 98 82
17 99 9
18 19 95
18 20 32
18 21 58
18 22 86
18 23 29
18 24 4
18 25 74
18 26 84
18 27 64
18 28 65
18 29 94
18 30 31
18 31 6
18 32 67
18 33 88
18 34 50
18 35 7
18 36 71
18 37 63
18 38 52
18 39 11
18 40 40
18 41 64
18 42 5
18 43 13
18 44 93
18 45 54
18 46 26
18 47 84
18 48 2
18 49 88
18 50 12
18 51 58
18 52 55
18 53 38
18 54 16
18 55 40
18 56 28
18 57 82
18 58 25
18 59 90
18 60 18
18 61 90
18 62 100
18 63 37
18 64 54
18 65 32
18 66 72
18 67 23
18 68 69
18 69 71
18 70 8
18 71 40
18 72 14
18 73 16
18 74 23
18 75 9
18 76 13
18 77 94
18 78 2
18 79 58
18 80 8
18 81 60
18 82 4
18 83 94
18 84 83
18 85 81
18 86 77
18 87 18
18 88 12
18 89 17
18 90 96
18 91 24
18 92 10
18 93 100
18 94 43
18 95 25
18 96 70
18 97 96
18 98 79
18 99 21
19 20 10
19 21 67
19 22 65
19 23 45
19 24 59
19 25 49
19 26 96
19 27 10
19 28 56
19 29 100
19 30 65
19 31 82
19 32 36
19 33 40
19 34 64
19 35 9
19 36 86
19 37 57
19 38 45
19 39 44
19 40 79
19 41 27
19 42 81
19 43 13
19 44 68
19 45 87
19 46 21
19 47 10
19 48 10
19 49 51
19 50 82
19 51 94
19 52 27
19 53 16
19 54 92
19 55 94
19 56 55
19 57 27
19 58 71
19 59 11
19 60 89
19 61 73
19 62 80
19 63 64
19 64 79
19 65 85
19 66 83
19 67 32
19 68 13
19 69 42
19 70 11
19 71 95
19 72 18
19 73 98
19 74 28
19 75 97
19 76 63
19 77 26
19 78 8
19 79 42
19 80 61
19 81 63
19 82 38
19 83 33
19 84 34
19 85 100
19 86 19
19 87 45
19 88 16
19 89 47
19 90 50
19 91 63
19 92 20
19 93 83
19 94 37
19 95 31
19 96 55
19 97 13
19 98 88
19 99 82
20 21 35
20 22 69
20 23 38
20 24 76
20 25 49
20 26 66
20 27 10
20 28 60
20 29 50
20 30 50
20 31 12
20 32 90
20 33 22
20 34 7
20 35 38
20 36 89
20 37 29
20 38 52
20 39 31
20 40 10
20 41 25
20 42 77
20 43 15
20 44 51
20 45 65
20 46 17
20 47 15
20 48 52
20 49 14
20 50 91
20 51 81
20 52 52
20 53 64
20 54 27
20 55 11
20 56 31
20 57 22
20 58 89
20 59 65
20 60 80
20 61 96
20 62 36
20 63 43
20 64 98
20 65 65
20 66 29
20 67 8
20 68 61
20 69 80
20 70 40
20 71 89
20 72 12
20 73 10
20 74 22
20 75 61
20 76 45
20 77 91
20 78 2
20 79 67
20 80 38
20 81 81
20 82 87
20 83 20
20 84 9
20 85 74
20 86 58
20 87 50
20 88 89
20 89 100
20 90 100
20 91 76
20 92 28
20 93 49
20 94 18
20 95 88
20 96 49
20 97 61
20 98 60
20 99 68
21 22 69
21 23 59
21 24 8
21 25 13
21 26 98
21 27 84
21 28 79
21 29 60
21 30 66
21 31 33
21 32 48
21 33 85
21 34 37
21 35 17
21 36 87
21 37 83
21 38 54
21 39 62
21 40 60
21 41 41
21 42 67
21 43 55
21 44 45
21 45 93
21 46 49
21 47 59
21 48 31
21 49 66
21 50 34
21 51 100
21 52 59
21 53 41
21 54 3
21 55 95
21 56 95
21 57 24
21 58 43
21 59 1
21 60 33
21 61 69
21 62 76
21 63 5
21 64 49
21 65 8
21 66 80
21 67 52
21 68 83
21 69 79
21 70 90
21 71 29
21 72 54
21 73 90
21 74 94
21 75 73
21 76 62
21 77 98
21 78 100
21 79 13
21 80 6
21 81 68
21 82 4
21 83 93
21 84 90
21 85 19
21 86 10
21 87 79
21 88 12
21 89 86
21 90 25
21 91 39
21 92 38
21 93 85
21 94 96
21 95 64
21 96 48
21 97 59
21 98 52
21 99 79
22 23 28
22 24 17
22 25 82
22 26 19
22 27 44
22 28 65
22 29 92
22 30 12
22 31 91
22 32 34
22 33 19
22 34 71
22 35 78
22 36 77
22 37 32
22 38 64
22 39 41
22 40 66
22 41 7
22 42 53
22 43 82
22 44 25
22 45 75
22 46 35
22 47 39
22 48 61
22 49 13
22 50 82
22 51 11
22 52 73
22 53 24
22 54 16
22 55 65
22 56 77
22 57 39
22 58 62
22 59 35
22 60 32
22 61 39
22 62 83
22 63 5
22 64 56
22 65 53
22 66 20
22 67 82
22 68 66
22 69 77
22 70 1
22 71 54
22 72 94
22 73 84
22 74 97
22 75 86
22 76 21
22 77 76
22 78 67
22 79 10
22 80 56
22 81 76
22 82 13
22 83 11
22 84 30
22 85 97
22 86 69
22 87 52
22 88 95
22 89 27
22 90 10
22 91 76
22 92 16
22 93 9
22 94 28
22 95 90
22 96 91
22 97 64
22 98 53
22 99 36
23 24 80
23 25 41
23 26 3
23 27 16
23 28 41
23 29 27
23 30 80
23 31 77
23 32 87
23 33 55
23 34 97
23 35 9
23 36 42
23 37 5
23 38 11
23 39 29
23 40 64
23 41 10
23 42 1
23 43 16
23 44 69
23 45 56
23 46 6
23 47 71
23 48 94
23 49 46
23 50 9
23 51 84
23 52 3
23 53 86
23 54 55
23 55 10
23 56 95
23 57 32
23 58 16
23 59 98
23 60 6
23 61 22
23 62 42
23 63 36
23 64 16
23 65 90
23 66 64
23 67 7
23 68 56
23 69 32
23 70 55
23 71 91
23 72 25
23 73 40
23 74 27
23 75 2
23 76 38
23 77 54
23 78 36
23 79 9
23 80 79
23 81 42
23 82 41
23 83 65
23 84 38
23 85 12
23 86 96
23 87 15
23 88 92
23 89 55
23 90 98
23 91 96
23 92 21
23 93 53
23 94 4
23 95 2
23 96 27
23 97 92
23 98 46
23 99 100
24 25 48
24 26 28
24 27 4
24 28 24
24 29 13
24 30 8
24 31 96
24 32 12
24 33 34
24 34 7
24 35 26
24 36 54
24 37 82
24 38 19
24 39 41
24 40 88
24 41 85
24 42 87
24 43 93
24 44 20
24 45 9
24 46 4
24 47 32
24 48 65
24 49 41
24 50 55
24 51 86
24 52 59
24 53 48
24 54 40
24 55 56
24 56 94
24 57 23
24 58 23
24 59 39
24 60 37
24 61 82
24 62 61
24 63 61
24 64 64
24 65 46
24 66 81
24 67 64
24 68 21
24 69 34
24 70 69
24 71 51
24 72 44
24 73 27
24 74 28
24 75 94
24 76 25
24 77 39
24 78 11
24 79 8
24 80 64
24 81 34
24 82 79
24 83 33
24 84 85
24 85 36
24 86 78
24 87 15
24 88 59
24 89 83
24 90 41
24 91 50
24 92 17
24 93 39
24 94 27
24 95 12
24 96 87
24 97 9
24 98 92
24 99 88
25 26 5
25 27 14
25 28 19
25 29 83
25 30 20
25 31 62
25 32 24
25 33 89
25 34 59
25 35 65
25 36 49
25 37 32
25 38 55
25 39 41
25 40 86
25 41 70
25 42 83
25 43 48
25 44 74
25 45 90
25 46 69
25 47 89
25 48 24
25 49 38
25 50 42
25 51 79
25 52 69
25 53 15
25 54 50
25 55 48
25 56 8
25 57 75
25 58 91
25 59 94
25 60 89
25 61 53
25 62 33
25 63 84
25 64 99
25 65 4
25 66 52
25 67 62
25 68 23
25 69 6
25 70 35
25 71 60
25 72 33
25 73 97
25 74 23
25 75 44
25 76 17
25 77 61
25 78 69
25 79 38
25 80 16
25 81 26
25 82 72
25 83 37
25 84 89
25 85 44
25 86 40
25 87 73
25 88 7
25 89 16
25 90 32
25 91 89
25 92 71
25 93 79
25 94 71
25 95 50
25 96 61
25 97 26
25 98 56
25 99 66
26 27 75
26 28 37
26 29 52
26 30 100
26 31 59
26 32 32
26 33 6
26 34 73
26 35 86
26 36 98
26 37 35
26 38 65
26 39 89
26 40 66
26 41 28
26 42 51
26 43 12
26 44 10
26 45 86
26 46 100
26 47 85
26 48 31
26 49 58
26 50 15
26 51 19
26 52 67
26 53 2
26 54 11
26 55 44
26 56 57
26 57 8
26 58 51
26 59 87
26 60 76
26 61 37
26 62 93
26 63 36
26 64 48
26 65 20
26 66 53
26 67 64
26 68 19
26 69 94
26 70 17
26 71 13
26 72 84
26 73 84
26 74 84
26 75 70
26 76 3
26 77 76
26 78 2
26 79 58
26 80 67
26 81 97
26 82 13
26 83 2
26 84 26
26 85 29
26 86 63
26 87 68
26 88 81
26 89 29
26 90 49
26 91 92
26 92 19
26 93 19
26 94 14
26 95 4
26 96 4
26 97 65
26 98 1
26 99 40
27 28 48
27 29 36
27 30 78
27 31 19
27 32 54
27 33 30
27 34 40
27 35 49
27 36 83
27 37 6
27 38 85
27 39 31
27 40 3
27 41 5
27 42 67
27 43 60
27 44 77
27 45 91
27 46 1
27 47 18
27 48 100
27 49 10
27 50 24
27 51 54
27 52 57
27 53 58
27 54 93
27 55 49
27 56 48
27 57 72
27 58 92
27 59 96
27 60 39
27 61 33
27 62 93
27 63 8
27 64 54
27 65 29
27 66 86
27 67 23
27 68 57
27 69 50
27 70 99
27 71 77
27 72 78
27 73 56
27 74 66
27 75 92
27 76 7
27 77 85
27 78 64
27 79 69
27 80 46
27 81 45
27 82 100
27 83 82
27 84 10
27 85 97
27 86 39
27 87 53
27 88 79
27 89 91
27 90 86
27 91 74
27 92 76
27 93 24
27 94 91
27 95 94
27 96 21
27 97 24
27 98 35
27 99 1
28 29 72
28 30 41
28 31 57
28 32 35
28 33 48
28 34 36
28 35 85
28 36 61
28 37 30
28 38 24
28 39 74
28 40 90
28 41 91
28 42 85
28 43 45
28 44 64
28 45 89
28 46 16
28 47 55
28 48 34
28 49 18
28 50 10
28 51 6
28 52 99
28 53 28
28 54 36
28 55 78
28 56 31
28 57 14
28 58 45
28 59 20
28 60 49
28 61 12
28 62 7
28 63 59
28 64 28
28 65 54
28 66 83
28 67 32
28 68 58
28 69 86
28 70 45
28 71 12
28 72 18
28 73 18
28 74 98
28 75 81
28 76 37
28 77 27
28 78 64
28 79 26
28 80 58
28 81 20
28 82 47
28 83 7
28 84 62
28 85 14
28 86 92
28 87 12
28 88 1
28 89 76
28 90 9
28 91 56
28 92 4
28 93 100
28 94 36
28 95 65
28 96 56
28 97 56
28 98 16
28 99 43
29 30 97
29 31 58
29 32 71
29 33 38
29 34 69
29 35 83
29 36 61
29 37 91
29 38 86
29 39 50
29 40 43
29 41 20
29 42 38
29 43 2
29 44 24
29 45 100
29 46 83
29 47 37
29 48 69
29 49 18
29 50 36
29 51 61
29 52 84
29 53 69
29 54 54
29 55 97
29 56 14
29 57 68
29 58 98
29 59 70
29 60 73
29 61 60
29 62 97
29 63 30
29 64 83
29 65 9
29 66 19
29 67 54
29 68 32
29 69 8
29 70 49
29 71 82
29 72 53
29 73 32
29 74 94
29 75 51
29 76 5
29 77 4
29 78 53
29 79 63
29 80 15
29 81 43
29 82 79
29 83 29
29 84 54
29 85 8
29 86 15
29 87 9
29 88 69
29 89 8
29 90 52
29 91 1
29 92 16
29 93 19
29 94 62
29 95 68
29 96 50
29 97 71
29 98 99
29 99 64
30 31 58
30 32 54
30 33 70
30 34 60
30 35 72
30 36 88
30 37 10
30 38 88
30 39 66
30 40 18
30 41 88
30 42 40
30 43 71
30 44 77
30 45 89
30 46 92
30 47 44
30 48 44
30 49 64
30 50 55
30 51 51
30 52 79
30 53 68
30 54 14
30 55 15
30 56 56
30 57 4
30 58 75
30 59 72
30 60 68
30 61 86
30 62 79
30 63 1
30 64 16
30 65 36
30 66 72
30 67 45
30 68 76
30 69 60
30 70 93
30 71 11
30 72 74
30 73 25
30 74 87
30 75 18
30 76 22
30 77 5
30 78 81
30 79 83
30 80 20
30 81 95
30 82 83
30 83 59
30 84 58
30 85 15
30 86 65
30 87 32
30 88 77
30 89 10
30 90 26
30 91 32
30 92 93
30 93 24
30 94 65
30 95 18
30 96 68
30 97 73
30 98 24
30 99 84
31 32 6
31 33 1
31 34 70
31 35 78
31 36 87
31 37 50
31 38 16
31 39 5
31 40 17
31 41 72
31 42 77
31 43 29
31 44 91
31 45 66
31 46 89
31 47 21
31 48 41
31 49 57
31 50 71
31 51 51
31 52 91
31 53 16
31 54 7
31 55 47
31 56 15
31 57 41
31 58 35
31 59 5
31 60 95
31 61 67
31 62 21
31 63 52
31 64 66
31 65 98
31 66 8
31 67 82
31 68 16
31 69 57
31 70 16
31 71 45
31 72 76
31 73 28
31 74 50
31 75 64
31 76 92
31 77 93
31 78 24
31 79 92
31 80 35
31 81 45
31 82 82
31 83 36
31 84 39
31 85 72
31 86 38
31 87 63
31 88 61
31 89 80
31 90 35
31 91 98
31 92 11
31 93 65
31 94 96
31 95 24
31 96 43
31 97 82
31 98 10
31 99 57
32 33 91
32 34 63
32 35 23
32 36 93
32 37 72
32 38 61
32 39 94
32 40 57
32 41 68
32 42 81
32 43 63
32 44 80
32 45 3
32 46 62
32 47 17
32 48 65
32 49 94
32 50 40
32 51 78
32 52 28
32 53 8
32 54 69
32 55 90
32 56 66
32 57 83
32 58 63
32 59 1
32 60 30
32 61 38
32 62 39
32 63 84
32 64 61
32 65 34
32 66 54
32 67 38
32 68 96
32 69 59
32 70 100
32 71 3
32 72 52
32 73 5
32 74 55
32 75 32
32 76 79
32 77 61
32 78 28
32 79 42
32 80 27
32 81 32
32 82 99
32 83 30
32 84 41
32 85 100
32 86 60
32 87 58
32 88 57
32 89 80
32 90 56
32 91 6
32 92 67
32 93 32
32 94 50
32 95 74
32 96 7
32 97 71
32 98 43
32 99 60
33 34 80
33 35 25
33 36 49
33 37 38
33 38 2
33 39 80
33 40 93
33 41 70
33 42 84
33 43 40
33 44 68
33 45 60
33 46 96
33 47 74
33 48 14
33 49 9
33 50 65
33 51 11
33 52 39
33 53 33
33 54 1
33 55 63
33 56 61
33 57 50
33 58 14
33 59 41
33 60 72
33 61 17
33 62 45
33 63 86
33 64 14
33 65 64
33 66 89
33 67 34
33 68 71
33 69 40
33 70 62
33 71 85
33 72 21
33 73 89
33 74 59
33 75 70
33 76 29
33 77 17
33 78 72
33 79 77
33 80 48
33 81 3
33 82 30
33 83 74
33 84 66
33 85 61
33 86 74
33 87 49
33 88 1
33 89 86
33 90 41
33 91 40
33 92 64
33 93 74
33 94 61
33 95 81
33 96 96
33 97 68
33 98 27
33 99 94
34 35 6
34 36 54
34 37 29
34 38 72
34 39 16
34 40 75
34 41 26
34 42 55
34 43 46
34 44 57
34 45 1
34 46 77
34 47 74
34 48 84
34 49 86
34 50 41
34 51 99
34 52 39
34 53 16
34 54 85
34 55 43
34 56 46
34 57 93
34 58 86
34 59 19
34 60 89
34 61 28
34 62 73
34 63 47
34 64 26
34 65 1
34 66 3
34 67 32
34 68 60
34 69 64
34 70 3
34 71 33
34 72 21
34 73 37
34 74 72
34 75 79
34 76 87
34 77 81
34 78 28
34 79 91
34 80 84
34 81 38
34 82 11
34 83 30
34 84 47
34 85 78
34 86 71
34 87 35
34 88 8
34 89 89
34 90 24
34 91 79
34 92 60
34 93 99
34 94 44
34 95 47
34 96 94
34 97 86
34 98 33
34 99 87
35 36 20
35 37 49
35 38 70
35 39 16
35 40 73
35 41 75
35 42 73
35 43 19
35 44 73
35 45 19
35 46 85
35 47 55
35 48 49
35 49 73
35 50 66
35 51 71
35 52 87
35 53 55
35 54 17
35 55 59
35 56 77
35 57 71
35 58 66
35 59 93
35 60 23
35 61 27
35 62 72
35 63 17
35 64 10
35 65 15
35 66 57
35 67 5
35 68 6
35 69 34
35 70 51
35 71 35
35 72 2
35 73 4
35 74 21
35 75 35
35 76 86
35 77 13
35 78 61
35 79 1
35 80 64
35 81 100
35 82 96
35 83 68
35 84 1
35 85 59
35 86 55
35 87 46
35 88 5
35 89 72
35 90 31
35 91 88
35 92 99
35 93 67
35 94 42
35 95 1
35 96 47
35 97 74
35 98 91
35 99 30
36 37 2
36 38 92
36 39 41
36 40 40
36 41 13
36 42 64
36 43 79
36 44 1
36 45 7
36 46 31
36 47 20
36 48 46
36 49 23
36 50 44
36 51 29
36 52 34
36 53 69
36 54 66
36 55 4
36 56 99
36 57 12
36 58 80
36 59 7
36 60 64
36 61 30
36 62 22
36 63 84
36 64 79
36 65 51
36 66 65
36 67 45
36 68 76
36 69 100
36 70 59
36 71 71
36 72 61
36 73 91
36 74 92
36 75 12
36 76 32
36 77 90
36 78 22
36 79 25
36 80 71
36 81 39
36 82 91
36 83 95
36 84 51
36 85 43
36 86 47
36 87 17
36 88 71
36 89 28
36 90 71
36 91 6
36 92 27
36 93 58
36 94 97
36 95 50
36 96 72
36 97 90
36 98 40
36 99 18
37 38 48
37 39 47
37 40 16
37 41 31
37 42 36
37 43 75
37 44 61
37 45 42
37 46 24
37 47 31
37 48 95
37 49 17
37 50 96
37 51 94
37 52 9
37 53 64
37 54 68
37 55 73
37 56 47
37 57 34
37 58 34
37 59 77
37 60 65
37 61 43
37 62 5
37 63 88
37 64 83
37 65 48
37 66 31
37 67 53
37 68 61
37 69 57
37 70 36
37 71 100
37 72 47
37 73 77
37 74 59
37 75 14
37 76 89
37 77 78
37 78 63
37 79 22
37 80 33
37 81 79
37 82 52
37 83 52
37 84 44
37 85 11
37 86 33
37 87 62
37 88 28
37 89 75
37 90 43
37 91 14
37 92 95
37 93 10
37 94 25
37 95 49
37 96 62
37 97 45
37 98 28
37 99 88
38 39 52
38 40 77
38 41 10
38 42 96
38 43 26
38 44 63
38 45 74
38 46 20
38 47 28
38 48 77
38 49 59
38 50 60
38 51 87
38 52 65
38 53 21
38 54 98
38 55 76
38 56 65
38 57 4
38 58 59
38 59 75
38 60 54
38 61 99
38 62 100
38 63 47
38 64 21
38 65 67
38 66 79
38 67 100
38 68 89
38 69 3
38 70 66
38 71 81
38 72 10
38 73 84
38 74 12
38 75 86
38 76 3
38 77 51
38 78 52
38 79 51
38 80 49
38 81 55
38 82 93
38 83 97
38 84 1
38 85 39
38 86 93
38 87 68
38 88 95
38 89 1
38 90 71
38 91 4
38 92 27
38 93 49
38 94 92
38 95 76
38 96 46
38 97 61
38 98 48
38 99 38
39 40 82
39 41 86
39 42 58
39 43 69
39 44 77
39 45 17
39 46 95
39 47 50
39 48 95
39 49 80
39 50 34
39 51 47
39 52 11
39 53 9
39 54 34
39 55 76
39 56 44
39 57 56
39 58 89
39 59 75
39 60 29
39 61 49
39 62 68
39 63 16
39 64 82
39 65 9
39 66 66
39 67 98
39 68 56
39 69 9
39 70 22
39 71 96
39 72 54
39 73 65
39 74 14
39 75 64
39 76 67
39 77 63
39 78 42
39 79 11
39 80 58
39 81 20
39 82 36
39 83 88
39 84 2
39 85 47
39 86 37
39 87 74
39 88 16
39 89 49
39 90 82
39 91 2
39 92 1
39 93 60
39 94 4
39 95 53
39 96 68
39 97 46
39 98 89
39 99 77
40 41 84
40 42 58
40 43 81
40 44 42
40 45 93
40 46 30
40 47 72
40 48 4
40 49 1
40 50 74
40 51 81
40 52 7
40 53 22
40 54 28
40 55 78
40 56 22
40 57 15
40 58 36
40 59 75
40 60 41
40 61 61
40 62 99
40 63 51
40 64 26
40 65 59
40 66 70
40 67 75
40 68 74
40 69 8
40 70 89
40 71 51
40 72 36
40 73 13
40 74 72
40 75 23
40 76 29
40 77 66
40 78 2
40 79 21
40 80 39
40 81 23
40 82 2
40 83 84
40 84 62
40 85 20
40 86 41
40 87 98
40 88 49
40 89 82
40 90 62
40 91 81
40 92 85
40 93 5
40 94 9
40 95 1
40 96 15
40 97 33
40 98 17
40 99 88
41 42 30
41 43 90
41 44 28
41 45 10
41 46 12
41 47 48
41 48 54
41 49 11
41 50 2
41 51 48
41 52 97
41 53 21
41 54 80
41 55 53
41 56 82
41 57 75
41 58 1
41 59 67
41 60 36
41 61 70
41 62 12
41 63 57
41 64 8
41 65 59
41 66 68
41 67 97
41 68 5
41 69 38
41 70 37
41 71 88
41 72 5
41 73 14
41 74 37
41 75 12
41 76 79
41 77 77
41 78 19
41 79 86
41 80 24
41 81 96
41 82 18
41 83 76
41 84 77
41 85 66
41 86 19
41 87 68
41 88 74
41 89 71
41 90 65
41 91 70
41 92 44
41 93 26
41 94 39
41 95 84
41 96 96
41 97 72
41 98 87
41 99 93
42 43 75
42 44 89
42 45 76
42 46 65
42 47 36
42 48 84
42 49 62
42 50 49
42 51 30
42 52 36
42 53 78
42 54 96
42 55 56
42 56 26
42 57 17
42 58 68
42 59 4
42 60 85
42 61 75
42 62 63
42 63 61
42 64 78
42 65 91
42 66 60
42 67 61
42 68 74
42 69 7
42 70 64
42 71 31
42 72 100
42 73 83
42 74 32
42 75 89
42 76 56
42 77 90
42 78 1
42 79 98
42 80 88
42 81 10
42 82 71
42 83 95
42 84 48
42 85 79
42 86 85
42 87 59
42 88 92
42 89 13
42 90 4
42 91 79
42 92 9
42 93 26
42 94 14
42 95 69
42 96 88
42 97 86
42 98 80
42 99 87
43 44 23
43 45 14
43 46 71
43 47 95
43 48 80
43 49 29
43 50 74
43 51 47
43 52 85
43 53 100
43 54 36
43 55 62
43 56 89
43 57 53
43 58 30
43 59 31
43 60 1
43 61 1
43 62 3
43 63 72
43 64 29
43 65 55
43 66 15
43 67 60
43 68 87
43 69 71
43 70 36
43 71 50
43 72 37
43 73 41
43 74 54
43 75 85
43 76 40
43 77 40
43 78 91
43 79 87
43 80 51
43 81 9
43 82 39
43 83 87
43 84 81
43 85 56
43 86 84
43 87 41
43 88 89
43 89 66
43 90 32
43 91 69
43 92 58
43 93 44
43 94 66
43 95 67
43 96 94
43 97 38
43 98 38
43 99 88
44 45 35
44 46 54
44 47 97
44 48 56
44 49 32
44 50 22
44 51 65
44 52 36
44 53 78
44 54 52
44 55 95
44 56 86
44 57 84
44 58 58
44 59 2
44 60 91
44 61 86
44 62 21
44 63 3
44 64 71
44 65 45
44 66 24
44 67 60
44 68 55
44 69 91
44 70 46
44 71 31
44 72 29
44 73 66
44 74 70
44 75 97
44 76 72
44 77 14
44 78 73
44 79 69
44 80 63
44 81 9
44 82 66
44 83 31
44 84 29
44 85 32
44 86 57
44 87 32
44 88 79
44 89 51
44 90 55
44 91 78
44 92 26
44 93 55
44 94 79
44 95 84
44 96 34
44 97 85
44 98 75
44 99 32
45 46 74
45 47 29
45 48 42
45 49 43
45 50 99
45 51 74
45 52 27
45 53 47
45 54 7
45 55 3
45 56 27
45 57 97
45 58 1
45 59 86
45 60 36
45 61 64
45 62 29
45 63 53
45 64 97
45 65 7
45 66 74
45 67 94
45 68 88
45 69 94
45 70 65
45 71 49
45 72 14
45 73 8
45 74 14
45 75 38
45 76 77
45 77 90
45 78 95
45 79 83
45 80 60
45 81 16
45 82 12
45 83 5
45 84 67
45 85 79
45 86 12
45 87 61
45 88 38
45 89 77
45 90 25
45 91 58
45 92 68
45 93 6
45 94 12
45 95 46
45 96 81
45 97 80
45 98 9
45 99 59
46 47 93
46 48 63
46 49 79
46 50 96
46 51 64
46 52 24
46 53 55
46 54 26
46 55 49
46 56 32
46 57 4
46 58 34
46 59 92
46 60 94
46 61 7
46 62 88
46 63 97
46 64 19
46 65 35
46 66 31
46 67 97
46 68 43
46 69 4
46 70 68
46 71 54
46 72 62
46 73 80
46 74 72
46 75 37
46 76 30
46 77 55
46 78 41
46 79 32
46 80 16
46 81 89
46 82 48
46 83 87
46 84 81
46 85 37
46 86 10
46 87 93
46 88 78
46 89 89
46 90 21
46 91 95
46 92 41
46 93 32
46 94 24
46 95 10
46 96 90
46 97 93
46 98 44
46 99 44
47 48 18
47 49 35
47 50 95
47 51 32
47 52 62
47 53 46
47 54 44
47 55 64
47 56 26
47 57 4
47 58 28
47 59 63
47 60 98
47 61 97
47 62 74
47 63 98
47 64 48
47 65 86
47 66 9
47 67 55
47 68 64
47 69 68
47 70 81
47 71 13
47 72 69
47 73 91
47 74 29
47 75 16
47 76 97
47 77 97
47 78 72
47 79 31
47 80 1
47 81 27
47 82 59
47 83 56
47 84 36
47 85 5
47 86 31
47 87 4
47 88 30
47 89 92
47 90 10
47 91 48
47 92 46
47 93 97
47 94 96
47 95 67
47 96 55
47 97 77
47 98 88
47 99 13
48 49 29
48 50 7
48 51 59
48 52 35
48 53 48
48 54 81
48 55 2
48 56 84
48 57 97
48 58 2
48 59 90
48 60 99
48 61 29
48 62 68
48 63 53
48 64 93
48 65 44
48 66 55
48 67 54
48 68 30
48 69 60
48 70 77
48 71 33
48 72 7
48 73 89
48 74 84
48 75 79
48 76 50
48 77 12
48 78 92
48 79 84
48 80 35
48 81 97
48 82 85
48 83 76
48 84 14
48 85 88
48 86 93
48 87 81
48 88 35
48 89 83
48 90 64
48 91 1
48 92 53
48 93 7
48 94 80
48 95 37
48 96 64
48 97 71
48 98 53
48 99 89
49 50 76
49 51 49
49 52 25
49 53 27
49 54 1
49 55 27
49 56 61
49 57 44
49 58 5
49 59 53
49 60 14
49 61 57
49 62 22
49 63 93
49 64 54
49 65 25
49 66 57
49 67 42
49 68 65
49 69 39
49 70 57
49 71 87
49 72 64
49 73 67
49 74 67
49 75 100
49 76 31
49 77 54
49 78 62
49 79 15
49 80 46
49 81 29
49 82 7
49 83 54
49 84 66
49 85 90
49 86 1
49 87 83
49 88 48
49 89 80
49 90 43
49 91 22
49 92 49
49 93 25
49 94 96
49 95 89
49 96 95
49 97 50
49 98 24
49 99 49
50 51 28
50 52 70
50 53 94
50 54 17
50 55 89
50 56 47
50 57 24
50 58 85
50 59 62
50 60 2
50 61 26
50 62 78
50 63 19
50 64 75
50 65 47
50 66 7
50 67 15
50 68 63
50 69 80
50 70 67
50 71 76
50 72 84
50 73 88
50 74 7
50 75 22
50 76 95
50 77 71
50 78 70
50 79 42
50 80 69
50 81 92
50 82 78
50 83 46
50 84 82
50 85 60
50 86 72
50 87 1
50 88 23
50 89 63
50 90 27
50 91 89
50 92 24
50 93 57
50 94 29
50 95 26
50 96 32
50 97 83
50 98 58
50 99 51
51 52 55
51 53 24
51 54 71
51 55 10
51 56 43
51 57 91
51 58 2
51 59 79
51 60 69
51 61 63
51 62 48
51 63 79
51 64 77
51 65 99
51 66 57
51 67 28
51 68 66
51 69 62
51 70 50
51 71 70
51 72 33
51 73 85
51 74 97
51 75 91
51 76 7
51 77 33
51 78 77
51 79 96
51 80 93
51 81 12
51 82 98
51 83 81
51 84 93
51 85 63
51 86 92
51 87 98
51 88 96
51 89 67
51 90 47
51 91 75
51 92 22
51 93 93
51 94 23
51 95 15
51 96 52
51 97 12
51 98 50
51 99 7
52 53 58
52 54 8
52 55 86
52 56 33
52 57 65
52 58 92
52 59 99
52 60 45
52 61 70
52 62 37
52 63 53
52 64 81
52 65 61
52 66 1
52 67 40
52 68 44
52 69 84
52 70 56
52 71 76
52 72 22
52 73 57
52 74 80
52 75 53
52 76 38
52 77 87
52 78 78
52 79 32
52 80 70
52 81 14
52 82 40
52 83 94
52 84 69
52 85 55
52 86 20
52 87 54
52 88 56
52 89 45
52 90 74
52 91 16
52 92 21
52 93 62
52 94 35
52 95 14
52 96 52
52 97 35
52 98 32
52 99 84
53 54 50
53 55 43
53 56 97
53 57 18
53 58 71
53 59 99
53 60 13
53 61 38
53 62 50
53 63 92
53 64 19
53 65 19
53 66 54
53 67 79
53 68 74
53 69 48
53 70 41
53 71 58
53 72 51
53 73 58
53 74 24
53 75 68
53 76 83
53 77 16
53 78 35
53 79 12
53 80 39
53 81 72
53 82 47
53 83 39
53 84 92
53 85 88
53 86 26
53 87 5
53 88 17
53 89 94
53 90 62
53 91 29
53 92 23
53 93 58
53 94 11
53 95 65
53 96 37
53 97 57
53 98 83
53 99 78
54 55 24
54 56 21
54 57 39
54 58 94
54 59 59
54 60 41
54 61 38
54 62 62
54 63 20
54 64 88
54 65 97
54 66 96
54 67 35
54 68 68
54 69 36
54 70 11
54 71 6
54 72 90
54 73 79
54 74 60
54 75 42
54 76 7
54 77 14
54 78 39
54 79 1
54 80 6
54 81 34
54 82 82
54 83 33
54 84 60
54 85 74
54 86 10
54 87 27
54 88 66
54 89 7
54 90 46
54 91 24
54 92 68
54 93 42
54 94 22
54 95 55
54 96 61
54 97 84
54 98 82
54 99 9
55 56 79
55 57 31
55 58 46
55 59 19
55 60 22
55 61 24
55 62 82
55 63 76
55 64 41
55 65 76
55 66 13
55 67 91
55 68 88
55 69 65
55 70 41
55 71 58
55 72 87
55 73 18
55 74 86
55 75 38
55 76 89
55 77 60
55 78 13
55 79 96
55 80 60
55 81 6
55 82 41
55 83 4
55 84 24
55 85 21
55 86 25
55 87 13
55 88 48
55 89 58
55 90 37
55 91 35
55 92 64
55 93 55
55 94 4
55 95 84
55 96 17
55 97 69
55 98 62
55 99 31
56 57 13
56 58 4
56 59 20
56 60 70
56 61 38
56 62 11
56 63 73
56 64 68
56 65 54
56 66 10
56 67 84
56 68 93
56 69 72
56 70 94
56 71 32
56 72 11
56 73 12
56 74 66
56 75 77
56 76 65
56 77 50
56 78 11
56 79 46
56 80 32
56 81 61
56 82 22
56 83 93
56 84 27
56 85 53
56 86 12
56 87 11
56 88 76
56 89 75
56 90 3
56 91 69
56 92 80
56 93 16
56 94 44
56 95 84
56 96 57
56 97 27
56 98 29
56 99 7
57 58 79
57 59 14
57 60 63
57 61 16
57 62 20
57 63 28
57 64 99
57 65 5
57 66 30
57 67 80
57 68 77
57 69 99
57 70 6
57 71 12
57 72 60
57 73 19
57 74 37
57 75 57
57 76 65
57 77 99
57 78 11
57 79 53
57 80 45
57 81 11
57 82 63
57 83 36
57 84 68
57 85 68
57 86 99
57 87 100
57 88 76
57 89 90
57 90 56
57 91 68
57 92 76
57 93 11
57 94 80
57 95 28
57 96 11
57 97 48
57 98 64
57 99 83
58 59 33
58 60 78
58 61 9
58 62 40
58 63 58
58 64 19
58 65 38
58 66 44
58 67 6
58 68 3
58 69 3
58 70 37
58 71 33
58 72 30
58 73 29
58 74 46
58 75 49
58 76 45
58 77 84
58 78 69
58 79 57
58 80 78
58 81 49
58 82 29
58 83 1
58 84 30
58 85 67
58 86 63
58 87 25
58 88 9
58 89 76
58 90 100
58 91 73
58 92 90
58 93 26
58 94 26
58 95 70
58 96 64
58 97 13
58 98 60
58 99 11
59 60 100
59 61 90
59 62 30
59 63 90
59 64 97
59 65 29
59 66 78
59 67 60
59 68 27
59 69 59
59 70 99
59 71 35
59 72 71
59 73 67
59 74 39
59 75 19
59 76 36
59 77 8
59 78 30
59 79 97
59 80 92
59 81 71
59 82 76
59 83 17
59 84 56
59 85 34
59 86 52
59 87 61
59 88 5
59 89 23
59 90 29
59 91 57
59 92 71
59 93 74
59 94 30
59 95 40
59 96 35
59 97 31
59 98 16
59 99 14
60 61 94
60 62 85
60 63 43
60 64 98
60 65 72
60 66 48
60 67 98
60 68 99
60 69 56
60 70 14
60 71 77
60 72 11
60 73 67
60 74 3
60 75 63
60 76 48
60 77 9
60 78 49
60 79 52
60 80 94
60 81 38
60 82 95
60 83 56
60 84 43
60 85 6
60 86 60
60 87 68
60 88 37
60 89 99
60 90 39
60 91 46
60 92 62
60 93 49
60 94 35
60 95 34
60 96 67
60 97 77
60 98 46
60 99 66
61 62 4
61 63 57
61 64 6
61 65 36
61 66 67
61 67 92
61 68 3
61 69 56
61 70 32
61 71 7
61 72 27
61 73 53
61 74 78
61 75 31
61 76 78
61 77 19
61 78 89
61 79 18
61 80 80
61 81 55
61 82 48
61 83 47
61 84 92
61 85 98
61 86 13
61 87 4
61 88 74
61 89 45
61 90 40
61 91 73
61 92 50
61 93 92
61 94 1
61 95 49
61 96 40
61 97 70
61 98 36
61 99 64
62 63 26
62 64 7
62 65 45
62 66 73
62 67 98
62 68 44
62 69 1
62 70 88
62 71 95
62 72 33
62 73 20
62 74 64
62 75 76
62 76 13
62 77 60
62 78 7
62 79 90
62 80 36
62 81 85
62 82 92
62 83 82
62 84 10
62 85 87
62 86 4
62 87 75
62 88 20
62 89 14
62 90 53
62 91 90
62 92 60
62 93 19
62 94 43
62 95 34
62 96 98
62 97 56
62 98 97
62 99 59
63 64 17
63 65 60
63 66 87
63 67 81
63 68 15
63 69 65
63 70 76
63 71 47
63 72 63
63 73 88
63 74 97
63 75 49
63 76 96
63 77 4
63 78 48
63 79 36
63 80 40
63 81 44
63 82 41
63 83 78
63 84 88
63 85 19
63 86 45
63 87 80
63 88 63
63 89 78
63 90 32
63 91 80
63 92 82
63 93 96
63 94 16
63 95 65
63 96 29
63 97 8
63 98 25
63 99 20
64 65 7
64 66 61
64 67 55
64 68 87
64 69 11
64 70 70
64 71 46
64 72 72
64 73 89
64 74 50
64 75 21
64 76 35
64 77 99
64 78 16
64 79 83
64 80 87
64 81 86
64 82 14
64 83 52
64 84 92
64 85 48
64 86 23
64 87 4
64 88 34
64 89 66
64 90 65
64 91 83
64 92 37
64 93 42
64 94 13
64 95 75
64 96 20
64 97 23
64 98 62
64 99 25
65 66 19
65 67 15
65 68 79
65 69 62
65 70 60
65 71 55
65 72 90
65 73 74
65 74 91
65 75 50
65 76 52
65 77 69
65 78 5
65 79 43
65 80 65
65 81 68
65 82 73
65 83 90
65 84 9
65 85 35
65 86 86
65 87 97
65 88 94
65 89 16
65 90 13
65 91 80
65 92 21
65 93 26
65 94 95
65 95 77
65 96 70
65 97 79
65 98 2
65 99 55
66 67 39
66 68 57
66 69 2
66 70 24
66 71 72
66 72 17
66 73 82
66 74 83
66 75 99
66 76 93
66 77 79
66 78 60
66 79 61
66 80 54
66 81 8
66 82 45
66 83 40
66 84 67
66 85 87
66 86 5
66 87 16
66 88 25
66 89 63
66 90 11
66 91 38
66 92 70
66 93 27
66 94 11
66 95 59
66 96 60
66 97 65
66 98 52
66 99 14
67 68 78
67 69 1
67 70 18
67 71 24
67 72 73
67 73 22
67 74 70
67 75 89
67 76 95
67 77 62
67 78 22
67 79 70
67 80 26
67 81 20
67 82 85
67 83 95
67 84 3
67 85 76
67 86 85
67 87 29
67 88 38
67 89 98
67 90 25
67 91 4
67 92 37
67 93 32
67 94 86
67 95 25
67 96 91
67 97 98
67 98 69
67 99 72
68 69 22
68 70 36
68 71 77
68 72 67
68 73 61
68 74 89
68 75 60
68 76 13
68 77 78
68 78 60
68 79 11
68 80 37
68 81 57
68 82 86
68 83 48
68 84 92
68 85 85
68 86 42
68 87 15
68 88 77
68 89 74
68 90 70
68 91 98
68 92 3
68 93 1
68 94 29
68 95 72
68 96 45
68 97 55
68 98 85
68 99 21
69 70 20
69 71 98
69 72 60
69 73 89
69 74 2
69 75 78
69 76 34
69 77 2
69 78 78
69 79 62
69 80 30
69 81 59
69 82 73
69 83 68
69 84 12
69 85 65
69 86 100
69 87 46
69 88 8
69 89 98
69 90 53
69 91 52
69 92 72
69 93 52
69 94 22
69 95 31
69 96 44
69 97 6
69 98 68
69 99 34
70 71 13
70 72 23
70 73 49
70 74 81
70 75 77
70 76 57
70 77 94
70 78 50
70 79 37
70 80 30
70 81 85
70 82 41
70 83 73
70 84 67
70 85 100
70 86 73
70 87 71
70 88 2
70 89 30
70 90 52
70 91 38
70 92 89
70 93 43
70 94 73
70 95 11
70 96 100
70 97 6
70 98 91
70 99 94
71 72 74
71 73 99
71 74 63
71 75 64
71 76 32
71 77 45
71 78 19
71 79 53
71 80 70
71 81 28
71 82 33
71 83 2
71 84 1
71 85 38
71 86 5
71 87 68
71 88 68
71 89 74
71 90 100
71 91 74
71 92 92
71 93 5
71 94 45
71 95 62
71 96 43
71 97 42
71 98 77
71 99 47
72 73 23
72 74 52
72 75 71
72 76 63
72 77 7
72 78 1
72 79 19
72 80 3
72 81 80
72 82 7
72 83 29
72 84 73
72 85 46
72 86 8
72 87 1
72 88 16
72 89 60
72 90 58
72 91 51
72 92 94
72 93 6
72 94 35
72 95 63
72 96 91
72 97 78
72 98 52
72 99 78
73 74 43
73 75 21
73 76 72
73 77 37
73 78 72
73 79 37
73 80 86
73 81 74
73 82 3
73 83 50
73 84 85
73 85 82
73 86 72
73 87 39
73 88 34
73 89 41
73 90 33
73 91 66
73 92 46
73 93 67
73 94 44
73 95 69
73 96 17
73 97 56
73 98 62
73 99 46
74 75 45
74 76 8
74 77 40
74 78 35
74 79 16
74 80 66
74 81 14
74 82 87
74 83 24
74 84 43
74 85 44
74 86 45
74 87 41
74 88 50
74 89 35
74 90 75
74 91 29
74 92 39
74 93 88
74 94 80
74 95 41
74 96 68
74 97 61
74 98 3
74 99 34
75 76 47
75 77 14
75 78 35
75 79 96
75 80 4
75 81 6
75 82 88
75 83 1
75 84 90
75 85 50
75 86 28
75 87 55
75 88 16
75 89 55
75 90 11
75 91 86
75 92 76
75 93 89
75 94 76
75 95 35
75 96 57
75 97 7
75 98 79
75 99 73
76 77 81
76 78 19
76 79 7
76 80 94
76 81 12
76 82 8
76 83 50
76 84 29
76 85 7
76 86 84
76 87 68
76 88 37
76 89 65
76 90 35
76 91 39
76 92 9
76 93 77
76 94 13
76 95 91
76 96 15
76 97 84
76 98 66
76 99 49
77 78 9
77 79 25
77 80 22
77 81 40
77 82 88
77 83 87
77 84 17
77 85 53
77 86 64
77 87 6
77 88 86
77 89 64
77 90 75
77 91 31
77 92 8
77 93 13
77 94 80
77 95 74
77 96 98
77 97 93
77 98 64
77 99 44
78 79 28
78 80 49
78 81 44
78 82 71
78 83 76
78 84 47
78 85 91
78 86 5
78 87 70
78 88 64
78 89 9
78 90 59
78 91 41
78 92 4
78 93 14
78 94 51
78 95 79
78 96 57
78 97 97
78 98 4
78 99 30
79 80 2
79 81 53
79 82 60
79 83 93
79 84 81
79 85 74
79 86 21
79 87 35
79 88 80
79 89 86
79 90 35
79 91 19
79 92 79
79 93 98
79 94 35
79 95 86
79 96 49
79 97 95
79 98 73
79 99 28
80 81 28
80 82 1
80 83 1
80 84 48
80 85 30
80 86 5
80 87 35
80 88 95
80 89 63
80 90 35
80 91 76
80 92 87
80 93 87
80 94 81
80 95 87
80 96 8
80 97 43
80 98 59
80 99 41
81 82 42
81 83 11
81 84 63
81 85 56
81 86 24
81 87 11
81 88 77
81 89 28
81 90 55
81 91 50
81 92 25
81 93 60
81 94 32
81 95 73
81 96 21
81 97 93
81 98 7
81 99 33
82 83 64
82 84 83
82 85 22
82 86 84
82 87 26
82 88 32
82 89 55
82 90 93
82 91 11
82 92 26
82 93 20
82 94 50
82 95 45
82 96 5
82 97 80
82 98 30
82 99 79
83 84 81
83 85 29
83 86 58
83 87 17
83 88 49
83 89 36
83 90 8
83 91 52
83 92 31
83 93 23
83 94 99
83 95 3
83 96 99
83 97 98
83 98 59
83 99 3
84 85 89
84 86 27
84 87 20
84 88 13
84 89 37
84 90 25
84 91 90
84 92 46
84 93 2
84 94 97
84 95 73
84 96 97
84 97 38
84 98 16
84 99 43
85 86 86
85 87 96
85 88 50
85 89 22
85 90 58
85 91 51
85 92 74
85 93 99
85 94 37
85 95 69
85 96 55
85 97 70
85 98 65
85 99 8
86 87 7
86 88 68
86 89 74
86 90 86
86 91 95
86 92 95
86 93 61
86 94 56
86 95 45
86 96 95
86 97 78
86 98 26
86 99 22
87 88 70
87 89 72
87 90 8
87 91 10
87 92 16
87 93 68
87 94 75
87 95 91
87 96 11
87 97 45
87 98 93
87 99 27
88 89 96
88 90 29
88 91 59
88 92 62
88 93 48
88 94 17
88 95 34
88 96 1
88 97 36
88 98 42
88 99 94
89 90 37
89 91 66
89 92 88
89 93 8
89 94 59
89 95 18
89 96 26
89 97 85
89 98 16
89 99 56
90 91 26
90 92 28
90 93 23
90 94 4
90 95 98
90 96 98
90 97 71
90 98 97
90 99 76
91 92 33
91 93 29
91 94 93
91 95 43
91 96 30
91 97 30
91 98 75
91 99 64
92 93 60
92 94 34
92 95 97
92 96 11
92 97 24
92 98 41
92 99 29
93 94 95
93 95 2
93 96 21
93 97 54
93 98 49
93 99 7
94 95 99
94 96 19
94 97 71
94 98 93
94 99 6
95 96 93
95 97 37
95 98 9
95 99 52
96 97 18
96 98 19
96 99 3
97 98 98
97 99 76
98 99 97
