49 1176 48
1 2 52
1 3 16
1 4 90
1 5 67
1 6 78
1 7 60
1 8 19
1 9 75
1 10 19
1 11 70
1 12 12
1 13 8
1 14 91
1 15 42
1 16 44
1 17 88
1 18 26
1 19 14
1 20 46
1 21 9
1 22 23
1 23 92
1 24 2
1 25 61
1 26 35
1 27 82
1 28 12
1 29 70
1 30 27
1 31 81
1 32 65
1 33 32
1 34 81
1 35 41
1 36 78
1 37 72
1 38 27
1 39 4
1 40 56
1 41 2
1 42 81
1 43 84
1 44 94
1 45 47
1 46 27
1 47 37
1 48 35
1 49 74
2 3 16
2 4 79
2 5 15
2 6 68
2 7 7
2 8 51
2 9 22
2 10 50
2 11 81
2 12 38
2 13 64
2 14 23
2 15 27
2 16 63
2 17 37
2 18 59
2 19 21
2 20 10
2 21 24
2 22 48
2 23 8
2 24 8
2 25 20
2 26 49
2 27 85
2 28 84
2 29 50
2 30 49
2 31 21
2 32 51
2 33 43
2 34 5
2 35 26
2 36 5
2 37 81
2 38 34
2 39 18
2 40 63
2 41 17
2 42 54
2 43 80
2 44 55
2 45 63
2 46 90
2 47 40
2 48 91
2 49 61
3 4 1
3 5 19
3 6 55
3 7 63
3 8 100
3 9 56
3 10 21
3 11 32
3 12 25
3 13 92
3 14 84
3 15 50
3 16 69
3 17 13
3 18 97
3 19 53
3 20 48
3 21 95
3 22 27
3 23 77
3 24 12
3 25 47
3 26 19
3 27 73
3 28 17
3 29 59
3 30 45
3 31 1
3 32 26
3 33 35
3 34 6
3 35 49
3 36 29
3 37 19
3 38 91
3 39 59
3 40 25
3 41 81
3 42 66
3 43 14
3 44 21
3 45 87
3 46 35
3 47 71
3 48 39
3 49 41
4 5 94
4 6 50
4 7 61
4 8 24
4 9 73
4 10 84
4 11 14
4 12 38
4 13 86
4 14 77
4 15 2
4 16 21
4 17 4
4 18 49
4 19 10
4 20 1
4 21 19
4 22 80
4 23 52
4 24 4
4 25 80
4 26 11
4 27 83
4 28 32
4 29 75
4 30 50
4 31 19
4 32 52
4 33 55
4 34 38
4 35 50
4 36 43
4 37 51
4 38 44
4 39 6
4 40 59
4 41 95
4 42 84
4 43 54
4 44 80
4 45 14
4 46 82
4 47 76
4 48 45
4 49 86
5 6 47
5 7 99
5 8 3
5 9 65
5 10 63
5 11 34
5 12 68
5 13 29
5 14 39
5 15 1
5 16 2
5 17 84
5 18 9
5 19 25
5 20 72
5 21 19
5 22 4
5 23 15
5 24 87
5 25 24
5 26 70
5 27 42
5 28 97
5 29 79
5 30 21
5 31 60
5 32 87
5 33 31
5 34 67
5 35 53
5 36 90
5 37 93
5 38 64
5 39 99
5 40 5
5 41 8
5 42 41
5 43 10
5 44 77
5 45 15
5 46 84
5 47 79
5 48 18
5 49 84
6 7 57
6 8 26
6 9 44
6 10 58
6 11 59
6 12 6
6 13 89
6 14 90
6 15 60
6 16 5
6 17 12
6 18 43
6 19 66
6 20 69
6 21 77
6 22 65
6 23 30
6 24 90
6 25 30
6 26 68
6 27 100
6 28 70
6 29 85
6 30 96
6 31 85
6 32 28
6 33 27
6 34 42
6 35 36
6 36 30
6 37 8
6 38 89
6 39 22
6 40 98
6 41 91
6 42 5
6 43 14
6 44 23
6 45 58
6 46 98
6 47 86
6 48 6
6 49 18
7 8 16
7 9 40
7 10 21
7 11 98
7 12 38
7 13 97
7 14 41
7 15 37
7 16 19
7 17 85
7 18 42
7 19 94
7 20 30
7 21 55
7 22 62
7 23 77
7 24 61
7 25 70
7 26 49
7 27 31
7 28 49
7 29 80
7 30 57
7 31 18
7 32 18
7 33 25
7 34 14
7 35 53
7 36 36
7 37 44
7 38 11
7 39 68
7 40 10
7 41 21
7 42 65
7 43 63
7 44 56
7 45 46
7 46 1
7 47 1
7 48 97
7 49 81
8 9 91
8 10 74
8 11 95
8 12 13
8 13 96
8 14 17
8 15 29
8 16 86
8 17 70
8 18 93
8 19 7
8 20 23
8 21 45
8 22 25
8 23 71
8 24 50
8 25 24
8 26 22
8 27 56
8 28 94
8 29 87
8 30 65
8 31 88
8 32 24
8 33 29
8 34 64
8 35 32
8 36 68
8 37 66
8 38 5
8 39 33
8 40 15
8 41 54
8 42 73
8 43 43
8 44 77
8 45 95
8 46 53
8 47 11
8 48 42
8 49 53
9 10 64
9 11 12
9 12 54
9 13 32
9 14 67
9 15 27
9 16 43
9 17 81
9 18 81
9 19 62
9 20 15
9 21 19
9 22 98
9 23 46
9 24 56
9 25 64
9 26 74
9 27 29
9 28 26
9 29 13
9 30 80
9 31 29
9 32 49
9 33 77
9 34 2
9 35 7
9 36 16
9 37 37
9 38 2
9 39 34
9 40 81
9 41 31
9 42 3
9 43 94
9 44 27
9 45 65
9 46 69
9 47 89
9 48 97
9 49 62
10 11 60
10 12 61
10 13 56
10 14 6
10 15 67
10 16 16
10 17 11
10 18 58
10 19 100
10 20 56
10 21 57
10 22 58
10 23 30
10 24 93
10 25 34
10 26 84
10 27 62
10 28 35
10 29 79
10 30 82
10 31 19
10 32 16
10 33 84
10 34 32
10 35 22
10 36 98
10 37 48
10 38 4
10 39 85
10 40 43
10 41 56
10 42 69
10 43 45
10 44 28
10 45 82
10 46 30
10 47 19
10 48 28
10 49 37
11 12 38
11 13 79
11 14 78
11 15 71
11 16 43
11 17 2
11 18 25
11 19 17
11 20 34
11 21 50
11 22 57
11 23 23
11 24 88
11 25 11
11 26 63
11 27 34
11 28 94
11 29 98
11 30 56
11 31 30
11 32 84
11 33 89
11 34 82
11 35 69
11 36 60
11 37 63
11 38 75
11 39 42
11 40 40
11 41 31
11 42 43
11 43 49
11 44 37
11 45 27
11 46 91
11 47 39
11 48 10
11 49 95
12 13 51
12 14 22
12 15 82
12 16 70
12 17 2
12 18 3
12 19 41
12 20 7
12 21 43
12 22 22
12 23 91
12 24 31
12 25 61
12 26 34
12 27 35
12 28 75
12 29 41
12 30 72
12 31 3
12 32 28
12 33 20
12 34 34
12 35 3
12 36 17
12 37 64
12 38 38
12 39 10
12 40 99
12 41 36
12 42 38
12 43 96
12 44 34
12 45 20
12 46 51
12 47 42
12 48 35
12 49 24
13 14 42
13 15 73
13 16 63
13 17 40
13 18 52
13 19 40
13 20 1
13 21 17
13 22 29
13 23 64
13 24 6
13 25 66
13 26 78
13 27 99
13 28 75
13 29 26
13 30 17
13 31 70
13 32 17
13 33 79
13 34 97
13 35 24
13 36 97
13 37 33
13 38 34
13 39 19
13 40 45
13 41 64
13 42 15
13 43 33
13 44 64
13 45 51
13 46 33
13 47 15
13 48 83
13 49 39
14 15 3
14 16 68
14 17 61
14 18 64
14 19 78
14 20 33
14 21 33
14 22 5
14 23 50
14 24 16
14 25 47
14 26 40
14 27 28
14 28 29
14 29 70
14 30 93
14 31 22
14 32 65
14 33 78
14 34 4
14 35 67
14 36 85
14 37 79
14 38 95
14 39 86
14 40 34
14 41 34
14 42 61
14 43 14
14 44 53
14 45 49
14 46 1
14 47 58
14 48 45
14 49 56
15 16 60
15 17 9
15 18 77
15 19 63
15 20 59
15 21 24
15 22 86
15 23 7
15 24 28
15 25 30
15 26 48
15 27 90
15 28 34
15 29 53
15 30 66
15 31 43
15 32 76
15 33 41
15 34 2
15 35 70
15 36 43
15 37 92
15 38 10
15 39 39
15 40 3
15 41 66
15 42 15
15 43 18
15 44 9
15 45 63
15 46 48
15 47 54
15 48 2
15 49 82
16 17 74
16 18 87
16 19 61
16 20 75
16 21 46
16 22 17
16 23 76
16 24 79
16 25 77
16 26 1
16 27 78
16 28 30
16 29 8
16 30 63
16 31 98
16 32 27
16 33 56
16 34 7
16 35 62
16 36 27
16 37 8
16 38 68
16 39 88
16 40 20
16 41 33
16 42 48
16 43 19
16 44 5
16 45 26
16 46 40
16 47 47
16 48 53
16 49 3
17 18 57
17 19 83
17 20 66
17 21 99
17 22 18
17 23 27
17 24 17
17 25 37
17 26 80
17 27 99
17 28 85
17 29 64
17 30 49
17 31 10
17 32 45
17 33 99
17 34 74
17 35 77
17 36 13
17 37 18
17 38 88
17 39 31
17 40 17
17 41 48
17 42 87
17 43 98
17 44 35
17 45 94
17 46 7
17 47 76
17 48 58
17 49 56
18 19 79
18 20 21
18 21 28
18 22 85
18 23 28
18 24 28
18 25 95
18 26 30
18 27 70
18 28 35
18 29 24
18 30 82
18 31 54
18 32 23
18 33 49
18 34 41
18 35 74
18 36 6
18 37 39
18 38 88
18 39 68
18 40 80
18 41 21
18 42 85
18 43 62
18 44 86
18 45 69
18 46 46
18 47 31
18 48 90
18 49 25
19 20 30
19 21 37
19 22 58
19 23 58
19 24 85
19 25 54
19 26 57
19 27 41
19 28 62
19 29 64
19 30 96
19 31 14
19 32 49
19 33 70
19 34 36
19 35 74
19 36 28
19 37 45
19 38 42
19 39 57
19 40 18
19 41 29
19 42 22
19 43 36
19 44 70
19 45 99
19 46 65
19 47 46
19 48 2
19 49 67
20 21 93
20 22 53
20 23 52
20 24 39
20 25 4
20 26 85
20 27 80
20 28 42
20 29 74
20 30 36
20 31 61
20 32 42
20 33 48
20 34 68
20 35 29
20 36 49
20 37 90
20 38 96
20 39 79
20 40 18
20 41 72
20 42 71
20 43 10
20 44 49
20 45 16
20 46 59
20 47 97
20 48 33
20 49 28
21 22 56
21 23 87
21 24 32
21 25 11
21 26 69
21 27 48
21 28 5
21 29 7
21 30 60
21 31 87
21 32 77
21 33 67
21 34 83
21 35 22
21 36 69
21 37 68
21 38 27
21 39 39
21 40 3
21 41 60
21 42 47
21 43 17
21 44 76
21 45 45
21 46 36
21 47 25
21 48 6
21 49 93
22 23 25
22 24 12
22 25 27
22 26 63
22 27 20
22 28 7
22 29 2
22 30 77
22 31 40
22 32 12
22 33 48
22 34 84
22 35 13
22 36 42
22 37 20
22 38 58
22 39 87
22 40 83
22 41 39
22 42 7
22 43 3
22 44 57
22 45 58
22 46 88
22 47 6
22 48 12
22 49 100
23 24 73
23 25 91
23 26 23
23 27 16
23 28 6
23 29 20
23 30 45
23 31 84
23 32 10
23 33 79
23 34 23
23 35 44
23 36 12
23 37 72
23 38 59
23 39 37
23 40 79
23 41 11
23 42 99
23 43 83
23 44 48
23 45 80
23 46 80
23 47 7
23 48 48
23 49 18
24 25 50
24 26 47
24 27 61
24 28 97
24 29 27
24 30 16
24 31 33
24 32 1
24 33 16
24 34 97
24 35 48
24 36 24
24 37 87
24 38 15
24 39 86
24 40 44
24 41 7
24 42 16
24 43 57
24 44 56
24 45 79
24 46 39
24 47 49
24 48 25
24 49 59
25 26 63
25 27 35
25 28 32
25 29 49
25 30 6
25 31 88
25 32 46
25 33 39
25 34 23
25 35 15
25 36 63
25 37 57
25 38 49
25 39 10
25 40 36
25 41 33
25 42 16
25 43 97
25 44 3
25 45 61
25 46 72
25 47 44
25 48 81
25 49 22
26 27 91
26 28 20
26 29 1
26 30 76
26 31 29
26 32 24
26 33 96
26 34 43
26 35 16
26 36 33
26 37 82
26 38 63
26 39 68
26 40 19
26 41 68
26 42 41
26 43 48
26 44 49
26 45 7
26 46 41
26 47 6
26 48 55
26 49 7
27 28 37
27 29 2
27 30 33
27 31 17
27 32 51
27 33 37
27 34 80
27 35 6
27 36 53
27 37 74
27 38 15
27 39 63
27 40 59
27 41 25
27 42 41
27 43 19
27 44 28
27 45 41
27 46 85
27 47 1
27 48 74
27 49 9
28 29 96
28 30 79
28 31 7
28 32 91
28 33 78
28 34 100
28 35 83
28 36 37
28 37 30
28 38 35
28 39 69
28 40 97
28 41 89
28 42 74
28 43 38
28 44 95
28 45 76
28 46 79
28 47 49
28 48 30
28 49 83
29 30 19
29 31 26
29 32 16
29 33 54
29 34 15
29 35 21
29 36 19
29 37 74
29 38 27
29 39 8
29 40 76
29 41 62
29 42 25
29 43 98
29 44 16
29 45 84
29 46 21
29 47 55
29 48 63
29 49 47
30 31 43
30 32 7
30 33 73
30 34 46
30 35 7
30 36 25
30 37 16
30 38 75
30 39 100
30 40 3
30 41 93
30 42 94
30 43 36
30 44 99
30 45 56
30 46 15
30 47 2
30 48 22
30 49 37
31 32 63
31 33 94
31 34 93
31 35 30
31 36 17
31 37 55
31 38 50
31 39 40
31 40 17
31 41 81
31 42 82
31 43 69
31 44 86
31 45 86
31 46 58
31 47 15
31 48 31
31 49 57
32 33 15
32 34 10
32 35 26
32 36 24
32 37 11
32 38 43
32 39 37
32 40 37
32 41 56
32 42 97
32 43 69
32 44 51
32 45 49
32 46 20
32 47 74
32 48 7
32 49 91
33 34 55
33 35 29
33 36 38
33 37 75
33 38 4
33 39 54
33 40 23
33 41 19
33 42 23
33 43 77
33 44 30
33 45 67
33 46 43
33 47 74
33 48 19
33 49 33
34 35 6
34 36 79
34 37 25
34 38 2
34 39 53
34 40 34
34 41 89
34 42 59
34 43 58
34 44 23
34 45 75
34 46 52
34 47 16
34 48 85
34 49 68
35 36 71
35 37 77
35 38 68
35 39 9
35 40 45
35 41 100
35 42 23
35 43 33
35 44 61
35 45 61
35 46 17
35 47 13
35 48 59
35 49 95
36 37 4
36 38 100
36 39 79
36 40 52
36 41 69
36 42 35
36 43 81
36 44 18
36 45 91
36 46 83
36 47 75
36 48 65
36 49 43
37 38 56
37 39 84
37 40 81
37 41 66
37 42 83
37 43 36
37 44 34
37 45 73
37 46 89
37 47 29
37 48 16
37 49 66
38 39 17
38 40 36
38 41 93
38 42 48
38 43 20
38 44 85
38 45 69
38 46 13
38 47 16
38 48 31
38 49 89
39 40 21
39 41 46
39 42 44
39 43 20
39 44 34
39 45 29
39 46 73
39 47 23
39 48 53
39 49 92
40 41 45
40 42 34
40 43 71
40 44 46
40 45 56
40 46 93
40 47 77
40 48 1
40 49 58
41 42 10
41 43 39
41 44 67
41 45 23
41 46 86
41 47 53
41 48 84
41 49 100
42 43 72
42 44 28
42 45 18
42 46 62
42 47 68
42 48 92
42 49 68
43 44 98
43 45 35
43 46 77
43 47 9
43 48 8
43 49 92
44 45 78
44 46 57
44 47 50
44 48 22
44 49 2
45 46 95
45 47 43
45 48 55
45 49 47
46 47 12
46 48 9
46 49 35
47 48 5
47 49 49
48 49 100
