28 378 27
1 2 2
1 3 16
1 4 61
1 5 73
1 6 66
1 7 65
1 8 83
1 9 7
1 10 78
1 11 72
1 12 39
1 13 56
1 14 28
1 15 26
1 16 53
1 17 20
1 18 24
1 19 86
1 20 82
1 21 59
1 22 78
1 23 96
1 24 35
1 25 3
1 26 14
1 27 34
1 28 40
2 3 75
2 4 19
2 5 72
2 6 4
2 7 89
2 8 24
2 9 9
2 10 3
2 11 22
2 12 70
2 13 15
2 14 32
2 15 37
2 16 48
2 17 27
2 18 23
2 19 96
2 20 60
2 21 97
2 22 82
2 23 20
2 24 69
2 25 29
2 26 41
2 27 73
2 28 67
3 4 71
3 5 7
3 6 29
3 7 83
3 8 44
3 9 77
3 10 62
3 11 87
3 12 80
3 13 86
3 14 96
3 15 30
3 16 50
3 17 56
3 18 14
3 19 29
3 20 21
3 21 73
3 22 92
3 23 89
3 24 32
3 25 57
3 26 44
3 27 73
3 28 3
4 5 37
4 6 92
4 7 36
4 8 55
4 9 14
4 10 19
4 11 42
4 12 16
4 13 80
4 14 89
4 15 51
4 16 83
4 17 7
4 18 94
4 19 32
4 20 24
4 21 86
4 22 54
4 23 39
4 24 35
4 25 4
4 26 44
4 27 42
4 28 56
5 6 37
5 7 17
5 8 17
5 9 43
5 10 42
5 11 47
5 12 5
5 13 4
5 14 43
5 15 38
5 16 25
5 17 42
5 18 42
5 19 41
5 20 96
5 21 50
5 22 100
5 23 39
5 24 55
5 25 33
5 26 96
5 27 80
5 28 64
6 7 56
6 8 31
6 9 11
6 10 64
6 11 59
6 12 51
6 13 59
6 14 66
6 15 74
6 16 100
6 17 72
6 18 34
6 19 30
6 20 94
6 21 96
6 22 19
6 23 18
6 24 70
6 25 34
6 26 100
6 27 21
6 28 31
7 8 6
7 9 1
7 10 68
7 11 11
7 12 10
7 13 91
7 14 52
7 15 43
7 16 40
7 17 16
7 18 48
7 19 9
7 20 73
7 21 80
7 22 39
7 23 64
7 24 16
7 25 47
7 26 33
7 27 64
7 28 9
8 9 46
8 10 4
8 11 23
8 12 58
8 13 31
8 14 58
8 15 12
8 16 75
8 17 54
8 18 53
8 19 61
8 20 40
8 21 94
8 22 27
8 23 79
8 24 29
8 25 69
8 26 3
8 27 69
8 28 49
9 10 22
9 11 67
9 12 2
9 13 90
9 14 29
9 15 19
9 16 10
9 17 41
9 18 35
9 19 100
9 20 19
9 21 87
9 22 12
9 23 31
9 24 58
9 25 10
9 26 60
9 27 30
9 28 52
10 11 19
10 12 43
10 13 94
10 14 73
10 15 33
10 16 6
10 17 79
10 18 63
10 19 71
10 20 40
10 21 54
10 22 92
10 23 63
10 24 64
10 25 87
10 26 56
10 27 14
10 28 39
11 12 82
11 13 18
11 14 25
11 15 16
11 16 95
11 17 22
11 18 44
11 19 73
11 20 43
11 21 47
11 22 29
11 23 7
11 24 22
11 25 32
11 26 41
11 27 17
11 28 73
12 13 90
12 14 36
12 15 48
12 16 26
12 17 90
12 18 1
12 19 82
12 20 56
12 21 27
12 22 25
12 23 6
12 24 34
12 25 83
12 26 61
12 27 59
12 28 66
13 14 92
13 15 70
13 16 37
13 17 42
13 18 91
13 19 84
13 20 34
13 21 34
13 22 74
13 23 79
13 24 59
13 25 44
13 26 50
13 27 92
13 28 52
14 15 41
14 16 88
14 17 84
14 18 21
14 19 55
14 20 86
14 21 21
14 22 64
14 23 81
14 24 83
14 25 11
14 26 98
14 27 42
14 28 13
15 16 16
15 17 56
15 18 66
15 19 3
15 20 70
15 21 39
15 22 71
15 23 4
15 24 75
15 25 76
15 26 79
15 27 13
15 28 30
16 17 84
16 18 80
16 19 7
16 20 36
16 21 18
16 22 95
16 23 1
16 24 94
16 25 53
16 26 22
16 27 59
16 28 49
17 18 47
17 19 66
17 20 27
17 21 71
17 22 100
17 23 57
17 24 71
17 25 59
17 26 45
17 27 12
17 28 58
18 19 41
18 20 67
18 21 96
18 22 51
18 23 6
18 24 89
18 25 15
18 26 78
18 27 47
18 28 1
19 20 66
19 21 25
19 22 39
19 23 90
19 24 31
19 25 45
19 26 61
19 27 66
19 28 72
20 21 71
20 22 12
20 23 40
20 24 58
20 25 78
20 26 39
20 27 52
20 28 4
21 22 76
21 23 100
21 24 1
21 25 89
21 26 12
21 27 13
21 28 65
22 23 35
22 24 11
22 25 48
22 26 79
22 27 85
22 28 34
23 24 93
23 25 99
23 26 17
23 27 81
23 28 22
24 25 76
24 26 3
24 27 85
24 28 24
25 26 26
25 27 25
25 28 36
26 27 52
26 28 91
27 28 70
