34 561 33
1 2 73
1 3 49
1 4 17
1 5 50
1 6 42
1 7 19
1 8 98
1 9 7
1 10 21
1 11 18
1 12 96
1 13 82
1 14 63
1 15 20
1 16 74
1 17 43
1 18 14
1 19 50
1 20 45
1 21 21
1 22 25
1 23 27
1 24 78
1 25 72
1 26 47
1 27 52
1 28 20
1 29 83
1 30 4
1 31 33
1 32 80
1 33 25
1 34 79
2 3 91
2 4 84
2 5 32
2 6 13
2 7 47
2 8 50
2 9 50
2 10 78
2 11 6
2 12 86
2 13 30
2 14 96
2 15 56
2 16 83
2 17 32
2 18 53
2 19 28
2 20 19
2 21 31
2 22 80
2 23 40
2 24 95
2 25 27
2 26 24
2 27 55
2 28 73
2 29 5
2 30 32
2 31 22
2 32 18
2 33 58
2 34 74
3 4 100
3 5 85
3 6 84
3 7 83
3 8 42
3 9 57
3 10 80
3 11 95
3 12 50
3 13 24
3 14 5
3 15 80
3 16 8
3 17 64
3 18 7
3 19 88
3 20 64
3 21 81
3 22 4
3 23 2
3 24 26
3 25 3
3 26 21
3 27 96
3 28 66
3 29 37
3 30 38
3 31 48
3 32 87
3 33 31
3 34 11
4 5 22
4 6 97
4 7 33
4 8 4
4 9 20
4 10 40
4 11 52
4 12 30
4 13 87
4 14 58
4 15 93
4 16 85
4 17 69
4 18 36
4 19 79
4 20 69
4 21 49
4 22 89
4 23 93
4 24 36
4 25 11
4 26 81
4 27 58
4 28 25
4 29 9
4 30 32
4 31 65
4 32 92
4 33 74
4 34 61
5 6 38
5 7 7
5 8 12
5 9 69
5 10 15
5 11 40
5 12 79
5 13 69
5 14 51
5 15 32
5 16 20
5 17 66
5 18 37
5 19 39
5 20 90
5 21 1
5 22 49
5 23 17
5 24 34
5 25 24
5 26 56
5 27 36
5 28 4
5 29 44
5 30 73
5 31 28
5 32 77
5 33 56
5 34 3
6 7 42
6 8 77
6 9 53
6 10 85
6 11 70
6 12 69
6 13 74
6 14 94
6 15 25
6 16 65
6 17 67
6 18 19
6 19 91
6 20 56
6 21 75
6 22 93
6 23 90
6 24 10
6 25 4
6 26 86
6 27 57
6 28 46
6 29 22
6 30 85
6 31 89
6 32 98
6 33 83
6 34 32
7 8 47
7 9 59
7 10 86
7 11 42
7 12 78
7 13 35
7 14 54
7 15 83
7 16 44
7 17 56
7 18 97
7 19 71
7 20 34
7 21 98
7 22 4
7 23 67
7 24 14
7 25 30
7 26 71
7 27 30
7 28 29
7 29 75
7 30 74
7 31 85
7 32 3
7 33 62
7 34 11
8 9 22
8 10 51
8 11 67
8 12 33
8 13 32
8 14 76
8 15 90
8 16 53
8 17 93
8 18 26
8 19 44
8 20 97
8 21 62
8 22 83
8 23 62
8 24 78
8 25 25
8 26 79
8 27 87
8 28 71
8 29 77
8 30 3
8 31 85
8 32 71
8 33 6
8 34 30
9 10 58
9 11 16
9 12 51
9 13 47
9 14 56
9 15 46
9 16 70
9 17 14
9 18 93
9 19 34
9 20 41
9 21 18
9 22 27
9 23 27
9 24 82
9 25 76
9 26 28
9 27 91
9 28 41
9 29 2
9 30 9
9 31 58
9 32 13
9 33 80
9 34 41
10 11 29
10 12 71
10 13 48
10 14 90
10 15 5
10 16 75
10 17 5
10 18 22
10 19 93
10 20 54
10 21 87
10 22 71
10 23 55
10 24 4
10 25 7
10 26 72
10 27 42
10 28 63
10 29 70
10 30 18
10 31 10
10 32 31
10 33 41
10 34 3
11 12 24
11 13 58
11 14 66
11 15 46
11 16 49
11 17 6
11 18 96
11 19 88
11 20 84
11 21 14
11 22 50
11 23 47
11 24 38
11 25 64
11 26 10
11 27 35
11 28 5
11 29 19
11 30 98
11 31 26
11 32 13
11 33 75
11 34 23
12 13 76
12 14 97
12 15 17
12 16 85
12 17 90
12 18 66
12 19 56
12 20 57
12 21 75
12 22 36
12 23 65
12 24 97
12 25 76
12 26 51
12 27 73
12 28 78
12 29 96
12 30 71
12 31 34
12 32 33
12 33 92
12 34 96
13 14 38
13 15 16
13 16 15
13 17 64
13 18 20
13 19 47
13 20 100
13 21 46
13 22 78
13 23 3
13 24 59
13 25 81
13 26 43
13 27 26
13 28 19
13 29 71
13 30 38
13 31 68
13 32 17
13 33 2
13 34 79
14 15 67
14 16 12
14 17 19
14 18 75
14 19 16
14 20 41
14 21 23
14 22 62
14 23 28
14 24 13
14 25 93
14 26 42
14 27 39
14 28 47
14 29 17
14 30 17
14 31 72
14 32 48
14 33 36
14 34 47
15 16 99
15 17 38
15 18 84
15 19 54
15 20 67
15 21 55
15 22 64
15 23 57
15 24 61
15 25 100
15 26 36
15 27 95
15 28 29
15 29 12
15 30 92
15 31 38
15 32 44
15 33 50
15 34 40
16 17 78
16 18 5
16 19 93
16 20 73
16 21 78
16 22 39
16 23 32
16 24 8
16 25 13
16 26 57
16 27 42
16 28 10
16 29 87
16 30 10
16 31 100
16 32 66
16 33 68
16 34 21
17 18 46
17 19 36
17 20 66
17 21 68
17 22 71
17 23 28
17 24 38
17 25 68
17 26 50
17 27 69
17 28 14
17 29 11
17 30 65
17 31 54
17 32 70
17 33 12
17 34 59
18 19 50
18 20 41
18 21 61
18 22 100
18 23 47
18 24 28
18 25 46
18 26 87
18 27 80
18 28 65
18 29 72
18 30 34
18 31 71
18 32 62
18 33 7
18 34 59
19 20 93
19 21 9
19 22 76
19 23 45
19 24 86
19 25 30
19 26 67
19 27 52
19 28 7
19 29 59
19 30 89
19 31 97
19 32 83
19 33 74
19 34 46
20 21 36
20 22 17
20 23 42
20 24 10
20 25 50
20 26 52
20 27 53
20 28 81
20 29 7
20 30 19
20 31 7
20 32 80
20 33 13
20 34 60
21 22 15
21 23 43
21 24 5
21 25 42
21 26 96
21 27 49
21 28 7
21 29 68
21 30 67
21 31 21
21 32 13
21 33 41
21 34 48
22 23 7
22 24 26
22 25 25
22 26 70
22 27 88
22 28 19
22 29 75
22 30 73
22 31 40
22 32 58
22 33 7
22 34 62
23 24 75
23 25 23
23 26 56
23 27 99
23 28 80
23 29 1
23 30 27
23 31 91
23 32 18
23 33 29
23 34 92
24 25 9
24 26 83
24 27 21
24 28 59
24 29 50
24 30 81
24 31 38
24 32 38
24 33 27
24 34 66
25 26 79
25 27 88
25 28 52
25 29 80
25 30 58
25 31 54
25 32 13
25 33 85
25 34 56
26 27 66
26 28 77
26 29 78
26 30 30
26 31 24
26 32 18
26 33 67
26 34 47
27 28 11
27 29 67
27 30 81
27 31 41
27 32 40
27 33 66
27 34 9
28 29 2
28 30 72
28 31 46
28 32 100
28 33 48
28 34 55
29 30 97
29 31 34
29 32 7
29 33 8
29 34 30
30 31 34
30 32 75
30 33 91
30 34 56
31 32 65
31 33 5
31 34 22
32 33 70
32 34 30
33 34 63
