83 3403 82
1 2 39
1 3 20
1 4 31
1 5 66
1 6 27
1 7 36
1 8 46
1 9 6
1 10 82
1 11 52
1 12 94
1 13 45
1 14 54
1 15 56
1 16 96
1 17 5
1 18 43
1 19 1
1 20 30
1 21 27
1 22 40
1 23 12
1 24 1
1 25 61
1 26 39
1 27 37
1 28 83
1 29 89
1 30 18
1 31 84
1 32 59
1 33 29
1 34 60
1 35 56
1 36 79
1 37 4
1 38 53
1 39 26
1 40 79
1 41 51
1 42 87
1 43 24
1 44 54
1 45 18
1 46 38
1 47 35
1 48 57
1 49 58
1 50 73
1 51 30
1 52 71
1 53 84
1 54 91
1 55 36
1 56 98
1 57 83
1 58 20
1 59 13
1 60 37
1 61 35
1 62 10
1 63 1
1 64 77
1 65 62
1 66 65
1 67 26
1 68 95
1 69 58
1 70 37
1 71 31
1 72 42
1 73 73
1 74 76
1 75 96
1 76 25
1 77 36
1 78 62
1 79 85
1 80 27
1 81 20
1 82 9
1 83 52
2 3 100
2 4 25
2 5 82
2 6 19
2 7 40
2 8 71
2 9 24
2 10 74
2 11 15
2 12 95
2 13 16
2 14 90
2 15 86
2 16 75
2 17 36
2 18 100
2 19 83
2 20 40
2 21 57
2 22 26
2 23 58
2 24 68
2 25 32
2 26 35
2 27 70
2 28 37
2 29 80
2 30 3
2 31 69
2 32 83
2 33 72
2 34 5
2 35 21
2 36 6
2 37 86
2 38 97
2 39 30
2 40 75
2 41 78
2 42 47
2 43 56
2 44 55
2 45 78
2 46 77
2 47 19
2 48 85
2 49 52
2 50 34
2 51 20
2 52 43
2 53 32
2 54 49
2 55 2
2 56 68
2 57 29
2 58 24
2 59 71
2 60 45
2 61 66
2 62 47
2 63 4
2 64 48
2 65 85
2 66 39
2 67 65
2 68 7
2 69 1
2 70 79
2 71 20
2 72 83
2 73 49
2 74 97
2 75 89
2 76 21
2 77 87
2 78 71
2 79 86
2 80 39
2 81 26
2 82 54
2 83 93
3 4 29
3 5 50
3 6 37
3 7 36
3 8 77
3 9 65
3 10 58
3 11 20
3 12 42
3 13 71
3 14 54
3 15 23
3 16 72
3 17 100
3 18 44
3 19 43
3 20 75
3 21 9
3 22 37
3 23 88
3 24 100
3 25 52
3 26 18
3 27 8
3 28 11
3 29 56
3 30 26
3 31 70
3 32 29
3 33 4
3 34 72
3 35 74
3 36 91
3 37 25
3 38 76
3 39 12
3 40 40
3 41 74
3 42 15
3 43 72
3 44 48
3 45 14
3 46 15
3 47 19
3 48 54
3 49 73
3 50 98
3 51 58
3 52 100
3 53 46
3 54 52
3 55 50
3 56 85
3 57 1
3 58 46
3 59 89
3 60 25
3 61 97
3 62 88
3 63 50
3 64 40
3 65 16
3 66 72
3 67 22
3 68 48
3 69 41
3 70 52
3 71 11
3 72 28
3 73 4
3 74 4
3 75 66
3 76 95
3 77 54
3 78 17
3 79 84
3 80 100
3 81 14
3 82 77
3 83 64
4 5 89
4 6 65
4 7 57
4 8 89
4 9 69
4 10 47
4 11 92
4 12 75
4 13 64
4 14 68
4 15 35
4 16 13
4 17 44
4 18 3
4 19 30
4 20 3
4 21 26
4 22 31
4 23 45
4 24 37
4 25 48
4 26 65
4 27 34
4 28 40
4 29 54
4 30 52
4 31 25
4 32 76
4 33 80
4 34 9
4 35 10
4 36 4
4 37 80
4 38 96
4 39 77
4 40 17
4 41 27
4 42 18
4 43 82
4 44 27
4 45 93
4 46 9
4 47 68
4 48 51
4 49 83
4 50 9
4 51 53
4 52 76
4 53 69
4 54 55
4 55 42
4 56 10
4 57 26
4 58 58
4 59 51
4 60 35
4 61 100
4 62 16
4 63 74
4 64 10
4 65 63
4 66 98
4 67 95
4 68 80
4 69 68
4 70 73
4 71 98
4 72 73
4 73 58
4 74 93
4 75 85
4 76 45
4 77 50
4 78 6
4 79 57
4 80 75
4 81 91
4 82 15
4 83 97
5 6 30
5 7 20
5 8 81
5 9 95
5 10 8
5 11 96
5 12 79
5 13 65
5 14 51
5 15 69
5 16 81
5 17 36
5 18 81
5 19 52
5 20 16
5 21 75
5 22 67
5 23 79
5 24 56
5 25 55
5 26 76
5 27 55
5 28 92
5 29 26
5 30 51
5 31 45
5 32 89
5 33 70
5 34 99
5 35 93
5 36 57
5 37 58
5 38 77
5 39 19
5 40 38
5 41 76
5 42 26
5 43 62
5 44 24
5 45 63
5 46 82
5 47 69
5 48 11
5 49 43
5 50 14
5 51 18
5 52 14
5 53 74
5 54 17
5 55 22
5 56 16
5 57 37
5 58 63
5 59 53
5 60 66
5 61 9
5 62 37
5 63 60
5 64 29
5 65 65
5 66 100
5 67 83
5 68 41
5 69 88
5 70 74
5 71 100
5 72 65
5 73 68
5 74 55
5 75 56
5 76 71
5 77 95
5 78 63
5 79 55
5 80 67
5 81 20
5 82 66
5 83 18
6 7 37
6 8 72
6 9 25
6 10 45
6 11 47
6 12 41
6 13 91
6 14 34
6 15 64
6 16 88
6 17 95
6 18 77
6 19 23
6 20 2
6 21 8
6 22 29
6 23 83
6 24 26
6 25 56
6 26 3
6 27 100
6 28 92
6 29 45
6 30 10
6 31 100
6 32 22
6 33 78
6 34 81
6 35 95
6 36 43
6 37 4
6 38 75
6 39 70
6 40 5
6 41 54
6 42 37
6 43 48
6 44 29
6 45 46
6 46 54
6 47 70
6 48 22
6 49 22
6 50 70
6 51 100
6 52 75
6 53 52
6 54 100
6 55 89
6 56 3
6 57 86
6 58 24
6 59 47
6 60 3
6 61 80
6 62 84
6 63 2
6 64 32
6 65 25
6 66 83
6 67 67
6 68 16
6 69 91
6 70 11
6 71 40
6 72 54
6 73 41
6 74 48
6 75 80
6 76 9
6 77 11
6 78 38
6 79 4
6 80 100
6 81 4
6 82 98
6 83 83
7 8 54
7 9 15
7 10 13
7 11 87
7 12 80
7 13 100
7 14 24
7 15 12
7 16 14
7 17 23
7 18 55
7 19 21
7 20 39
7 21 51
7 22 94
7 23 50
7 24 68
7 25 10
7 26 38
7 27 89
7 28 82
7 29 90
7 30 88
7 31 8
7 32 60
7 33 78
7 34 6
7 35 37
7 36 24
7 37 59
7 38 22
7 39 73
7 40 94
7 41 51
7 42 98
7 43 81
7 44 77
7 45 9
7 46 93
7 47 91
7 48 40
7 49 70
7 50 32
7 51 1
7 52 73
7 53 1
7 54 84
7 55 4
7 56 95
7 57 24
7 58 82
7 59 60
7 60 58
7 61 72
7 62 16
7 63 23
7 64 46
7 65 56
7 66 47
7 67 70
7 68 12
7 69 22
7 70 96
7 71 56
7 72 79
7 73 27
7 74 3
7 75 35
7 76 70
7 77 91
7 78 72
7 79 27
7 80 7
7 81 44
7 82 27
7 83 44
8 9 84
8 10 3
8 11 21
8 12 27
8 13 3
8 14 90
8 15 80
8 16 66
8 17 75
8 18 35
8 19 86
8 20 59
8 21 36
8 22 62
8 23 15
8 24 89
8 25 80
8 26 95
8 27 37
8 28 82
8 29 26
8 30 70
8 31 29
8 32 87
8 33 58
8 34 80
8 35 62
8 36 32
8 37 4
8 38 100
8 39 97
8 40 96
8 41 89
8 42 68
8 43 91
8 44 4
8 45 36
8 46 55
8 47 57
8 48 44
8 49 90
8 50 60
8 51 78
8 52 33
8 53 26
8 54 79
8 55 65
8 56 61
8 57 74
8 58 22
8 59 31
8 60 29
8 61 50
8 62 54
8 63 37
8 64 10
8 65 80
8 66 50
8 67 67
8 68 32
8 69 85
8 70 76
8 71 68
8 72 18
8 73 23
8 74 21
8 75 38
8 76 23
8 77 34
8 78 60
8 79 37
8 80 35
8 81 98
8 82 53
8 83 65
9 10 20
9 11 20
9 12 5
9 13 53
9 14 66
9 15 42
9 16 99
9 17 99
9 18 72
9 19 94
9 20 22
9 21 26
9 22 52
9 23 100
9 24 39
9 25 18
9 26 29
9 27 4
9 28 69
9 29 50
9 30 43
9 31 87
9 32 53
9 33 98
9 34 21
9 35 71
9 36 90
9 37 51
9 38 87
9 39 79
9 40 95
9 41 52
9 42 61
9 43 23
9 44 63
9 45 64
9 46 96
9 47 7
9 48 49
9 49 51
9 50 33
9 51 41
9 52 49
9 53 58
9 54 25
9 55 96
9 56 33
9 57 23
9 58 59
9 59 49
9 60 55
9 61 3
9 62 69
9 63 74
9 64 24
9 65 38
9 66 94
9 67 29
9 68 67
9 69 93
9 70 79
9 71 48
9 72 26
9 73 70
9 74 14
9 75 42
9 76 50
9 77 76
9 78 23
9 79 62
9 80 58
9 81 84
9 82 65
9 83 72
10 11 30
10 12 86
10 13 27
10 14 50
10 15 46
10 16 1
10 17 72
10 18 30
10 19 72
10 20 3
10 21 30
10 22 13
10 23 57
10 24 4
10 25 83
10 26 54
10 27 69
10 28 54
10 29 89
10 30 5
10 31 49
10 32 84
10 33 20
10 34 89
10 35 64
10 36 37
10 37 71
10 38 54
10 39 59
10 40 90
10 41 7
10 42 14
10 43 30
10 44 82
10 45 87
10 46 81
10 47 6
10 48 80
10 49 78
10 50 57
10 51 35
10 52 72
10 53 63
10 54 92
10 55 100
10 56 97
10 57 98
10 58 11
10 59 48
10 60 66
10 61 37
10 62 2
10 63 51
10 64 11
10 65 72
10 66 36
10 67 84
10 68 100
10 69 14
10 70 32
10 71 78
10 72 34
10 73 38
10 74 86
10 75 70
10 76 88
10 77 65
10 78 1
10 79 18
10 80 15
10 81 66
10 82 40
10 83 82
11 12 31
11 13 11
11 14 70
11 15 32
11 16 69
11 17 15
11 18 74
11 19 67
11 20 12
11 21 36
11 22 65
11 23 34
11 24 56
11 25 35
11 26 11
11 27 13
11 28 49
11 29 35
11 30 58
11 31 55
11 32 46
11 33 9
11 34 23
11 35 27
11 36 29
11 37 82
11 38 100
11 39 76
11 40 55
11 41 75
11 42 71
11 43 29
11 44 82
11 45 32
11 46 83
11 47 84
11 48 13
11 49 19
11 50 46
11 51 82
11 52 45
11 53 30
11 54 71
11 55 12
11 56 32
11 57 54
11 58 12
11 59 15
11 60 33
11 61 6
11 62 61
11 63 47
11 64 36
11 65 82
11 66 82
11 67 59
11 68 61
11 69 11
11 70 71
11 71 94
11 72 40
11 73 57
11 74 73
11 75 43
11 76 86
11 77 86
11 78 93
11 79 66
11 80 24
11 81 10
11 82 74
11 83 7
12 13 81
12 14 41
12 15 93
12 16 94
12 17 67
12 18 2
12 19 6
12 20 75
12 21 39
12 22 48
12 23 13
12 24 26
12 25 95
12 26 63
12 27 13
12 28 2
12 29 29
12 30 41
12 31 55
12 32 60
12 33 63
12 34 54
12 35 63
12 36 68
12 37 91
12 38 28
12 39 1
12 40 95
12 41 59
12 42 2
12 43 70
12 44 30
12 45 77
12 46 69
12 47 100
12 48 8
12 49 44
12 50 26
12 51 64
12 52 44
12 53 69
12 54 47
12 55 67
12 56 29
12 57 2
12 58 97
12 59 89
12 60 9
12 61 78
12 62 5
12 63 81
12 64 81
12 65 87
12 66 15
12 67 43
12 68 92
12 69 87
12 70 17
12 71 19
12 72 40
12 73 43
12 74 77
12 75 87
12 76 31
12 77 3
12 78 63
12 79 16
12 80 89
12 81 38
12 82 92
12 83 27
13 14 95
13 15 1
13 16 52
13 17 30
13 18 63
13 19 19
13 20 100
13 21 96
13 22 19
13 23 55
13 24 96
13 25 92
13 26 96
13 27 74
13 28 66
13 29 76
13 30 54
13 31 75
13 32 75
13 33 73
13 34 26
13 35 48
13 36 100
13 37 94
13 38 15
13 39 88
13 40 87
13 41 74
13 42 34
13 43 92
13 44 76
13 45 63
13 46 66
13 47 61
13 48 74
13 49 2
13 50 18
13 51 47
13 52 58
13 53 59
13 54 84
13 55 29
13 56 64
13 57 96
13 58 27
13 59 60
13 60 26
13 61 83
13 62 31
13 63 94
13 64 3
13 65 80
13 66 28
13 67 43
13 68 38
13 69 31
13 70 87
13 71 19
13 72 20
13 73 94
13 74 4
13 75 67
13 76 17
13 77 84
13 78 73
13 79 40
13 80 51
13 81 49
13 82 71
13 83 83
14 15 25
14 16 87
14 17 45
14 18 61
14 19 75
14 20 16
14 21 25
14 22 13
14 23 30
14 24 99
14 25 9
14 26 12
14 27 40
14 28 67
14 29 38
14 30 47
14 31 34
14 32 59
14 33 96
14 34 32
14 35 30
14 36 22
14 37 84
14 38 17
14 39 40
14 40 66
14 41 65
14 42 77
14 43 79
14 44 52
14 45 74
14 46 87
14 47 68
14 48 6
14 49 36
14 50 81
14 51 19
14 52 22
14 53 42
14 54 38
14 55 61
14 56 96
14 57 2
14 58 64
14 59 89
14 60 3
14 61 35
14 62 73
14 63 6
14 64 49
14 65 88
14 66 70
14 67 27
14 68 84
14 69 72
14 70 20
14 71 22
14 72 50
14 73 38
14 74 68
14 75 25
14 76 80
14 77 74
14 78 74
14 79 43
14 80 65
14 81 47
14 82 54
14 83 4
15 16 35
15 17 18
15 18 12
15 19 58
15 20 19
15 21 79
15 22 68
15 23 29
15 24 5
15 25 60
15 26 69
15 27 86
15 28 72
15 29 93
15 30 24
15 31 80
15 32 30
15 33 24
15 34 73
15 35 74
15 36 50
15 37 25
15 38 5
15 39 1
15 40 52
15 41 42
15 42 91
15 43 92
15 44 80
15 45 53
15 46 46
15 47 5
15 48 66
15 49 44
15 50 90
15 51 24
15 52 17
15 53 30
15 54 7
15 55 40
15 56 90
15 57 86
15 58 77
15 59 24
15 60 86
15 61 76
15 62 73
15 63 72
15 64 92
15 65 42
15 66 86
15 67 71
15 68 5
15 69 5
15 70 41
15 71 49
15 72 5
15 73 69
15 74 63
15 75 52
15 76 91
15 77 16
15 78 28
15 79 62
15 80 11
15 81 6
15 82 43
15 83 19
16 17 57
16 18 63
16 19 67
16 20 92
16 21 71
16 22 14
16 23 51
16 24 12
16 25 88
16 26 18
16 27 27
16 28 59
16 29 76
16 30 44
16 31 62
16 32 7
16 33 70
16 34 56
16 35 11
16 36 78
16 37 54
16 38 43
16 39 92
16 40 13
16 41 6
16 42 11
16 43 4
16 44 13
16 45 85
16 46 44
16 47 64
16 48 60
16 49 82
16 50 42
16 51 5
16 52 84
16 53 90
16 54 45
16 55 46
16 56 48
16 57 8
16 58 16
16 59 33
16 60 95
16 61 88
16 62 66
16 63 12
16 64 13
16 65 72
16 66 10
16 67 60
16 68 17
16 69 8
16 70 12
16 71 98
16 72 47
16 73 3
16 74 94
16 75 93
16 76 64
16 77 17
16 78 97
16 79 55
16 80 57
16 81 38
16 82 83
16 83 7
17 18 22
17 19 66
17 20 100
17 21 33
17 22 11
17 23 97
17 24 37
17 25 2
17 26 75
17 27 65
17 28 94
17 29 6
17 30 17
17 31 99
17 32 91
17 33 15
17 34 21
17 35 46
17 36 67
17 37 89
17 38 38
17 39 2
17 40 1
17 41 36
17 42 81
17 43 31
17 44 67
17 45 67
17 46 68
17 47 14
17 48 15
17 49 9
17 50 52
17 51 63
17 52 13
17 53 28
17 54 27
17 55 45
17 56 69
17 57 52
17 58 85
17 59 41
17 60 92
17 61 79
17 62 28
17 63 27
17 64 59
17 65 97
17 66 77
17 67 89
17 68 44
17 69 37
17 70 38
17 71 17
17 72 13
17 73 27
17 74 62
17 75 78
17 76 8
17 77 91
17 78 45
17 79 93
17 80 43
17 81 97
17 82 45
17 83 65
18 19 15
18 20 77
18 21 25
18 22 75
18 23 92
18 24 88
18 25 96
18 26 81
18 27 6
18 28 72
18 29 9
18 30 47
18 31 19
18 32 21
18 33 17
18 34 26
18 35 82
18 36 84
18 37 33
18 38 89
18 39 25
18 40 54
18 41 69
18 42 63
18 43 14
18 44 35
18 45 65
18 46 7
18 47 64
18 48 50
18 49 65
18 50 66
18 51 3
18 52 58
18 53 22
18 54 17
18 55 11
18 56 47
18 57 18
18 58 50
18 59 84
18 60 78
18 61 27
18 62 75
18 63 50
18 64 50
18 65 19
18 66 37
18 67 94
18 68 54
18 69 57
18 70 76
18 71 60
18 72 29
18 73 35
18 74 93
18 75 75
18 76 86
18 77 18
18 78 20
18 79 7
18 80 77
18 81 61
18 82 31
18 83 88
19 20 37
19 21 18
19 22 86
19 23 91
19 24 83
19 25 87
19 26 59
19 27 22
19 28 48
19 29 70
19 30 20
19 31 41
19 32 98
19 33 12
19 34 82
19 35 53
19 36 6
19 37 51
19 38 26
19 39 99
19 40 48
19 41 15
19 42 10
19 43 47
19 44 74
19 45 70
19 46 83
19 47 38
19 48 78
19 49 85
19 50 96
19 51 91
19 52 23
19 53 80
19 54 63
19 55 64
19 56 81
19 57 28
19 58 71
19 59 14
19 60 32
19 61 80
19 62 48
19 63 96
19 64 46
19 65 51
19 66 18
19 67 94
19 68 39
19 69 81
19 70 8
19 71 17
19 72 1
19 73 42
19 74 24
19 75 41
19 76 84
19 77 17
19 78 94
19 79 88
19 80 94
19 81 96
19 82 53
19 83 62
20 21 53
20 22 71
20 23 35
20 24 27
20 25 43
20 26 91
20 27 95
20 28 44
20 29 40
20 30 31
20 31 1
20 32 97
20 33 54
20 34 15
20 35 89
20 36 12
20 37 21
20 38 12
20 39 58
20 40 75
20 41 36
20 42 26
20 43 49
20 44 14
20 45 100
20 46 55
20 47 68
20 48 11
20 49 44
20 50 70
20 51 43
20 52 12
20 53 87
20 54 79
20 55 69
20 56 57
20 57 39
20 58 51
20 59 63
20 60 78
20 61 92
20 62 56
20 63 98
20 64 13
20 65 46
20 66 27
20 67 33
20 68 19
20 69 71
20 70 45
20 71 65
20 72 21
20 73 10
20 74 8
20 75 8
20 76 12
20 77 3
20 78 84
20 79 63
20 80 87
20 81 23
20 82 27
20 83 93
21 22 93
21 23 95
21 24 83
21 25 11
21 26 93
21 27 27
21 28 1
21 29 97
21 30 4
21 31 34
21 32 99
21 33 7
21 34 35
21 35 54
21 36 18
21 37 80
21 38 30
21 39 14
21 40 98
21 41 37
21 42 67
21 43 5
21 44 88
21 45 49
21 46 25
21 47 44
21 48 88
21 49 64
21 50 54
21 51 8
21 52 49
21 53 16
21 54 52
21 55 76
21 56 41
21 57 58
21 58 96
21 59 39
21 60 36
21 61 25
21 62 19
21 63 62
21 64 63
21 65 48
21 66 20
21 67 55
21 68 49
21 69 72
21 70 29
21 71 66
21 72 52
21 73 30
21 74 32
21 75 64
21 76 40
21 77 9
21 78 46
21 79 55
21 80 31
21 81 94
21 82 72
21 83 2
22 23 72
22 24 55
22 25 43
22 26 29
22 27 28
22 28 98
22 29 19
22 30 48
22 31 44
22 32 41
22 33 51
22 34 9
22 35 66
22 36 68
22 37 66
22 38 78
22 39 34
22 40 28
22 41 48
22 42 17
22 43 55
22 44 28
22 45 28
22 46 53
22 47 96
22 48 22
22 49 39
22 50 31
22 51 9
22 52 37
22 53 50
22 54 23
22 55 66
22 56 61
22 57 62
22 58 25
22 59 83
22 60 59
22 61 98
22 62 66
22 63 80
22 64 64
22 65 90
22 66 99
22 67 88
22 68 90
22 69 58
22 70 62
22 71 98
22 72 25
22 73 70
22 74 48
22 75 56
22 76 61
22 77 94
22 78 78
22 79 38
22 80 29
22 81 53
22 82 66
22 83 56
23 24 94
23 25 66
23 26 67
23 27 13
23 28 68
23 29 16
23 30 4
23 31 15
23 32 40
23 33 79
23 34 26
23 35 71
23 36 37
23 37 9
23 38 7
23 39 44
23 40 22
23 41 81
23 42 82
23 43 83
23 44 2
23 45 9
23 46 63
23 47 24
23 48 56
23 49 24
23 50 71
23 51 17
23 52 35
23 53 15
23 54 19
23 55 86
23 56 82
23 57 78
23 58 83
23 59 26
23 60 56
23 61 6
23 62 45
23 63 40
23 64 51
23 65 28
23 66 70
23 67 78
23 68 11
23 69 20
23 70 38
23 71 90
23 72 7
23 73 99
23 74 57
23 75 6
23 76 9
23 77 31
23 78 90
23 79 51
23 80 9
23 81 6
23 82 68
23 83 47
24 25 95
24 26 27
24 27 66
24 28 50
24 29 14
24 30 49
24 31 2
24 32 42
24 33 88
24 34 35
24 35 55
24 36 73
24 37 32
24 38 51
24 39 85
24 40 79
24 41 42
24 42 82
24 43 17
24 44 40
24 45 43
24 46 4
24 47 28
24 48 91
24 49 91
24 50 88
24 51 84
24 52 73
24 53 30
24 54 71
24 55 100
24 56 100
24 57 83
24 58 12
24 59 63
24 60 55
24 61 28
24 62 59
24 63 97
24 64 71
24 65 74
24 66 92
24 67 61
24 68 34
24 69 81
24 70 37
24 71 34
24 72 99
24 73 16
24 74 29
24 75 100
24 76 70
24 77 62
24 78 33
24 79 69
24 80 69
24 81 38
24 82 9
24 83 71
25 26 26
25 27 34
25 28 67
25 29 13
25 30 98
25 31 67
25 32 84
25 33 6
25 34 50
25 35 54
25 36 1
25 37 24
25 38 14
25 39 18
25 40 3
25 41 8
25 42 13
25 43 94
25 44 62
25 45 72
25 46 83
25 47 15
25 48 61
25 49 42
25 50 30
25 51 85
25 52 57
25 53 71
25 54 12
25 55 81
25 56 42
25 57 13
25 58 75
25 59 3
25 60 10
25 61 3
25 62 12
25 63 2
25 64 16
25 65 98
25 66 17
25 67 67
25 68 46
25 69 33
25 70 56
25 71 31
25 72 58
25 73 47
25 74 67
25 75 10
25 76 87
25 77 57
25 78 54
25 79 34
25 80 42
25 81 38
25 82 57
25 83 24
26 27 17
26 28 45
26 29 77
26 30 8
26 31 54
26 32 31
26 33 70
26 34 71
26 35 1
26 36 66
26 37 88
26 38 18
26 39 65
26 40 10
26 41 1
26 42 66
26 43 12
26 44 93
26 45 81
26 46 61
26 47 34
26 48 58
26 49 46
26 50 27
26 51 84
26 52 78
26 53 99
26 54 51
26 55 17
26 56 4
26 57 35
26 58 43
26 59 5
26 60 31
26 61 39
26 62 5
26 63 100
26 64 78
26 65 38
26 66 95
26 67 94
26 68 39
26 69 46
26 70 64
26 71 63
26 72 55
26 73 44
26 74 39
26 75 53
26 76 65
26 77 10
26 78 87
26 79 36
26 80 12
26 81 82
26 82 7
26 83 39
27 28 18
27 29 53
27 30 78
27 31 65
27 32 95
27 33 32
27 34 3
27 35 44
27 36 69
27 37 59
27 38 57
27 39 94
27 40 30
27 41 72
27 42 38
27 43 29
27 44 88
27 45 60
27 46 36
27 47 57
27 48 31
27 49 38
27 50 10
27 51 39
27 52 48
27 53 5
27 54 98
27 55 79
27 56 4
27 57 71
27 58 67
27 59 82
27 60 65
27 61 37
27 62 29
27 63 42
27 64 72
27 65 86
27 66 89
27 67 54
27 68 58
27 69 87
27 70 39
27 71 39
27 72 100
27 73 25
27 74 38
27 75 11
27 76 76
27 77 3
27 78 52
27 79 49
27 80 7
27 81 38
27 82 20
27 83 12
28 29 72
28 30 36
28 31 32
28 32 16
28 33 76
28 34 31
28 35 68
28 36 2
28 37 77
28 38 99
28 39 81
28 40 24
28 41 96
28 42 34
28 43 87
28 44 17
28 45 1
28 46 21
28 47 2
28 48 7
28 49 40
28 50 95
28 51 42
28 52 49
28 53 83
28 54 44
28 55 8
28 56 86
28 57 56
28 58 61
28 59 15
28 60 78
28 61 19
28 62 57
28 63 3
28 64 86
28 65 32
28 66 32
28 67 49
28 68 20
28 69 31
28 70 100
28 71 41
28 72 66
28 73 86
28 74 26
28 75 68
28 76 83
28 77 5
28 78 79
28 79 100
28 80 59
28 81 59
28 82 52
28 83 67
29 30 17
29 31 17
29 32 33
29 33 22
29 34 42
29 35 10
29 36 35
29 37 78
29 38 8
29 39 43
29 40 54
29 41 57
29 42 72
29 43 43
29 44 17
29 45 46
29 46 89
29 47 43
29 48 37
29 49 21
29 50 76
29 51 78
29 52 22
29 53 18
29 54 12
29 55 79
29 56 91
29 57 6
29 58 91
29 59 14
29 60 15
29 61 99
29 62 50
29 63 36
29 64 7
29 65 6
29 66 39
29 67 8
29 68 1
29 69 67
29 70 76
29 71 67
29 72 3
29 73 44
29 74 49
29 75 50
29 76 67
29 77 77
29 78 33
29 79 82
29 80 64
29 81 65
29 82 71
29 83 20
30 31 46
30 32 47
30 33 23
30 34 87
30 35 92
30 36 54
30 37 6
30 38 11
30 39 2
30 40 67
30 41 61
30 42 66
30 43 42
30 44 86
30 45 94
30 46 78
30 47 26
30 48 58
30 49 88
30 50 34
30 51 49
30 52 66
30 53 6
30 54 22
30 55 12
30 56 76
30 57 50
30 58 6
30 59 81
30 60 55
30 61 79
30 62 36
30 63 26
30 64 37
30 65 70
30 66 84
30 67 12
30 68 80
30 69 41
30 70 64
30 71 91
30 72 93
30 73 73
30 74 75
30 75 55
30 76 21
30 77 65
30 78 73
30 79 96
30 80 84
30 81 86
30 82 96
30 83 24
31 32 9
31 33 62
31 34 31
31 35 46
31 36 65
31 37 96
31 38 16
31 39 13
31 40 23
31 41 7
31 42 75
31 43 2
31 44 36
31 45 92
31 46 79
31 47 79
31 48 70
31 49 53
31 50 47
31 51 45
31 52 54
31 53 10
31 54 12
31 55 33
31 56 66
31 57 44
31 58 67
31 59 73
31 60 54
31 61 88
31 62 12
31 63 10
31 64 70
31 65 84
31 66 26
31 67 17
31 68 82
31 69 16
31 70 96
31 71 65
31 72 28
31 73 71
31 74 83
31 75 89
31 76 74
31 77 41
31 78 96
31 79 68
31 80 3
31 81 2
31 82 51
31 83 56
32 33 4
32 34 62
32 35 65
32 36 96
32 37 78
32 38 17
32 39 3
32 40 3
32 41 33
32 42 32
32 43 47
32 44 54
32 45 25
32 46 83
32 47 39
32 48 73
32 49 41
32 50 65
32 51 93
32 52 20
32 53 26
32 54 49
32 55 45
32 56 85
32 57 6
32 58 84
32 59 40
32 60 18
32 61 31
32 62 4
32 63 24
32 64 63
32 65 41
32 66 48
32 67 45
32 68 95
32 69 41
32 70 11
32 71 99
32 72 67
32 73 64
32 74 37
32 75 49
32 76 47
32 77 81
32 78 15
32 79 66
32 80 32
32 81 8
32 82 73
32 83 9
33 34 24
33 35 35
33 36 76
33 37 86
33 38 69
33 39 14
33 40 98
33 41 7
33 42 30
33 43 41
33 44 86
33 45 27
33 46 67
33 47 18
33 48 80
33 49 52
33 50 38
33 51 47
33 52 34
33 53 23
33 54 25
33 55 95
33 56 56
33 57 36
33 58 36
33 59 63
33 60 44
33 61 55
33 62 93
33 63 50
33 64 66
33 65 11
33 66 58
33 67 84
33 68 3
33 69 39
33 70 82
33 71 48
33 72 4
33 73 20
33 74 73
33 75 14
33 76 55
33 77 39
33 78 100
33 79 29
33 80 6
33 81 25
33 82 1
33 83 10
34 35 34
34 36 63
34 37 15
34 38 32
34 39 61
34 40 98
34 41 99
34 42 40
34 43 34
34 44 6
34 45 90
34 46 12
34 47 11
34 48 11
34 49 36
34 50 30
34 51 30
34 52 18
34 53 73
34 54 2
34 55 100
34 56 71
34 57 9
34 58 84
34 59 46
34 60 36
34 61 7
34 62 48
34 63 29
34 64 28
34 65 99
34 66 67
34 67 93
34 68 5
34 69 82
34 70 57
34 71 26
34 72 24
34 73 96
34 74 57
34 75 99
34 76 17
34 77 40
34 78 12
34 79 20
34 80 52
34 81 50
34 82 60
34 83 62
35 36 3
35 37 73
35 38 17
35 39 59
35 40 19
35 41 43
35 42 31
35 43 25
35 44 18
35 45 26
35 46 41
35 47 92
35 48 79
35 49 95
35 50 86
35 51 24
35 52 93
35 53 82
35 54 83
35 55 1
35 56 4
35 57 1
35 58 85
35 59 44
35 60 15
35 61 9
35 62 100
35 63 87
35 64 85
35 65 23
35 66 20
35 67 39
35 68 5
35 69 57
35 70 49
35 71 38
35 72 86
35 73 21
35 74 67
35 75 67
35 76 47
35 77 74
35 78 57
35 79 82
35 80 12
35 81 73
35 82 42
35 83 88
36 37 53
36 38 57
36 39 44
36 40 21
36 41 68
36 42 40
36 43 36
36 44 37
36 45 28
36 46 78
36 47 24
36 48 49
36 49 10
36 50 48
36 51 68
36 52 97
36 53 86
36 54 78
36 55 14
36 56 8
36 57 67
36 58 36
36 59 97
36 60 51
36 61 50
36 62 17
36 63 71
36 64 10
36 65 91
36 66 93
36 67 73
36 68 65
36 69 99
36 70 80
36 71 61
36 72 88
36 73 35
36 74 66
36 75 67
36 76 39
36 77 64
36 78 29
36 79 69
36 80 67
36 81 49
36 82 98
36 83 70
37 38 65
37 39 94
37 40 7
37 41 95
37 42 30
37 43 18
37 44 67
37 45 14
37 46 53
37 47 38
37 48 46
37 49 18
37 50 3
37 51 46
37 52 93
37 53 36
37 54 46
37 55 60
37 56 33
37 57 95
37 58 62
37 59 29
37 60 76
37 61 46
37 62 44
37 63 81
37 64 14
37 65 41
37 66 96
37 67 84
37 68 97
37 69 6
37 70 76
37 71 31
37 72 49
37 73 60
37 74 1
37 75 24
37 76 75
37 77 79
37 78 65
37 79 38
37 80 84
37 81 72
37 82 70
37 83 100
38 39 16
38 40 75
38 41 46
38 42 67
38 43 27
38 44 1
38 45 16
38 46 54
38 47 53
38 48 40
38 49 94
38 50 96
38 51 92
38 52 2
38 53 74
38 54 25
38 55 63
38 56 39
38 57 88
38 58 53
38 59 77
38 60 41
38 61 8
38 62 86
38 63 32
38 64 5
38 65 61
38 66 84
38 67 59
38 68 58
38 69 9
38 70 19
38 71 20
38 72 93
38 73 19
38 74 86
38 75 15
38 76 17
38 77 65
38 78 46
38 79 81
38 80 17
38 81 83
38 82 93
38 83 24
39 40 63
39 41 84
39 42 83
39 43 56
39 44 59
39 45 17
39 46 22
39 47 33
39 48 72
39 49 28
39 50 11
39 51 23
39 52 59
39 53 60
39 54 91
39 55 54
39 56 63
39 57 90
39 58 68
39 59 30
39 60 93
39 61 59
39 62 58
39 63 41
39 64 71
39 65 52
39 66 23
39 67 23
39 68 85
39 69 22
39 70 85
39 71 63
39 72 87
39 73 89
39 74 41
39 75 45
39 76 21
39 77 16
39 78 2
39 79 30
39 80 1
39 81 55
39 82 34
39 83 8
40 41 2
40 42 89
40 43 76
40 44 35
40 45 81
40 46 20
40 47 96
40 48 89
40 49 78
40 50 22
40 51 29
40 52 45
40 53 89
40 54 82
40 55 74
40 56 24
40 57 53
40 58 77
40 59 41
40 60 96
40 61 69
40 62 96
40 63 22
40 64 86
40 65 55
40 66 24
40 67 11
40 68 65
40 69 57
40 70 33
40 71 31
40 72 36
40 73 92
40 74 26
40 75 72
40 76 95
40 77 45
40 78 29
40 79 69
40 80 14
40 81 29
40 82 59
40 83 71
41 42 3
41 43 71
41 44 47
41 45 8
41 46 31
41 47 17
41 48 88
41 49 15
41 50 14
41 51 100
41 52 11
41 53 12
41 54 32
41 55 56
41 56 25
41 57 47
41 58 84
41 59 38
41 60 47
41 61 83
41 62 6
41 63 11
41 64 75
41 65 59
41 66 95
41 67 29
41 68 34
41 69 66
41 70 85
41 71 58
41 72 16
41 73 86
41 74 1
41 75 8
41 76 23
41 77 29
41 78 50
41 79 67
41 80 68
41 81 58
41 82 63
41 83 45
42 43 43
42 44 58
42 45 7
42 46 63
42 47 87
42 48 78
42 49 7
42 50 91
42 51 95
42 52 49
42 53 76
42 54 84
42 55 45
42 56 22
42 57 76
42 58 68
42 59 5
42 60 80
42 61 2
42 62 56
42 63 29
42 64 80
42 65 44
42 66 75
42 67 23
42 68 4
42 69 47
42 70 35
42 71 93
42 72 34
42 73 28
42 74 41
42 75 12
42 76 3
42 77 34
42 78 91
42 79 41
42 80 95
42 81 14
42 82 52
42 83 77
43 44 89
43 45 50
43 46 87
43 47 66
43 48 49
43 49 75
43 50 31
43 51 76
43 52 45
43 53 76
43 54 1
43 55 99
43 56 35
43 57 6
43 58 13
43 59 36
43 60 96
43 61 83
43 62 27
43 63 22
43 64 70
43 65 49
43 66 86
43 67 12
43 68 14
43 69 79
43 70 35
43 71 31
43 72 49
43 73 98
43 74 78
43 75 98
43 76 86
43 77 62
43 78 56
43 79 41
43 80 84
43 81 41
43 82 36
43 83 47
44 45 91
44 46 10
44 47 7
44 48 10
44 49 61
44 50 40
44 51 93
44 52 93
44 53 88
44 54 2
44 55 36
44 56 14
44 57 69
44 58 28
44 59 24
44 60 46
44 61 46
44 62 72
44 63 63
44 64 92
44 65 32
44 66 94
44 67 19
44 68 78
44 69 93
44 70 1
44 71 51
44 72 21
44 73 33
44 74 7
44 75 67
44 76 7
44 77 78
44 78 98
44 79 100
44 80 13
44 81 45
44 82 7
44 83 21
45 46 98
45 47 38
45 48 38
45 49 55
45 50 66
45 51 36
45 52 97
45 53 15
45 54 92
45 55 20
45 56 27
45 57 83
45 58 51
45 59 87
45 60 42
45 61 47
45 62 5
45 63 1
45 64 84
45 65 27
45 66 24
45 67 19
45 68 39
45 69 53
45 70 82
45 71 59
45 72 46
45 73 81
45 74 21
45 75 8
45 76 40
45 77 80
45 78 95
45 79 75
45 80 47
45 81 52
45 82 19
45 83 97
46 47 3
46 48 87
46 49 91
46 50 11
46 51 64
46 52 52
46 53 31
46 54 77
46 55 20
46 56 10
46 57 88
46 58 8
46 59 23
46 60 91
46 61 52
46 62 54
46 63 90
46 64 92
46 65 30
46 66 70
46 67 17
46 68 30
46 69 11
46 70 52
46 71 71
46 72 77
46 73 44
46 74 90
46 75 16
46 76 92
46 77 90
46 78 60
46 79 23
46 80 92
46 81 51
46 82 53
46 83 93
47 48 72
47 49 98
47 50 69
47 51 79
47 52 100
47 53 90
47 54 50
47 55 2
47 56 23
47 57 11
47 58 49
47 59 1
47 60 73
47 61 34
47 62 81
47 63 72
47 64 62
47 65 40
47 66 8
47 67 16
47 68 39
47 69 81
47 70 44
47 71 90
47 72 72
47 73 48
47 74 4
47 75 92
47 76 92
47 77 14
47 78 94
47 79 7
47 80 32
47 81 14
47 82 73
47 83 51
48 49 28
48 50 13
48 51 76
48 52 57
48 53 49
48 54 11
48 55 71
48 56 23
48 57 86
48 58 98
48 59 89
48 60 47
48 61 50
48 62 81
48 63 67
48 64 21
48 65 78
48 66 55
48 67 60
48 68 64
48 69 82
48 70 40
48 71 25
48 72 57
48 73 36
48 74 54
48 75 80
48 76 28
48 77 3
48 78 100
48 79 15
48 80 56
48 81 85
48 82 35
48 83 9
49 50 11
49 51 5
49 52 36
49 53 85
49 54 41
49 55 22
49 56 55
49 57 93
49 58 92
49 59 30
49 60 57
49 61 61
49 62 74
49 63 41
49 64 78
49 65 10
49 66 16
49 67 26
49 68 83
49 69 90
49 70 81
49 71 61
49 72 89
49 73 60
49 74 63
49 75 40
49 76 50
49 77 97
49 78 48
49 79 74
49 80 100
49 81 48
49 82 68
49 83 91
50 51 74
50 52 95
50 53 68
50 54 44
50 55 59
50 56 94
50 57 19
50 58 50
50 59 85
50 60 27
50 61 98
50 62 52
50 63 75
50 64 98
50 65 21
50 66 72
50 67 3
50 68 11
50 69 11
50 70 73
50 71 21
50 72 17
50 73 9
50 74 16
50 75 41
50 76 62
50 77 18
50 78 48
50 79 8
50 80 4
50 81 52
50 82 12
50 83 19
51 52 72
51 53 60
51 54 32
51 55 84
51 56 18
51 57 32
51 58 74
51 59 45
51 60 47
51 61 39
51 62 98
51 63 99
51 64 22
51 65 26
51 66 24
51 67 82
51 68 39
51 69 81
51 70 32
51 71 86
51 72 74
51 73 55
51 74 80
51 75 16
51 76 52
51 77 70
51 78 100
51 79 83
51 80 47
51 81 48
51 82 95
51 83 39
52 53 53
52 54 17
52 55 98
52 56 89
52 57 19
52 58 42
52 59 100
52 60 60
52 61 57
52 62 2
52 63 66
52 64 99
52 65 26
52 66 65
52 67 30
52 68 37
52 69 59
52 70 77
52 71 49
52 72 16
52 73 1
52 74 35
52 75 42
52 76 70
52 77 16
52 78 70
52 79 17
52 80 87
52 81 80
52 82 41
52 83 69
53 54 38
53 55 44
53 56 53
53 57 66
53 58 35
53 59 19
53 60 75
53 61 49
53 62 55
53 63 78
53 64 12
53 65 52
53 66 93
53 67 36
53 68 3
53 69 93
53 70 20
53 71 73
53 72 3
53 73 19
53 74 87
53 75 1
53 76 75
53 77 9
53 78 14
53 79 57
53 80 19
53 81 37
53 82 45
53 83 48
54 55 93
54 56 45
54 57 60
54 58 8
54 59 5
54 60 100
54 61 53
54 62 77
54 63 52
54 64 72
54 65 80
54 66 21
54 67 67
54 68 2
54 69 59
54 70 36
54 71 73
54 72 47
54 73 78
54 74 70
54 75 56
54 76 57
54 77 15
54 78 29
54 79 89
54 80 61
54 81 80
54 82 54
54 83 56
55 56 56
55 57 77
55 58 73
55 59 83
55 60 46
55 61 88
55 62 50
55 63 98
55 64 71
55 65 22
55 66 35
55 67 4
55 68 15
55 69 82
55 70 58
55 71 100
55 72 2
55 73 100
55 74 45
55 75 38
55 76 50
55 77 97
55 78 61
55 79 41
55 80 62
55 81 89
55 82 45
55 83 9
56 57 96
56 58 66
56 59 44
56 60 49
56 61 2
56 62 45
56 63 64
56 64 100
56 65 8
56 66 14
56 67 75
56 68 76
56 69 57
56 70 25
56 71 25
56 72 60
56 73 49
56 74 80
56 75 91
56 76 55
56 77 9
56 78 19
56 79 1
56 80 38
56 81 45
56 82 46
56 83 24
57 58 83
57 59 37
57 60 81
57 61 93
57 62 67
57 63 26
57 64 57
57 65 52
57 66 87
57 67 76
57 68 54
57 69 31
57 70 63
57 71 98
57 72 42
57 73 10
57 74 4
57 75 56
57 76 32
57 77 83
57 78 71
57 79 50
57 80 17
57 81 42
57 82 33
57 83 55
58 59 49
58 60 46
58 61 38
58 62 3
58 63 18
58 64 84
58 65 22
58 66 7
58 67 71
58 68 82
58 69 37
58 70 86
58 71 22
58 72 71
58 73 31
58 74 5
58 75 34
58 76 81
58 77 21
58 78 87
58 79 57
58 80 73
58 81 34
58 82 9
58 83 17
59 60 45
59 61 93
59 62 77
59 63 29
59 64 6
59 65 50
59 66 26
59 67 40
59 68 57
59 69 3
59 70 90
59 71 72
59 72 59
59 73 27
59 74 89
59 75 33
59 76 32
59 77 3
59 78 80
59 79 69
59 80 64
59 81 82
59 82 39
59 83 93
60 61 40
60 62 77
60 63 89
60 64 80
60 65 43
60 66 14
60 67 15
60 68 40
60 69 81
60 70 39
60 71 75
60 72 47
60 73 12
60 74 95
60 75 26
60 76 53
60 77 68
60 78 89
60 79 62
60 80 11
60 81 80
60 82 64
60 83 67
61 62 52
61 63 98
61 64 1
61 65 55
61 66 6
61 67 60
61 68 76
61 69 79
61 70 81
61 71 85
61 72 59
61 73 79
61 74 13
61 75 36
61 76 86
61 77 62
61 78 15
61 79 82
61 80 67
61 81 58
61 82 13
61 83 24
62 63 90
62 64 65
62 65 73
62 66 21
62 67 17
62 68 34
62 69 3
62 70 33
62 71 60
62 72 68
62 73 51
62 74 32
62 75 51
62 76 13
62 77 44
62 78 29
62 79 8
62 80 68
62 81 48
62 82 3
62 83 72
63 64 42
63 65 79
63 66 30
63 67 70
63 68 82
63 69 29
63 70 95
63 71 56
63 72 12
63 73 28
63 74 17
63 75 81
63 76 38
63 77 51
63 78 25
63 79 71
63 80 33
63 81 99
63 82 12
63 83 53
64 65 25
64 66 45
64 67 19
64 68 41
64 69 10
64 70 71
64 71 5
64 72 86
64 73 44
64 74 39
64 75 87
64 76 55
64 77 99
64 78 61
64 79 36
64 80 82
64 81 49
64 82 57
64 83 8
65 66 53
65 67 69
65 68 16
65 69 49
65 70 17
65 71 19
65 72 10
65 73 92
65 74 33
65 75 40
65 76 9
65 77 46
65 78 72
65 79 16
65 80 53
65 81 81
65 82 58
65 83 75
66 67 12
66 68 42
66 69 50
66 70 41
66 71 9
66 72 41
66 73 55
66 74 54
66 75 68
66 76 32
66 77 41
66 78 75
66 79 65
66 80 21
66 81 94
66 82 4
66 83 33
67 68 4
67 69 61
67 70 63
67 71 51
67 72 96
67 73 38
67 74 72
67 75 11
67 76 7
67 77 44
67 78 30
67 79 74
67 80 84
67 81 62
67 82 25
67 83 88
68 69 70
68 70 4
68 71 16
68 72 11
68 73 9
68 74 21
68 75 89
68 76 34
68 77 72
68 78 96
68 79 65
68 80 29
68 81 5
68 82 24
68 83 28
69 70 24
69 71 3
69 72 11
69 73 50
69 74 48
69 75 13
69 76 63
69 77 98
69 78 57
69 79 48
69 80 39
69 81 76
69 82 97
69 83 36
70 71 98
70 72 80
70 73 42
70 74 86
70 75 62
70 76 1
70 77 4
70 78 1
70 79 19
70 80 49
70 81 48
70 82 51
70 83 72
71 72 7
71 73 8
71 74 46
71 75 74
71 76 39
71 77 13
71 78 52
71 79 84
71 80 28
71 81 31
71 82 83
71 83 32
72 73 65
72 74 27
72 75 29
72 76 25
72 77 96
72 78 79
72 79 67
72 80 46
72 81 42
72 82 4
72 83 91
73 74 59
73 75 12
73 76 67
73 77 92
73 78 51
73 79 57
73 80 93
73 81 58
73 82 92
73 83 33
74 75 54
74 76 64
74 77 79
74 78 10
74 79 50
74 80 29
74 81 98
74 82 63
74 83 93
75 76 19
75 77 11
75 78 97
75 79 31
75 80 1
75 81 83
75 82 7
75 83 77
76 77 76
76 78 89
76 79 77
76 80 88
76 81 81
76 82 87
76 83 92
77 78 30
77 79 1
77 80 78
77 81 48
77 82 26
77 83 16
78 79 25
78 80 77
78 81 21
78 82 69
78 83 82
79 80 12
79 81 61
79 82 15
79 83 35
80 81 20
80 82 52
80 83 23
81 82 44
81 83 34
82 83 40
