70 2415 69
1 2 90
1 3 69
1 4 34
1 5 57
1 6 37
1 7 15
1 8 92
1 9 17
1 10 81
1 11 26
1 12 41
1 13 44
1 14 68
1 15 20
1 16 54
1 17 97
1 18 4
1 19 26
1 20 9
1 21 29
1 22 8
1 23 66
1 24 45
1 25 41
1 26 27
1 27 20
1 28 33
1 29 13
1 30 87
1 31 55
1 32 99
1 33 34
1 34 7
1 35 22
1 36 89
1 37 30
1 38 83
1 39 86
1 40 30
1 41 84
1 42 89
1 43 1
1 44 30
1 45 32
1 46 53
1 47 22
1 48 1
1 49 36
1 50 31
1 51 8
1 52 20
1 53 8
1 54 20
1 55 1
1 56 69
1 57 10
1 58 53
1 59 79
1 60 81
1 61 18
1 62 18
1 63 25
1 64 51
1 65 42
1 66 54
1 67 51
1 68 39
1 69 12
1 70 6
2 3 25
2 4 95
2 5 4
2 6 98
2 7 94
2 8 80
2 9 50
2 10 8
2 11 24
2 12 82
2 13 42
2 14 20
2 15 55
2 16 7
2 17 84
2 18 65
2 19 58
2 20 28
2 21 48
2 22 88
2 23 22
2 24 37
2 25 33
2 26 91
2 27 11
2 28 30
2 29 51
2 30 13
2 31 39
2 32 14
2 33 67
2 34 100
2 35 14
2 36 72
2 37 88
2 38 14
2 39 82
2 40 4
2 41 28
2 42 63
2 43 70
2 44 43
2 45 13
2 46 4
2 47 18
2 48 94
2 49 51
2 50 21
2 51 35
2 52 18
2 53 6
2 54 20
2 55 1
2 56 53
2 57 54
2 58 63
2 59 3
2 60 21
2 61 45
2 62 40
2 63 40
2 64 2
2 65 47
2 66 63
2 67 67
2 68 65
2 69 54
2 70 52
3 4 40
3 5 14
3 6 87
3 7 3
3 8 66
3 9 85
3 10 66
3 11 21
3 12 34
3 13 47
3 14 94
3 15 38
3 16 67
3 17 56
3 18 39
3 19 14
3 20 90
3 21 76
3 22 80
3 23 30
3 24 53
3 25 38
3 26 76
3 27 97
3 28 29
3 29 54
3 30 15
3 31 49
3 32 50
3 33 68
3 34 75
3 35 85
3 36 49
3 37 89
3 38 91
3 39 97
3 40 43
3 41 28
3 42 56
3 43 25
3 44 56
3 45 32
3 46 66
3 47 42
3 48 9
3 49 50
3 50 38
3 51 33
3 52 20
3 53 20
3 54 66
3 55 20
3 56 92
3 57 6
3 58 4
3 59 33
3 60 59
3 61 31
3 62 91
3 63 85
3 64 100
3 65 65
3 66 47
3 67 19
3 68 76
3 69 1
3 70 45
4 5 3
4 6 51
4 7 58
4 8 69
4 9 92
4 10 81
4 11 65
4 12 2
4 13 40
4 14 91
4 15 14
4 16 5
4 17 10
4 18 36
4 19 100
4 20 41
4 21 24
4 22 8
4 23 69
4 24 16
4 25 65
4 26 26
4 27 83
4 28 19
4 29 73
4 30 61
4 31 7
4 32 27
4 33 74
4 34 58
4 35 96
4 36 27
4 37 53
4 38 25
4 39 62
4 40 8
4 41 77
4 42 73
4 43 91
4 44 5
4 45 59
4 46 85
4 47 21
4 48 6
4 49 46
4 50 70
4 51 95
4 52 76
4 53 48
4 54 15
4 55 57
4 56 53
4 57 29
4 58 13
4 59 72
4 60 4
4 61 55
4 62 77
4 63 71
4 64 3
4 65 40
4 66 92
4 67 43
4 68 79
4 69 11
4 70 4
5 6 12
5 7 1
5 8 99
5 9 73
5 10 85
5 11 67
5 12 2
5 13 14
5 14 34
5 15 90
5 16 19
5 17 8
5 18 62
5 19 20
5 20 83
5 21 41
5 22 65
5 23 84
5 24 56
5 25 19
5 26 56
5 27 65
5 28 90
5 29 92
5 30 36
5 31 52
5 32 19
5 33 40
5 34 60
5 35 47
5 36 57
5 37 68
5 38 35
5 39 81
5 40 29
5 41 93
5 42 15
5 43 46
5 44 40
5 45 79
5 46 87
5 47 32
5 48 7
5 49 13
5 50 43
5 51 35
5 52 99
5 53 44
5 54 78
5 55 85
5 56 51
5 57 59
5 58 74
5 59 43
5 60 20
5 61 47
5 62 54
5 63 82
5 64 5
5 65 6
5 66 62
5 67 80
5 68 33
5 69 94
5 70 26
6 7 72
6 8 41
6 9 4
6 10 62
6 11 4
6 12 40
6 13 80
6 14 57
6 15 12
6 16 72
6 17 63
6 18 54
6 19 54
6 20 87
6 21 99
6 22 57
6 23 45
6 24 86
6 25 62
6 26 93
6 27 28
6 28 54
6 29 81
6 30 100
6 31 56
6 32 99
6 33 68
6 34 2
6 35 4
6 36 98
6 37 24
6 38 36
6 39 54
6 40 7
6 41 97
6 42 63
6 43 90
6 44 81
6 45 30
6 46 1
6 47 36
6 48 79
6 49 73
6 50 46
6 51 1
6 52 88
6 53 66
6 54 2
6 55 67
6 56 68
6 57 50
6 58 84
6 59 40
6 60 51
6 61 89
6 62 59
6 63 79
6 64 69
6 65 75
6 66 47
6 67 20
6 68 72
6 69 58
6 70 81
7 8 19
7 9 41
7 10 43
7 11 35
7 12 4
7 13 15
7 14 10
7 15 44
7 16 3
7 17 76
7 18 33
7 19 79
7 20 99
7 21 53
7 22 39
7 23 89
7 24 82
7 25 18
7 26 55
7 27 26
7 28 61
7 29 47
7 30 92
7 31 100
7 32 31
7 33 45
7 34 53
7 35 85
7 36 71
7 37 76
7 38 23
7 39 83
7 40 77
7 41 22
7 42 34
7 43 84
7 44 78
7 45 56
7 46 27
7 47 35
7 48 24
7 49 4
7 50 44
7 51 32
7 52 8
7 53 37
7 54 57
7 55 56
7 56 40
7 57 22
7 58 91
7 59 51
7 60 22
7 61 67
7 62 71
7 63 83
7 64 94
7 65 69
7 66 26
7 67 14
7 68 43
7 69 7
7 70 25
8 9 19
8 10 38
8 11 42
8 12 60
8 13 52
8 14 9
8 15 11
8 16 45
8 17 62
8 18 55
8 19 15
8 20 99
8 21 13
8 22 33
8 23 26
8 24 94
8 25 35
8 26 26
8 27 34
8 28 32
8 29 71
8 30 97
8 31 64
8 32 30
8 33 20
8 34 73
8 35 68
8 36 29
8 37 50
8 38 49
8 39 73
8 40 69
8 41 49
8 42 24
8 43 94
8 44 56
8 45 95
8 46 86
8 47 42
8 48 57
8 49 50
8 50 19
8 51 90
8 52 22
8 53 70
8 54 55
8 55 2
8 56 1
8 57 47
8 58 75
8 59 57
8 60 11
8 61 99
8 62 29
8 63 48
8 64 17
8 65 79
8 66 100
8 67 67
8 68 8
8 69 48
8 70 32
9 10 66
9 11 82
9 12 98
9 13 54
9 14 9
9 15 71
9 16 71
9 17 49
9 18 78
9 19 79
9 20 98
9 21 78
9 22 98
9 23 49
9 24 36
9 25 42
9 26 86
9 27 63
9 28 18
9 29 73
9 30 19
9 31 77
9 32 28
9 33 35
9 34 9
9 35 48
9 36 95
9 37 59
9 38 54
9 39 53
9 40 95
9 41 50
9 42 90
9 43 18
9 44 62
9 45 1
9 46 99
9 47 37
9 48 35
9 49 71
9 50 36
9 51 68
9 52 46
9 53 38
9 54 46
9 55 28
9 56 3
9 57 56
9 58 11
9 59 62
9 60 70
9 61 16
9 62 52
9 63 56
9 64 62
9 65 26
9 66 94
9 67 14
9 68 4
9 69 77
9 70 88
10 11 41
10 12 92
10 13 96
10 14 6
10 15 30
10 16 26
10 17 3
10 18 92
10 19 73
10 20 87
10 21 44
10 22 66
10 23 2
10 24 11
10 25 36
10 26 18
10 27 68
10 28 61
10 29 13
10 30 48
10 31 20
10 32 26
10 33 53
10 34 82
10 35 31
10 36 52
10 37 75
10 38 40
10 39 86
10 40 74
10 41 30
10 42 43
10 43 94
10 44 1
10 45 57
10 46 78
10 47 66
10 48 25
10 49 47
10 50 77
10 51 82
10 52 45
10 53 98
10 54 53
10 55 63
10 56 81
10 57 57
10 58 47
10 59 90
10 60 7
10 61 34
10 62 37
10 63 17
10 64 24
10 65 29
10 66 25
10 67 21
10 68 6
10 69 8
10 70 61
11 12 51
11 13 24
11 14 52
11 15 11
11 16 71
11 17 44
11 18 2
11 19 1
11 20 15
11 21 24
11 22 54
11 23 64
11 24 90
11 25 78
11 26 8
11 27 22
11 28 43
11 29 16
11 30 39
11 31 63
11 32 32
11 33 46
11 34 53
11 35 64
11 36 16
11 37 57
11 38 30
11 39 97
11 40 48
11 41 83
11 42 83
11 43 21
11 44 86
11 45 94
11 46 53
11 47 7
11 48 2
11 49 31
11 50 57
11 51 100
11 52 85
11 53 14
11 54 29
11 55 18
11 56 6
11 57 41
11 58 61
11 59 67
11 60 33
11 61 48
11 62 20
11 63 79
11 64 88
11 65 95
11 66 76
11 67 86
11 68 1
11 69 7
11 70 82
12 13 83
12 14 3
12 15 78
12 16 76
12 17 32
12 18 52
12 19 16
12 20 43
12 21 56
12 22 6
12 23 52
12 24 13
12 25 36
12 26 19
12 27 80
12 28 71
12 29 70
12 30 30
12 31 37
12 32 35
12 33 25
12 34 82
12 35 5
12 36 2
12 37 18
12 38 95
12 39 98
12 40 6
12 41 10
12 42 39
12 43 94
12 44 48
12 45 86
12 46 16
12 47 22
12 48 51
12 49 12
12 50 87
12 51 67
12 52 41
12 53 90
12 54 89
12 55 47
12 56 43
12 57 5
12 58 89
12 59 17
12 60 70
12 61 48
12 62 63
12 63 26
12 64 51
12 65 72
12 66 35
12 67 96
12 68 52
12 69 5
12 70 35
13 14 61
13 15 11
13 16 19
13 17 19
13 18 77
13 19 53
13 20 71
13 21 38
13 22 59
13 23 72
13 24 31
13 25 7
13 26 58
13 27 40
13 28 77
13 29 27
13 30 76
13 31 89
13 32 62
13 33 18
13 34 92
13 35 34
13 36 99
13 37 84
13 38 32
13 39 40
13 40 73
13 41 55
13 42 16
13 43 34
13 44 98
13 45 47
13 46 77
13 47 53
13 48 71
13 49 56
13 50 60
13 51 70
13 52 60
13 53 20
13 54 64
13 55 88
13 56 12
13 57 85
13 58 80
13 59 51
13 60 55
13 61 63
13 62 20
13 63 44
13 64 2
13 65 21
13 66 26
13 67 21
13 68 48
13 69 93
13 70 100
14 15 6
14 16 62
14 17 49
14 18 56
14 19 26
14 20 89
14 21 5
14 22 50
14 23 28
14 24 6
14 25 9
14 26 30
14 27 75
14 28 10
14 29 98
14 30 8
14 31 19
14 32 72
14 33 97
14 34 88
14 35 75
14 36 58
14 37 95
14 38 30
14 39 64
14 40 63
14 41 59
14 42 65
14 43 36
14 44 8
14 45 4
14 46 15
14 47 23
14 48 65
14 49 28
14 50 20
14 51 93
14 52 50
14 53 3
14 54 96
14 55 68
14 56 50
14 57 29
14 58 44
14 59 46
14 60 95
14 61 41
14 62 82
14 63 74
14 64 20
14 65 22
14 66 96
14 67 96
14 68 45
14 69 31
14 70 44
15 16 68
15 17 33
15 18 46
15 19 19
15 20 75
15 21 30
15 22 17
15 23 100
15 24 3
15 25 42
15 26 13
15 27 65
15 28 27
15 29 44
15 30 65
15 31 15
15 32 30
15 33 83
15 34 6
15 35 25
15 36 10
15 37 44
15 38 83
15 39 4
15 40 13
15 41 2
15 42 6
15 43 21
15 44 19
15 45 72
15 46 100
15 47 33
15 48 97
15 49 67
15 50 100
15 51 62
15 52 45
15 53 66
15 54 2
15 55 13
15 56 60
15 57 42
15 58 42
15 59 30
15 60 48
15 61 75
15 62 87
15 63 76
15 64 13
15 65 17
15 66 35
15 67 95
15 68 1
15 69 97
15 70 37
16 17 12
16 18 94
16 19 7
16 20 77
16 21 71
16 22 79
16 23 60
16 24 29
16 25 6
16 26 70
16 27 29
16 28 96
16 29 99
16 30 74
16 31 28
16 32 8
16 33 19
16 34 76
16 35 38
16 36 55
16 37 28
16 38 25
16 39 44
16 40 63
16 41 31
16 42 16
16 43 10
16 44 39
16 45 29
16 46 95
16 47 57
16 48 68
16 49 23
16 50 54
16 51 90
16 52 17
16 53 73
16 54 28
16 55 4
16 56 46
16 57 87
16 58 9
16 59 74
16 60 18
16 61 59
16 62 74
16 63 58
16 64 86
16 65 26
16 66 83
16 67 42
16 68 30
16 69 78
16 70 2
17 18 48
17 19 13
17 20 62
17 21 44
17 22 84
17 23 76
17 24 26
17 25 60
17 26 100
17 27 55
17 28 56
17 29 93
17 30 64
17 31 92
17 32 80
17 33 44
17 34 1
17 35 21
17 36 63
17 37 22
17 38 3
17 39 51
17 40 60
17 41 42
17 42 68
17 43 5
17 44 22
17 45 56
17 46 31
17 47 56
17 48 42
17 49 82
17 50 69
17 51 27
17 52 49
17 53 64
17 54 44
17 55 67
17 56 60
17 57 93
17 58 5
17 59 13
17 60 17
17 61 86
17 62 91
17 63 46
17 64 31
17 65 76
17 66 74
17 67 49
17 68 43
17 69 63
17 70 58
18 19 16
18 20 95
18 21 98
18 22 28
18 23 54
18 24 48
18 25 27
18 26 28
18 27 72
18 28 36
18 29 98
18 30 18
18 31 97
18 32 37
18 33 2
18 34 63
18 35 13
18 36 34
18 37 5
18 38 18
18 39 51
18 40 77
18 41 30
18 42 46
18 43 88
18 44 29
18 45 9
18 46 59
18 47 53
18 48 1
18 49 100
18 50 91
18 51 93
18 52 26
18 53 84
18 54 16
18 55 93
18 56 59
18 57 91
18 58 51
18 59 54
18 60 48
18 61 41
18 62 78
18 63 1
18 64 37
18 65 28
18 66 2
18 67 43
18 68 40
18 69 27
18 70 56
19 20 58
19 21 67
19 22 95
19 23 32
19 24 3
19 25 61
19 26 9
19 27 69
19 28 78
19 29 37
19 30 82
19 31 67
19 32 26
19 33 98
19 34 3
19 35 77
19 36 54
19 37 34
19 38 89
19 39 93
19 40 92
19 41 86
19 42 43
19 43 81
19 44 95
19 45 30
19 46 41
19 47 10
19 48 47
19 49 40
19 50 14
19 51 39
19 52 6
19 53 94
19 54 61
19 55 33
19 56 5
19 57 10
19 58 44
19 59 2
19 60 51
19 61 14
19 62 69
19 63 18
19 64 55
19 65 60
19 66 16
19 67 81
19 68 94
19 69 68
19 70 6
20 21 62
20 22 29
20 23 59
20 24 37
20 25 88
20 26 95
20 27 68
20 28 84
20 29 17
20 30 67
20 31 9
20 32 44
20 33 19
20 34 42
20 35 45
20 36 11
20 37 91
20 38 17
20 39 60
20 40 33
20 41 14
20 42 69
20 43 1
20 44 17
20 45 43
20 46 61
20 47 84
20 48 78
20 49 73
20 50 18
20 51 77
20 52 89
20 53 60
20 54 58
20 55 78
20 56 51
20 57 63
20 58 48
20 59 77
20 60 12
20 61 40
20 62 66
20 63 40
20 64 19
20 65 44
20 66 23
20 67 38
20 68 94
20 69 50
20 70 83
21 22 48
21 23 21
21 24 67
21 25 12
21 26 49
21 27 67
21 28 59
21 29 14
21 30 86
21 31 57
21 32 99
21 33 1
21 34 100
21 35 34
21 36 84
21 37 1
21 38 79
21 39 14
21 40 17
21 41 11
21 42 11
21 43 93
21 44 63
21 45 3
21 46 52
21 47 5
21 48 70
21 49 64
21 50 84
21 51 25
21 52 6
21 53 40
21 54 60
21 55 18
21 56 77
21 57 82
21 58 84
21 59 41
21 60 42
21 61 3
21 62 7
21 63 56
21 64 16
21 65 7
21 66 46
21 67 80
21 68 5
21 69 90
21 70 99
22 23 69
22 24 94
22 25 21
22 26 78
22 27 72
22 28 62
22 29 77
22 30 94
22 31 7
22 32 41
22 33 14
22 34 65
22 35 40
22 36 44
22 37 8
22 38 50
22 39 79
22 40 66
22 41 69
22 42 83
22 43 15
22 44 73
22 45 29
22 46 57
22 47 31
22 48 92
22 49 43
22 50 80
22 51 7
22 52 47
22 53 31
22 54 92
22 55 1
22 56 3
22 57 67
22 58 99
22 59 96
22 60 83
22 61 25
22 62 24
22 63 28
22 64 35
22 65 28
22 66 9
22 67 18
22 68 9
22 69 16
22 70 93
23 24 27
23 25 88
23 26 54
23 27 64
23 28 18
23 29 96
23 30 64
23 31 85
23 32 62
23 33 80
23 34 75
23 35 62
23 36 70
23 37 2
23 38 81
23 39 91
23 40 70
23 41 4
23 42 16
23 43 16
23 44 57
23 45 23
23 46 57
23 47 21
23 48 97
23 49 85
23 50 37
23 51 23
23 52 49
23 53 71
23 54 86
23 55 3
23 56 38
23 57 66
23 58 73
23 59 16
23 60 43
23 61 61
23 62 5
23 63 30
23 64 99
23 65 39
23 66 31
23 67 12
23 68 96
23 69 10
23 70 97
24 25 99
24 26 65
24 27 66
24 28 17
24 29 91
24 30 5
24 31 12
24 32 12
24 33 14
24 34 96
24 35 5
24 36 51
24 37 1
24 38 69
24 39 18
24 40 87
24 41 29
24 42 61
24 43 75
24 44 76
24 45 63
24 46 87
24 47 47
24 48 39
24 49 5
24 50 29
24 51 25
24 52 68
24 53 16
24 54 91
24 55 2
24 56 53
24 57 40
24 58 60
24 59 96
24 60 70
24 61 82
24 62 34
24 63 35
24 64 46
24 65 53
24 66 84
24 67 3
24 68 71
24 69 91
24 70 86
25 26 20
25 27 38
25 28 61
25 29 51
25 30 3
25 31 63
25 32 17
25 33 32
25 34 63
25 35 68
25 36 47
25 37 79
25 38 72
25 39 28
25 40 100
25 41 41
25 42 56
25 43 57
25 44 85
25 45 96
25 46 26
25 47 86
25 48 88
25 49 45
25 50 64
25 51 42
25 52 60
25 53 4
25 54 42
25 55 51
25 56 41
25 57 79
25 58 92
25 59 22
25 60 55
25 61 25
25 62 19
25 63 79
25 64 29
25 65 12
25 66 13
25 67 74
25 68 47
25 69 80
25 70 11
26 27 65
26 28 45
26 29 38
26 30 22
26 31 13
26 32 24
26 33 37
26 34 91
26 35 23
26 36 19
26 37 72
26 38 36
26 39 86
26 40 95
26 41 4
26 42 11
26 43 13
26 44 9
26 45 27
26 46 41
26 47 55
26 48 55
26 49 74
26 50 48
26 51 59
26 52 75
26 53 18
26 54 99
26 55 32
26 56 2
26 57 61
26 58 54
26 59 79
26 60 69
26 61 41
26 62 34
26 63 85
26 64 91
26 65 90
26 66 90
26 67 18
26 68 21
26 69 93
26 70 47
27 28 31
27 29 85
27 30 48
27 31 16
27 32 95
27 33 11
27 34 36
27 35 20
27 36 8
27 37 13
27 38 10
27 39 3
27 40 5
27 41 65
27 42 41
27 43 65
27 44 60
27 45 38
27 46 21
27 47 11
27 48 5
27 49 52
27 50 87
27 51 49
27 52 49
27 53 11
27 54 70
27 55 30
27 56 83
27 57 16
27 58 88
27 59 62
27 60 28
27 61 75
27 62 71
27 63 45
27 64 84
27 65 58
27 66 62
27 67 25
27 68 19
27 69 24
27 70 30
28 29 11
28 30 98
28 31 76
28 32 22
28 33 52
28 34 17
28 35 56
28 36 9
28 37 20
28 38 28
28 39 53
28 40 54
28 41 21
28 42 91
28 43 19
28 44 80
28 45 91
28 46 56
28 47 25
28 48 51
28 49 70
28 50 7
28 51 1
28 52 93
28 53 53
28 54 32
28 55 23
28 56 55
28 57 18
28 58 49
28 59 44
28 60 41
28 61 96
28 62 82
28 63 39
28 64 14
28 65 53
28 66 94
28 67 72
28 68 52
28 69 26
28 70 41
29 30 20
29 31 68
29 32 99
29 33 68
29 34 39
29 35 64
29 36 1
29 37 93
29 38 1
29 39 90
29 40 33
29 41 61
29 42 16
29 43 76
29 44 49
29 45 97
29 46 1
29 47 25
29 48 22
29 49 99
29 50 41
29 51 46
29 52 25
29 53 5
29 54 2
29 55 46
29 56 88
29 57 62
29 58 70
29 59 95
29 60 81
29 61 6
29 62 74
29 63 97
29 64 57
29 65 91
29 66 56
29 67 90
29 68 73
29 69 78
29 70 13
30 31 38
30 32 6
30 33 65
30 34 57
30 35 84
30 36 43
30 37 42
30 38 64
30 39 84
30 40 17
30 41 69
30 42 37
30 43 11
30 44 20
30 45 84
30 46 98
30 47 48
30 48 29
30 49 79
30 50 56
30 51 88
30 52 36
30 53 52
30 54 16
30 55 20
30 56 39
30 57 55
30 58 65
30 59 98
30 60 14
30 61 42
30 62 40
30 63 32
30 64 77
30 65 60
30 66 54
30 67 67
30 68 68
30 69 50
30 70 19
31 32 26
31 33 86
31 34 9
31 35 79
31 36 69
31 37 26
31 38 18
31 39 3
31 40 47
31 41 10
31 42 98
31 43 59
31 44 95
31 45 96
31 46 18
31 47 47
31 48 63
31 49 90
31 50 9
31 51 77
31 52 83
31 53 76
31 54 50
31 55 12
31 56 79
31 57 64
31 58 83
31 59 23
31 60 35
31 61 4
31 62 41
31 63 31
31 64 76
31 65 5
31 66 96
31 67 27
31 68 44
31 69 34
31 70 48
32 33 36
32 34 10
32 35 54
32 36 71
32 37 45
32 38 24
32 39 2
32 40 21
32 41 96
32 42 93
32 43 3
32 44 34
32 45 35
32 46 48
32 47 24
32 48 44
32 49 67
32 50 55
32 51 79
32 52 33
32 53 96
32 54 59
32 55 20
32 56 10
32 57 7
32 58 49
32 59 95
32 60 46
32 61 91
32 62 27
32 63 15
32 64 69
32 65 78
32 66 58
32 67 34
32 68 19
32 69 71
32 70 16
33 34 50
33 35 56
33 36 86
33 37 45
33 38 96
33 39 89
33 40 12
33 41 17
33 42 30
33 43 66
33 44 3
33 45 32
33 46 29
33 47 37
33 48 32
33 49 13
33 50 99
33 51 68
33 52 90
33 53 59
33 54 2
33 55 40
33 56 53
33 57 95
33 58 96
33 59 95
33 60 17
33 61 77
33 62 35
33 63 35
33 64 69
33 65 100
33 66 68
33 67 21
33 68 84
33 69 20
33 70 19
34 35 74
34 36 58
34 37 25
34 38 78
34 39 53
34 40 93
34 41 17
34 42 90
34 43 33
34 44 28
34 45 1
34 46 86
34 47 60
34 48 92
34 49 80
34 50 55
34 51 91
34 52 81
34 53 14
34 54 67
34 55 41
34 56 1
34 57 99
34 58 74
34 59 83
34 60 28
34 61 47
34 62 61
34 63 60
34 64 82
34 65 68
34 66 79
34 67 92
34 68 41
34 69 19
34 70 53
35 36 44
35 37 11
35 38 15
35 39 19
35 40 43
35 41 73
35 42 83
35 43 15
35 44 71
35 45 49
35 46 27
35 47 31
35 48 60
35 49 62
35 50 65
35 51 76
35 52 78
35 53 96
35 54 76
35 55 23
35 56 3
35 57 37
35 58 10
35 59 12
35 60 80
35 61 100
35 62 60
35 63 59
35 64 36
35 65 17
35 66 87
35 67 70
35 68 77
35 69 24
35 70 43
36 37 81
36 38 90
36 39 81
36 40 73
36 41 15
36 42 54
36 43 48
36 44 40
36 45 42
36 46 46
36 47 50
36 48 51
36 49 82
36 50 89
36 51 40
36 52 24
36 53 19
36 54 86
36 55 5
36 56 88
36 57 64
36 58 75
36 59 28
36 60 54
36 61 26
36 62 84
36 63 29
36 64 68
36 65 63
36 66 70
36 67 24
36 68 31
36 69 29
36 70 79
37 38 86
37 39 26
37 40 82
37 41 54
37 42 69
37 43 57
37 44 92
37 45 78
37 46 74
37 47 40
37 48 39
37 49 26
37 50 94
37 51 23
37 52 51
37 53 51
37 54 21
37 55 29
37 56 84
37 57 52
37 58 59
37 59 84
37 60 83
37 61 29
37 62 61
37 63 66
37 64 94
37 65 85
37 66 58
37 67 60
37 68 61
37 69 70
37 70 48
38 39 46
38 40 18
38 41 6
38 42 5
38 43 64
38 44 53
38 45 47
38 46 99
38 47 96
38 48 53
38 49 1
38 50 96
38 51 89
38 52 93
38 53 60
38 54 96
38 55 86
38 56 47
38 57 52
38 58 56
38 59 80
38 60 3
38 61 64
38 62 21
38 63 65
38 64 100
38 65 63
38 66 50
38 67 92
38 68 89
38 69 21
38 70 95
39 40 73
39 41 93
39 42 22
39 43 45
39 44 5
39 45 90
39 46 96
39 47 83
39 48 40
39 49 66
39 50 45
39 51 26
39 52 33
39 53 3
39 54 40
39 55 58
39 56 5
39 57 28
39 58 38
39 59 15
39 60 5
39 61 10
39 62 38
39 63 39
39 64 8
39 65 45
39 66 30
39 67 2
39 68 66
39 69 61
39 70 60
40 41 4
40 42 87
40 43 57
40 44 84
40 45 12
40 46 87
40 47 24
40 48 81
40 49 73
40 50 23
40 51 52
40 52 60
40 53 62
40 54 9
40 55 100
40 56 22
40 57 97
40 58 11
40 59 84
40 60 9
40 61 80
40 62 4
40 63 1
40 64 59
40 65 46
40 66 19
40 67 24
40 68 72
40 69 57
40 70 38
41 42 11
41 43 69
41 44 3
41 45 55
41 46 25
41 47 58
41 48 31
41 49 96
41 50 39
41 51 32
41 52 2
41 53 66
41 54 65
41 55 10
41 56 94
41 57 83
41 58 80
41 59 51
41 60 46
41 61 10
41 62 13
41 63 4
41 64 9
41 65 41
41 66 65
41 67 59
41 68 60
41 69 81
41 70 84
42 43 18
42 44 94
42 45 42
42 46 26
42 47 56
42 48 65
42 49 9
42 50 56
42 51 50
42 52 81
42 53 86
42 54 77
42 55 97
42 56 32
42 57 44
42 58 50
42 59 47
42 60 70
42 61 53
42 62 73
42 63 88
42 64 80
42 65 37
42 66 85
42 67 42
42 68 72
42 69 21
42 70 69
43 44 15
43 45 90
43 46 3
43 47 80
43 48 15
43 49 98
43 50 47
43 51 9
43 52 80
43 53 68
43 54 48
43 55 65
43 56 32
43 57 90
43 58 28
43 59 74
43 60 72
43 61 45
43 62 80
43 63 75
43 64 89
43 65 66
43 66 78
43 67 7
43 68 26
43 69 93
43 70 62
44 45 27
44 46 77
44 47 11
44 48 15
44 49 29
44 50 38
44 51 5
44 52 91
44 53 59
44 54 6
44 55 17
44 56 50
44 57 50
44 58 18
44 59 81
44 60 69
44 61 98
44 62 86
44 63 93
44 64 86
44 65 37
44 66 30
44 67 96
44 68 64
44 69 50
44 70 77
45 46 6
45 47 23
45 48 62
45 49 36
45 50 9
45 51 73
45 52 57
45 53 64
45 54 16
45 55 61
45 56 76
45 57 43
45 58 48
45 59 2
45 60 62
45 61 48
45 62 48
45 63 28
45 64 38
45 65 51
45 66 41
45 67 98
45 68 50
45 69 8
45 70 73
46 47 99
46 48 30
46 49 53
46 50 79
46 51 29
46 52 27
46 53 84
46 54 29
46 55 69
46 56 57
46 57 34
46 58 67
46 59 87
46 60 85
46 61 26
46 62 15
46 63 19
46 64 93
46 65 17
46 66 48
46 67 11
46 68 79
46 69 69
46 70 78
47 48 89
47 49 100
47 50 69
47 51 10
47 52 58
47 53 27
47 54 100
47 55 76
47 56 98
47 57 73
47 58 69
47 59 78
47 60 14
47 61 13
47 62 70
47 63 34
47 64 5
47 65 71
47 66 16
47 67 74
47 68 84
47 69 24
47 70 43
48 49 91
48 50 76
48 51 88
48 52 65
48 53 75
48 54 1
48 55 43
48 56 56
48 57 8
48 58 88
48 59 37
48 60 91
48 61 98
48 62 59
48 63 20
48 64 98
48 65 86
48 66 56
48 67 69
48 68 9
48 69 31
48 70 89
49 50 46
49 51 1
49 52 26
49 53 82
49 54 21
49 55 61
49 56 99
49 57 13
49 58 58
49 59 90
49 60 15
49 61 29
49 62 48
49 63 70
49 64 88
49 65 61
49 66 66
49 67 45
49 68 82
49 69 17
49 70 65
50 51 56
50 52 67
50 53 2
50 54 3
50 55 38
50 56 99
50 57 99
50 58 24
50 59 39
50 60 35
50 61 29
50 62 81
50 63 57
50 64 55
50 65 1
50 66 36
50 67 65
50 68 61
50 69 28
50 70 95
51 52 40
51 53 60
51 54 10
51 55 95
51 56 56
51 57 90
51 58 23
51 59 87
51 60 31
51 61 100
51 62 15
51 63 46
51 64 84
51 65 83
51 66 17
51 67 60
51 68 88
51 69 72
51 70 8
52 53 89
52 54 33
52 55 32
52 56 54
52 57 90
52 58 77
52 59 62
52 60 85
52 61 10
52 62 37
52 63 27
52 64 95
52 65 74
52 66 90
52 67 57
52 68 100
52 69 78
52 70 47
53 54 88
53 55 46
53 56 99
53 57 58
53 58 22
53 59 27
53 60 31
53 61 68
53 62 50
53 63 33
53 64 39
53 65 27
53 66 21
53 67 56
53 68 75
53 69 7
53 70 60
54 55 46
54 56 39
54 57 33
54 58 83
54 59 80
54 60 85
54 61 88
54 62 11
54 63 51
54 64 73
54 65 17
54 66 3
54 67 84
54 68 3
54 69 3
54 70 95
55 56 72
55 57 9
55 58 96
55 59 85
55 60 29
55 61 63
55 62 79
55 63 90
55 64 68
55 65 38
55 66 98
55 67 14
55 68 90
55 69 44
55 70 69
56 57 46
56 58 100
56 59 69
56 60 56
56 61 10
56 62 38
56 63 54
56 64 47
56 65 68
56 66 21
56 67 23
56 68 90
56 69 92
56 70 87
57 58 72
57 59 28
57 60 55
57 61 92
57 62 65
57 63 56
57 64 7
57 65 98
57 66 44
57 67 4
57 68 42
57 69 31
57 70 36
58 59 92
58 60 39
58 61 9
58 62 39
58 63 50
58 64 92
58 65 20
58 66 16
58 67 25
58 68 21
58 69 18
58 70 66
59 60 79
59 61 50
59 62 3
59 63 96
59 64 9
59 65 5
59 66 31
59 67 26
59 68 92
59 69 88
59 70 51
60 61 75
60 62 36
60 63 99
60 64 80
60 65 14
60 66 28
60 67 85
60 68 87
60 69 34
60 70 12
61 62 36
61 63 34
61 64 8
61 65 6
61 66 47
61 67 90
61 68 14
61 69 89
61 70 21
62 63 54
62 64 2
62 65 6
62 66 77
62 67 75
62 68 99
62 69 35
62 70 43
63 64 56
63 65 83
63 66 63
63 67 76
63 68 45
63 69 8
63 70 15
64 65 73
64 66 78
64 67 84
64 68 37
64 69 66
64 70 64
65 66 39
65 67 95
65 68 54
65 69 36
65 70 73
66 67 44
66 68 97
66 69 95
66 70 69
67 68 70
67 69 42
67 70 48
68 69 23
68 70 48
69 70 31
