89 3916 88
1 2 11
1 3 62
1 4 42
1 5 49
1 6 72
1 7 85
1 8 49
1 9 53
1 10 91
1 11 39
1 12 60
1 13 34
1 14 13
1 15 9
1 16 17
1 17 89
1 18 63
1 19 24
1 20 70
1 21 18
1 22 51
1 23 2
1 24 87
1 25 54
1 26 44
1 27 52
1 28 15
1 29 78
1 30 68
1 31 39
1 32 8
1 33 17
1 34 52
1 35 4
1 36 78
1 37 96
1 38 33
1 39 37
1 40 74
1 41 18
1 42 23
1 43 91
1 44 59
1 45 36
1 46 28
1 47 19
1 48 79
1 49 92
1 50 33
1 51 88
1 52 46
1 53 78
1 54 2
1 55 49
1 56 77
1 57 26
1 58 94
1 59 19
1 60 32
1 61 56
1 62 1
1 63 12
1 64 51
1 65 91
1 66 43
1 67 79
1 68 79
1 69 71
1 70 31
1 71 26
1 72 4
1 73 11
1 74 92
1 75 15
1 76 76
1 77 76
1 78 67
1 79 46
1 80 88
1 81 73
1 82 77
1 83 32
1 84 51
1 85 2
1 86 99
1 87 67
1 88 47
1 89 27
2 3 84
2 4 33
2 5 40
2 6 73
2 7 66
2 8 49
2 9 39
2 10 14
2 11 58
2 12 22
2 13 46
2 14 49
2 15 65
2 16 84
2 17 83
2 18 86
2 19 82
2 20 52
2 21 67
2 22 59
2 23 56
2 24 58
2 25 93
2 26 86
2 27 57
2 28 47
2 29 68
2 30 78
2 31 44
2 32 82
2 33 18
2 34 14
2 35 69
2 36 9
2 37 81
2 38 16
2 39 58
2 40 27
2 41 6
2 42 14
2 43 46
2 44 99
2 45 17
2 46 60
2 47 77
2 48 5
2 49 30
2 50 79
2 51 55
2 52 79
2 53 25
2 54 91
2 55 32
2 56 77
2 57 27
2 58 47
2 59 6
2 60 34
2 61 14
2 62 79
2 63 76
2 64 57
2 65 37
2 66 69
2 67 24
2 68 24
2 69 44
2 70 78
2 71 59
2 72 6
2 73 94
2 74 52
2 75 83
2 76 37
2 77 22
2 78 56
2 79 19
2 80 95
2 81 91
2 82 78
2 83 69
2 84 74
2 85 18
2 86 82
2 87 60
2 88 26
2 89 36
3 4 68
3 5 51
3 6 29
3 7 42
3 8 88
3 9 4
3 10 21
3 11 12
3 12 64
3 13 2
3 14 45
3 15 49
3 16 91
3 17 62
3 18 84
3 19 47
3 20 81
3 21 9
3 22 92
3 23 75
3 24 69
3 25 65
3 26 20
3 27 67
3 28 42
3 29 16
3 30 98
3 31 45
3 32 43
3 33 93
3 34 45
3 35 22
3 36 11
3 37 80
3 38 10
3 39 82
3 40 20
3 41 53
3 42 13
3 43 3
3 44 95
3 45 23
3 46 98
3 47 81
3 48 92
3 49 40
3 50 82
3 51 65
3 52 19
3 53 30
3 54 81
3 55 57
3 56 5
3 57 53
3 58 85
3 59 100
3 60 19
3 61 36
3 62 40
3 63 97
3 64 61
3 65 44
3 66 63
3 67 46
3 68 77
3 69 90
3 70 83
3 71 33
3 72 15
3 73 98
3 74 70
3 75 7
3 76 42
3 77 81
3 78 73
3 79 3
3 80 91
3 81 55
3 82 8
3 83 23
3 84 49
3 85 49
3 86 97
3 87 61
3 88 78
3 89 24
4 5 66
4 6 83
4 7 55
4 8 35
4 9 69
4 10 55
4 11 56
4 12 37
4 13 12
4 14 6
4 15 72
4 16 85
4 17 75
4 18 65
4 19 13
4 20 92
4 21 49
4 22 67
4 23 26
4 24 10
4 25 54
4 26 94
4 27 91
4 28 52
4 29 56
4 30 51
4 31 29
4 32 100
4 33 22
4 34 43
4 35 24
4 36 59
4 37 98
4 38 49
4 39 50
4 40 76
4 41 39
4 42 14
4 43 74
4 44 88
4 45 96
4 46 68
4 47 72
4 48 91
4 49 21
4 50 47
4 51 67
4 52 44
4 53 75
4 54 6
4 55 78
4 56 44
4 57 18
4 58 38
4 59 10
4 60 89
4 61 8
4 62 18
4 63 13
4 64 18
4 65 63
4 66 28
4 67 56
4 68 13
4 69 57
4 70 48
4 71 59
4 72 3
4 73 100
4 74 41
4 75 61
4 76 33
4 77 38
4 78 66
4 79 36
4 80 68
4 81 92
4 82 43
4 83 62
4 84 14
4 85 30
4 86 21
4 87 4
4 88 97
4 89 23
5 6 9
5 7 42
5 8 93
5 9 3
5 10 67
5 11 13
5 12 26
5 13 18
5 14 1
5 15 43
5 16 61
5 17 84
5 18 62
5 19 50
5 20 66
5 21 42
5 22 75
5 23 69
5 24 81
5 25 14
5 26 55
5 27 88
5 28 86
5 29 21
5 30 56
5 31 40
5 32 9
5 33 37
5 34 19
5 35 57
5 36 22
5 37 32
5 38 85
5 39 64
5 40 67
5 41 37
5 42 67
5 43 43
5 44 12
5 45 99
5 46 87
5 47 98
5 48 10
5 49 1
5 50 36
5 51 36
5 52 22
5 53 95
5 54 63
5 55 32
5 56 56
5 57 91
5 58 67
5 59 65
5 60 92
5 61 96
5 62 82
5 63 83
5 64 26
5 65 3
5 66 48
5 67 39
5 68 17
5 69 16
5 70 58
5 71 91
5 72 43
5 73 87
5 74 34
5 75 64
5 76 90
5 77 6
5 78 33
5 79 72
5 80 42
5 81 60
5 82 37
5 83 17
5 84 44
5 85 51
5 86 74
5 87 22
5 88 43
5 89 24
6 7 81
6 8 16
6 9 7
6 10 34
6 11 80
6 12 52
6 13 7
6 14 96
6 15 46
6 16 44
6 17 49
6 18 69
6 19 80
6 20 47
6 21 23
6 22 85
6 23 50
6 24 42
6 25 29
6 26 5
6 27 77
6 28 76
6 29 97
6 30 42
6 31 82
6 32 3
6 33 54
6 34 76
6 35 74
6 36 29
6 37 80
6 38 76
6 39 93
6 40 27
6 41 37
6 42 12
6 43 45
6 44 96
6 45 1
6 46 15
6 47 22
6 48 46
6 49 23
6 50 98
6 51 66
6 52 6
6 53 97
6 54 16
6 55 16
6 56 4
6 57 1
6 58 28
6 59 64
6 60 7
6 61 73
6 62 93
6 63 6
6 64 32
6 65 49
6 66 52
6 67 27
6 68 73
6 69 51
6 70 76
6 71 6
6 72 20
6 73 88
6 74 90
6 75 54
6 76 6
6 77 89
6 78 36
6 79 95
6 80 6
6 81 31
6 82 86
6 83 26
6 84 27
6 85 36
6 86 46
6 87 35
6 88 20
6 89 66
7 8 34
7 9 34
7 10 62
7 11 47
7 12 5
7 13 74
7 14 39
7 15 49
7 16 43
7 17 5
7 18 19
7 19 26
7 20 55
7 21 17
7 22 19
7 23 46
7 24 21
7 25 23
7 26 15
7 27 1
7 28 4
7 29 56
7 30 47
7 31 80
7 32 30
7 33 60
7 34 99
7 35 68
7 36 100
7 37 96
7 38 5
7 39 69
7 40 9
7 41 67
7 42 46
7 43 56
7 44 77
7 45 12
7 46 32
7 47 93
7 48 35
7 49 58
7 50 59
7 51 88
7 52 47
7 53 15
7 54 51
7 55 30
7 56 37
7 57 96
7 58 53
7 59 42
7 60 35
7 61 63
7 62 17
7 63 91
7 64 59
7 65 22
7 66 16
7 67 38
7 68 22
7 69 72
7 70 93
7 71 41
7 72 100
7 73 6
7 74 23
7 75 83
7 76 21
7 77 92
7 78 67
7 79 34
7 80 21
7 81 98
7 82 33
7 83 93
7 84 97
7 85 76
7 86 9
7 87 63
7 88 69
7 89 45
8 9 27
8 10 8
8 11 87
8 12 26
8 13 4
8 14 74
8 15 35
8 16 31
8 17 9
8 18 26
8 19 84
8 20 78
8 21 83
8 22 73
8 23 27
8 24 91
8 25 1
8 26 59
8 27 70
8 28 42
8 29 45
8 30 96
8 31 58
8 32 75
8 33 42
8 34 73
8 35 46
8 36 42
8 37 13
8 38 26
8 39 88
8 40 79
8 41 7
8 42 43
8 43 75
8 44 20
8 45 16
8 46 11
8 47 59
8 48 55
8 49 17
8 50 27
8 51 61
8 52 25
8 53 20
8 54 18
8 55 54
8 56 93
8 57 8
8 58 72
8 59 73
8 60 16
8 61 84
8 62 73
8 63 72
8 64 67
8 65 94
8 66 85
8 67 93
8 68 68
8 69 23
8 70 42
8 71 53
8 72 47
8 73 50
8 74 97
8 75 63
8 76 44
8 77 40
8 78 58
8 79 92
8 80 78
8 81 66
8 82 84
8 83 28
8 84 40
8 85 21
8 86 45
8 87 16
8 88 85
8 89 28
9 10 94
9 11 53
9 12 54
9 13 12
9 14 88
9 15 35
9 16 29
9 17 82
9 18 89
9 19 91
9 20 12
9 21 79
9 22 58
9 23 13
9 24 33
9 25 58
9 26 47
9 27 21
9 28 60
9 29 98
9 30 70
9 31 75
9 32 66
9 33 81
9 34 39
9 35 84
9 36 100
9 37 20
9 38 32
9 39 82
9 40 29
9 41 77
9 42 38
9 43 69
9 44 19
9 45 83
9 46 73
9 47 40
9 48 14
9 49 18
9 50 92
9 51 84
9 52 58
9 53 75
9 54 6
9 55 11
9 56 78
9 57 11
9 58 3
9 59 78
9 60 46
9 61 10
9 62 97
9 63 38
9 64 65
9 65 72
9 66 81
9 67 78
9 68 99
9 69 58
9 70 24
9 71 13
9 72 29
9 73 15
9 74 9
9 75 19
9 76 87
9 77 41
9 78 45
9 79 63
9 80 83
9 81 40
9 82 82
9 83 14
9 84 42
9 85 99
9 86 36
9 87 38
9 88 69
9 89 94
10 11 42
10 12 15
10 13 98
10 14 39
10 15 9
10 16 78
10 17 69
10 18 44
10 19 8
10 20 45
10 21 18
10 22 87
10 23 67
10 24 17
10 25 68
10 26 2
10 27 66
10 28 71
10 29 29
10 30 99
10 31 51
10 32 73
10 33 33
10 34 19
10 35 85
10 36 78
10 37 94
10 38 93
10 39 6
10 40 89
10 41 89
10 42 86
10 43 80
10 44 91
10 45 54
10 46 90
10 47 57
10 48 80
10 49 45
10 50 6
10 51 85
10 52 34
10 53 99
10 54 33
10 55 16
10 56 18
10 57 85
10 58 59
10 59 53
10 60 20
10 61 34
10 62 1
10 63 51
10 64 81
10 65 85
10 66 93
10 67 21
10 68 25
10 69 54
10 70 40
10 71 77
10 72 26
10 73 71
10 74 26
10 75 16
10 76 5
10 77 60
10 78 39
10 79 10
10 80 10
10 81 23
10 82 87
10 83 50
10 84 37
10 85 62
10 86 38
10 87 96
10 88 72
10 89 60
11 12 5
11 13 76
11 14 63
11 15 55
11 16 41
11 17 84
11 18 80
11 19 56
11 20 77
11 21 93
11 22 17
11 23 60
11 24 22
11 25 44
11 26 98
11 27 57
11 28 25
11 29 17
11 30 76
11 31 49
11 32 63
11 33 3
11 34 72
11 35 97
11 36 79
11 37 19
11 38 54
11 39 48
11 40 54
11 41 54
11 42 58
11 43 11
11 44 41
11 45 39
11 46 1
11 47 98
11 48 66
11 49 67
11 50 60
11 51 85
11 52 53
11 53 28
11 54 89
11 55 37
11 56 82
11 57 24
11 58 11
11 59 16
11 60 70
11 61 51
11 62 80
11 63 85
11 64 15
11 65 24
11 66 91
11 67 96
11 68 98
11 69 46
11 70 59
11 71 37
11 72 54
11 73 93
11 74 43
11 75 17
11 76 10
11 77 32
11 78 99
11 79 99
11 80 72
11 81 64
11 82 8
11 83 47
11 84 90
11 85 76
11 86 1
11 87 44
11 88 93
11 89 44
12 13 77
12 14 12
12 15 51
12 16 87
12 17 50
12 18 88
12 19 15
12 20 51
12 21 70
12 22 63
12 23 30
12 24 28
12 25 93
12 26 28
12 27 79
12 28 82
12 29 61
12 30 80
12 31 82
12 32 11
12 33 62
12 34 63
12 35 72
12 36 59
12 37 66
12 38 55
12 39 4
12 40 65
12 41 33
12 42 45
12 43 28
12 44 49
12 45 95
12 46 51
12 47 33
12 48 25
12 49 18
12 50 82
12 51 68
12 52 61
12 53 49
12 54 94
12 55 67
12 56 46
12 57 63
12 58 56
12 59 88
12 60 64
12 61 41
12 62 12
12 63 90
12 64 86
12 65 67
12 66 22
12 67 21
12 68 96
12 69 34
12 70 91
12 71 99
12 72 46
12 73 61
12 74 73
12 75 34
12 76 33
12 77 36
12 78 92
12 79 94
12 80 36
12 81 2
12 82 23
12 83 90
12 84 88
12 85 44
12 86 47
12 87 83
12 88 81
12 89 34
13 14 70
13 15 62
13 16 6
13 17 93
13 18 90
13 19 22
13 20 28
13 21 85
13 22 88
13 23 12
13 24 32
13 25 86
13 26 62
13 27 12
13 28 17
13 29 8
13 30 74
13 31 23
13 32 28
13 33 53
13 34 1
13 35 83
13 36 25
13 37 37
13 38 50
13 39 96
13 40 32
13 41 94
13 42 33
13 43 82
13 44 40
13 45 49
13 46 12
13 47 63
13 48 7
13 49 24
13 50 10
13 51 14
13 52 48
13 53 18
13 54 35
13 55 1
13 56 11
13 57 56
13 58 50
13 59 25
13 60 22
13 61 91
13 62 68
13 63 46
13 64 83
13 65 28
13 66 14
13 67 46
13 68 73
13 69 79
13 70 54
13 71 66
13 72 65
13 73 71
13 74 44
13 75 76
13 76 61
13 77 93
13 78 43
13 79 23
13 80 93
13 81 100
13 82 94
13 83 99
13 84 66
13 85 57
13 86 57
13 87 74
13 88 8
13 89 64
14 15 42
14 16 16
14 17 11
14 18 100
14 19 14
14 20 23
14 21 48
14 22 22
14 23 42
14 24 97
14 25 99
14 26 97
14 27 34
14 28 35
14 29 22
14 30 71
14 31 46
14 32 1
14 33 40
14 34 14
14 35 3
14 36 36
14 37 2
14 38 10
14 39 82
14 40 47
14 41 79
14 42 23
14 43 90
14 44 22
14 45 31
14 46 74
14 47 59
14 48 60
14 49 59
14 50 77
14 51 23
14 52 90
14 53 74
14 54 22
14 55 36
14 56 36
14 57 33
14 58 45
14 59 71
14 60 21
14 61 40
14 62 79
14 63 35
14 64 32
14 65 65
14 66 38
14 67 8
14 68 85
14 69 27
14 70 81
14 71 16
14 72 6
14 73 55
14 74 7
14 75 45
14 76 76
14 77 41
14 78 66
14 79 89
14 80 58
14 81 41
14 82 56
14 83 56
14 84 67
14 85 70
14 86 14
14 87 9
14 88 41
14 89 47
15 16 31
15 17 28
15 18 29
15 19 13
15 20 93
15 21 9
15 22 10
15 23 24
15 24 66
15 25 51
15 26 80
15 27 46
15 28 53
15 29 24
15 30 9
15 31 25
15 32 87
15 33 26
15 34 32
15 35 74
15 36 59
15 37 82
15 38 56
15 39 1
15 40 69
15 41 67
15 42 58
15 43 96
15 44 87
15 45 67
15 46 84
15 47 83
15 48 14
15 49 17
15 50 63
15 51 48
15 52 34
15 53 52
15 54 32
15 55 60
15 56 20
15 57 78
15 58 84
15 59 96
15 60 83
15 61 63
15 62 84
15 63 91
15 64 70
15 65 79
15 66 76
15 67 10
15 68 100
15 69 50
15 70 90
15 71 92
15 72 81
15 73 72
15 74 52
15 75 47
15 76 43
15 77 93
15 78 97
15 79 74
15 80 9
15 81 91
15 82 88
15 83 90
15 84 21
15 85 42
15 86 89
15 87 68
15 88 24
15 89 7
16 17 56
16 18 71
16 19 63
16 20 28
16 21 91
16 22 8
16 23 21
16 24 46
16 25 42
16 26 93
16 27 39
16 28 70
16 29 22
16 30 48
16 31 49
16 32 33
16 33 18
16 34 79
16 35 78
16 36 54
16 37 38
16 38 56
16 39 58
16 40 89
16 41 28
16 42 1
16 43 37
16 44 9
16 45 36
16 46 26
16 47 52
16 48 47
16 49 45
16 50 49
16 51 50
16 52 51
16 53 71
16 54 34
16 55 15
16 56 27
16 57 61
16 58 62
16 59 49
16 60 61
16 61 9
16 62 63
16 63 6
16 64 55
16 65 75
16 66 47
16 67 11
16 68 64
16 69 17
16 70 100
16 71 15
16 72 7
16 73 45
16 74 42
16 75 45
16 76 51
16 77 46
16 78 26
16 79 99
16 80 77
16 81 69
16 82 75
16 83 61
16 84 2
16 85 12
16 86 18
16 87 68
16 88 84
16 89 34
17 18 37
17 19 71
17 20 33
17 21 37
17 22 17
17 23 46
17 24 7
17 25 96
17 26 14
17 27 86
17 28 14
17 29 12
17 30 35
17 31 79
17 32 81
17 33 74
17 34 63
17 35 99
17 36 79
17 37 4
17 38 94
17 39 76
17 40 75
17 41 6
17 42 79
17 43 9
17 44 42
17 45 7
17 46 17
17 47 40
17 48 88
17 49 64
17 50 57
17 51 25
17 52 62
17 53 94
17 54 39
17 55 59
17 56 27
17 57 8
17 58 17
17 59 15
17 60 26
17 61 21
17 62 85
17 63 38
17 64 80
17 65 86
17 66 16
17 67 72
17 68 84
17 69 63
17 70 68
17 71 62
17 72 23
17 73 31
17 74 36
17 75 52
17 76 84
17 77 36
17 78 74
17 79 77
17 80 3
17 81 12
17 82 43
17 83 37
17 84 32
17 85 2
17 86 58
17 87 94
17 88 98
17 89 39
18 19 55
18 20 100
18 21 95
18 22 91
18 23 89
18 24 1
18 25 30
18 26 67
18 27 96
18 28 11
18 29 66
18 30 79
18 31 17
18 32 95
18 33 69
18 34 46
18 35 30
18 36 45
18 37 90
18 38 70
18 39 36
18 40 44
18 41 2
18 42 46
18 43 9
18 44 4
18 45 94
18 46 3
18 47 92
18 48 94
18 49 94
18 50 19
18 51 5
18 52 52
18 53 78
18 54 36
18 55 60
18 56 96
18 57 49
18 58 54
18 59 57
18 60 50
18 61 48
18 62 73
18 63 9
18 64 87
18 65 2
18 66 23
18 67 12
18 68 41
18 69 67
18 70 28
18 71 47
18 72 48
18 73 75
18 74 7
18 75 5
18 76 95
18 77 93
18 78 89
18 79 84
18 80 4
18 81 95
18 82 6
18 83 37
18 84 63
18 85 25
18 86 35
18 87 9
18 88 42
18 89 90
19 20 38
19 21 11
19 22 20
19 23 83
19 24 70
19 25 25
19 26 72
19 27 15
19 28 96
19 29 28
19 30 14
19 31 11
19 32 72
19 33 17
19 34 25
19 35 31
19 36 22
19 37 21
19 38 15
19 39 52
19 40 81
19 41 61
19 42 42
19 43 35
19 44 46
19 45 37
19 46 68
19 47 84
19 48 98
19 49 65
19 50 43
19 51 34
19 52 16
19 53 32
19 54 41
19 55 72
19 56 87
19 57 45
19 58 81
19 59 38
19 60 57
19 61 88
19 62 57
19 63 88
19 64 99
19 65 64
19 66 5
19 67 82
19 68 50
19 69 64
19 70 35
19 71 63
19 72 2
19 73 38
19 74 15
19 75 100
19 76 75
19 77 83
19 78 5
19 79 41
19 80 41
19 81 66
19 82 12
19 83 99
19 84 79
19 85 9
19 86 51
19 87 60
19 88 89
19 89 41
20 21 17
20 22 34
20 23 56
20 24 10
20 25 11
20 26 13
20 27 84
20 28 42
20 29 41
20 30 46
20 31 6
20 32 23
20 33 96
20 34 68
20 35 28
20 36 8
20 37 39
20 38 14
20 39 44
20 40 58
20 41 3
20 42 65
20 43 29
20 44 88
20 45 70
20 46 75
20 47 98
20 48 68
20 49 42
20 50 2
20 51 23
20 52 96
20 53 24
20 54 14
20 55 90
20 56 24
20 57 28
20 58 74
20 59 8
20 60 78
20 61 17
20 62 16
20 63 64
20 64 27
20 65 74
20 66 95
20 67 69
20 68 46
20 69 98
20 70 89
20 71 40
20 72 26
20 73 85
20 74 7
20 75 48
20 76 84
20 77 89
20 78 7
20 79 23
20 80 56
20 81 33
20 82 8
20 83 74
20 84 6
20 85 71
20 86 28
20 87 76
20 88 79
20 89 3
21 22 52
21 23 48
21 24 39
21 25 12
21 26 23
21 27 47
21 28 68
21 29 82
21 30 66
21 31 86
21 32 5
21 33 31
21 34 33
21 35 80
21 36 96
21 37 66
21 38 80
21 39 34
21 40 68
21 41 10
21 42 100
21 43 20
21 44 32
21 45 2
21 46 68
21 47 51
21 48 92
21 49 28
21 50 21
21 51 34
21 52 3
21 53 6
21 54 76
21 55 81
21 56 49
21 57 33
21 58 54
21 59 35
21 60 31
21 61 23
21 62 58
21 63 73
21 64 28
21 65 45
21 66 80
21 67 55
21 68 35
21 69 66
21 70 90
21 71 17
21 72 41
21 73 61
21 74 17
21 75 77
21 76 61
21 77 84
21 78 25
21 79 9
21 80 98
21 81 13
21 82 19
21 83 59
21 84 33
21 85 23
21 86 39
21 87 40
21 88 26
21 89 64
22 23 12
22 24 45
22 25 82
22 26 79
22 27 50
22 28 80
22 29 51
22 30 88
22 31 58
22 32 56
22 33 45
22 34 97
22 35 37
22 36 40
22 37 43
22 38 52
22 39 91
22 40 91
22 41 84
22 42 7
22 43 73
22 44 47
22 45 36
22 46 48
22 47 34
22 48 20
22 49 1
22 50 65
22 51 52
22 52 97
22 53 40
22 54 48
22 55 93
22 56 85
22 57 2
22 58 67
22 59 17
22 60 55
22 61 22
22 62 33
22 63 68
22 64 92
22 65 76
22 66 10
22 67 72
22 68 82
22 69 8
22 70 46
22 71 48
22 72 48
22 73 71
22 74 16
22 75 63
22 76 1
22 77 21
22 78 54
22 79 79
22 80 18
22 81 72
22 82 37
22 83 39
22 84 66
22 85 50
22 86 93
22 87 51
22 88 50
22 89 54
23 24 75
23 25 42
23 26 43
23 27 26
23 28 93
23 29 27
23 30 86
23 31 31
23 32 78
23 33 19
23 34 74
23 35 59
23 36 8
23 37 44
23 38 12
23 39 19
23 40 9
23 41 9
23 42 90
23 43 7
23 44 77
23 45 7
23 46 100
23 47 58
23 48 51
23 49 45
23 50 65
23 51 67
23 52 43
23 53 84
23 54 80
23 55 53
23 56 60
23 57 90
23 58 37
23 59 19
23 60 10
23 61 37
23 62 86
23 63 27
23 64 72
23 65 64
23 66 30
23 67 97
23 68 18
23 69 20
23 70 52
23 71 34
23 72 89
23 73 50
23 74 72
23 75 61
23 76 7
23 77 44
23 78 84
23 79 74
23 80 99
23 81 65
23 82 22
23 83 77
23 84 76
23 85 77
23 86 6
23 87 37
23 88 12
23 89 58
24 25 81
24 26 13
24 27 2
24 28 21
24 29 67
24 30 8
24 31 6
24 32 86
24 33 19
24 34 32
24 35 28
24 36 42
24 37 23
24 38 49
24 39 45
24 40 19
24 41 22
24 42 25
24 43 84
24 44 90
24 45 78
24 46 8
24 47 67
24 48 30
24 49 6
24 50 6
24 51 77
24 52 10
24 53 44
24 54 20
24 55 27
24 56 72
24 57 48
24 58 12
24 59 9
24 60 1
24 61 75
24 62 79
24 63 65
24 64 31
24 65 56
24 66 34
24 67 80
24 68 60
24 69 10
24 70 19
24 71 22
24 72 13
24 73 48
24 74 73
24 75 99
24 76 47
24 77 31
24 78 75
24 79 88
24 80 21
24 81 34
24 82 55
24 83 69
24 84 83
24 85 78
24 86 88
24 87 28
24 88 38
24 89 94
25 26 95
25 27 26
25 28 31
25 29 31
25 30 90
25 31 51
25 32 42
25 33 16
25 34 14
25 35 43
25 36 26
25 37 85
25 38 92
25 39 50
25 40 28
25 41 40
25 42 34
25 43 14
25 44 4
25 45 46
25 46 90
25 47 19
25 48 70
25 49 57
25 50 1
25 51 87
25 52 94
25 53 73
25 54 14
25 55 59
25 56 27
25 57 68
25 58 30
25 59 24
25 60 84
25 61 27
25 62 96
25 63 92
25 64 90
25 65 94
25 66 32
25 67 36
25 68 6
25 69 42
25 70 95
25 71 29
25 72 70
25 73 67
25 74 66
25 75 19
25 76 25
25 77 96
25 78 28
25 79 32
25 80 48
25 81 44
25 82 66
25 83 67
25 84 56
25 85 63
25 86 43
25 87 20
25 88 77
25 89 36
26 27 10
26 28 95
26 29 99
26 30 33
26 31 3
26 32 76
26 33 27
26 34 93
26 35 38
26 36 69
26 37 83
26 38 83
26 39 90
26 40 90
26 41 85
26 42 58
26 43 68
26 44 83
26 45 96
26 46 20
26 47 22
26 48 5
26 49 36
26 50 27
26 51 40
26 52 6
26 53 24
26 54 37
26 55 86
26 56 95
26 57 32
26 58 87
26 59 10
26 60 31
26 61 93
26 62 43
26 63 50
26 64 38
26 65 75
26 66 58
26 67 50
26 68 27
26 69 90
26 70 61
26 71 88
26 72 70
26 73 9
26 74 49
26 75 99
26 76 78
26 77 82
26 78 15
26 79 32
26 80 61
26 81 69
26 82 59
26 83 89
26 84 83
26 85 70
26 86 71
26 87 51
26 88 12
26 89 17
27 28 37
27 29 46
27 30 11
27 31 55
27 32 6
27 33 62
27 34 59
27 35 39
27 36 11
27 37 100
27 38 34
27 39 57
27 40 84
27 41 100
27 42 54
27 43 10
27 44 18
27 45 63
27 46 94
27 47 45
27 48 62
27 49 73
27 50 10
27 51 67
27 52 13
27 53 57
27 54 29
27 55 37
27 56 41
27 57 9
27 58 3
27 59 71
27 60 43
27 61 53
27 62 47
27 63 90
27 64 25
27 65 21
27 66 70
27 67 49
27 68 81
27 69 26
27 70 85
27 71 86
27 72 13
27 73 14
27 74 11
27 75 59
27 76 70
27 77 10
27 78 12
27 79 5
27 80 7
27 81 42
27 82 78
27 83 13
27 84 61
27 85 12
27 86 75
27 87 69
27 88 51
27 89 73
28 29 66
28 30 55
28 31 89
28 32 20
28 33 42
28 34 57
28 35 81
28 36 58
28 37 15
28 38 85
28 39 62
28 40 41
28 41 90
28 42 5
28 43 64
28 44 33
28 45 50
28 46 19
28 47 45
28 48 60
28 49 1
28 50 8
28 51 62
28 52 75
28 53 94
28 54 92
28 55 96
28 56 68
28 57 48
28 58 51
28 59 56
28 60 45
28 61 31
28 62 87
28 63 6
28 64 24
28 65 97
28 66 2
28 67 46
28 68 91
28 69 35
28 70 50
28 71 44
28 72 66
28 73 21
28 74 96
28 75 59
28 76 10
28 77 42
28 78 36
28 79 83
28 80 46
28 81 60
28 82 98
28 83 45
28 84 18
28 85 83
28 86 60
28 87 43
28 88 71
28 89 41
29 30 22
29 31 2
29 32 47
29 33 30
29 34 90
29 35 19
29 36 75
29 37 9
29 38 30
29 39 57
29 40 88
29 41 23
29 42 64
29 43 50
29 44 4
29 45 85
29 46 93
29 47 73
29 48 90
29 49 61
29 50 15
29 51 37
29 52 9
29 53 45
29 54 21
29 55 55
29 56 63
29 57 58
29 58 24
29 59 18
29 60 15
29 61 19
29 62 100
29 63 81
29 64 53
29 65 55
29 66 89
29 67 65
29 68 60
29 69 30
29 70 5
29 71 94
29 72 73
29 73 72
29 74 4
29 75 88
29 76 27
29 77 32
29 78 55
29 79 64
29 80 15
29 81 61
29 82 67
29 83 42
29 84 20
29 85 81
29 86 80
29 87 78
29 88 74
29 89 98
30 31 14
30 32 69
30 33 49
30 34 37
30 35 7
30 36 50
30 37 41
30 38 71
30 39 44
30 40 91
30 41 83
30 42 36
30 43 89
30 44 59
30 45 37
30 46 81
30 47 39
30 48 23
30 49 14
30 50 60
30 51 16
30 52 5
30 53 9
30 54 68
30 55 12
30 56 69
30 57 9
30 58 63
30 59 55
30 60 97
30 61 33
30 62 21
30 63 24
30 64 96
30 65 75
30 66 33
30 67 14
30 68 38
30 69 40
30 70 71
30 71 4
30 72 94
30 73 12
30 74 30
30 75 90
30 76 25
30 77 96
30 78 9
30 79 57
30 80 23
30 81 31
30 82 79
30 83 14
30 84 92
30 85 55
30 86 40
30 87 78
30 88 100
30 89 87
31 32 30
31 33 50
31 34 99
31 35 82
31 36 41
31 37 21
31 38 43
31 39 95
31 40 49
31 41 22
31 42 40
31 43 1
31 44 18
31 45 44
31 46 90
31 47 74
31 48 23
31 49 78
31 50 89
31 51 10
31 52 34
31 53 38
31 54 4
31 55 90
31 56 43
31 57 33
31 58 52
31 59 57
31 60 78
31 61 23
31 62 83
31 63 61
31 64 39
31 65 17
31 66 89
31 67 57
31 68 77
31 69 18
31 70 27
31 71 82
31 72 60
31 73 87
31 74 15
31 75 31
31 76 34
31 77 8
31 78 75
31 79 63
31 80 80
31 81 66
31 82 84
31 83 9
31 84 8
31 85 77
31 86 73
31 87 14
31 88 62
31 89 47
32 33 93
32 34 38
32 35 17
32 36 40
32 37 92
32 38 97
32 39 73
32 40 100
32 41 52
32 42 1
32 43 79
32 44 10
32 45 82
32 46 97
32 47 39
32 48 64
32 49 79
32 50 35
32 51 16
32 52 1
32 53 2
32 54 37
32 55 26
32 56 17
32 57 46
32 58 16
32 59 6
32 60 26
32 61 97
32 62 90
32 63 12
32 64 76
32 65 7
32 66 34
32 67 4
32 68 58
32 69 5
32 70 79
32 71 20
32 72 26
32 73 64
32 74 13
32 75 32
32 76 47
32 77 36
32 78 63
32 79 36
32 80 63
32 81 80
32 82 75
32 83 82
32 84 94
32 85 92
32 86 22
32 87 57
32 88 27
32 89 35
33 34 87
33 35 7
33 36 45
33 37 37
33 38 65
33 39 85
33 40 26
33 41 34
33 42 63
33 43 46
33 44 99
33 45 24
33 46 54
33 47 77
33 48 63
33 49 60
33 50 41
33 51 87
33 52 33
33 53 3
33 54 25
33 55 32
33 56 2
33 57 23
33 58 63
33 59 79
33 60 87
33 61 5
33 62 65
33 63 51
33 64 7
33 65 69
33 66 18
33 67 46
33 68 56
33 69 67
33 70 3
33 71 60
33 72 22
33 73 91
33 74 48
33 75 44
33 76 97
33 77 83
33 78 53
33 79 8
33 80 74
33 81 5
33 82 84
33 83 86
33 84 83
33 85 54
33 86 1
33 87 9
33 88 31
33 89 18
34 35 53
34 36 54
34 37 36
34 38 43
34 39 43
34 40 99
34 41 62
34 42 75
34 43 12
34 44 90
34 45 90
34 46 9
34 47 84
34 48 15
34 49 24
34 50 14
34 51 36
34 52 34
34 53 8
34 54 71
34 55 26
34 56 27
34 57 58
34 58 76
34 59 15
34 60 70
34 61 29
34 62 82
34 63 23
34 64 10
34 65 25
34 66 6
34 67 78
34 68 100
34 69 63
34 70 40
34 71 76
34 72 2
34 73 21
34 74 84
34 75 50
34 76 50
34 77 43
34 78 54
34 79 59
34 80 29
34 81 47
34 82 76
34 83 36
34 84 72
34 85 58
34 86 11
34 87 29
34 88 45
34 89 37
35 36 37
35 37 39
35 38 86
35 39 83
35 40 30
35 41 42
35 42 73
35 43 55
35 44 65
35 45 45
35 46 71
35 47 68
35 48 72
35 49 18
35 50 9
35 51 66
35 52 39
35 53 59
35 54 80
35 55 71
35 56 49
35 57 83
35 58 39
35 59 36
35 60 28
35 61 4
35 62 92
35 63 41
35 64 48
35 65 29
35 66 15
35 67 65
35 68 45
35 69 86
35 70 93
35 71 14
35 72 99
35 73 23
35 74 87
35 75 59
35 76 60
35 77 8
35 78 65
35 79 61
35 80 2
35 81 8
35 82 29
35 83 33
35 84 8
35 85 89
35 86 82
35 87 64
35 88 59
35 89 3
36 37 22
36 38 35
36 39 56
36 40 31
36 41 88
36 42 50
36 43 18
36 44 48
36 45 53
36 46 73
36 47 91
36 48 52
36 49 17
36 50 57
36 51 38
36 52 71
36 53 16
36 54 62
36 55 23
36 56 20
36 57 29
36 58 36
36 59 21
36 60 93
36 61 11
36 62 53
36 63 95
36 64 74
36 65 54
36 66 57
36 67 20
36 68 59
36 69 77
36 70 62
36 71 5
36 72 13
36 73 50
36 74 60
36 75 49
36 76 97
36 77 11
36 78 50
36 79 25
36 80 40
36 81 86
36 82 84
36 83 15
36 84 22
36 85 74
36 86 42
36 87 77
36 88 28
36 89 14
37 38 35
37 39 43
37 40 55
37 41 10
37 42 18
37 43 66
37 44 96
37 45 49
37 46 98
37 47 55
37 48 11
37 49 22
37 50 86
37 51 7
37 52 41
37 53 36
37 54 57
37 55 9
37 56 31
37 57 57
37 58 20
37 59 12
37 60 83
37 61 31
37 62 39
37 63 46
37 64 90
37 65 15
37 66 16
37 67 91
37 68 21
37 69 36
37 70 55
37 71 1
37 72 12
37 73 10
37 74 89
37 75 84
37 76 64
37 77 92
37 78 31
37 79 100
37 80 67
37 81 50
37 82 20
37 83 99
37 84 40
37 85 30
37 86 99
37 87 21
37 88 51
37 89 62
38 39 77
38 40 23
38 41 62
38 42 26
38 43 39
38 44 98
38 45 74
38 46 8
38 47 74
38 48 47
38 49 64
38 50 19
38 51 81
38 52 62
38 53 36
38 54 81
38 55 32
38 56 4
38 57 2
38 58 5
38 59 82
38 60 21
38 61 94
38 62 92
38 63 97
38 64 91
38 65 11
38 66 46
38 67 74
38 68 8
38 69 61
38 70 45
38 71 93
38 72 33
38 73 28
38 74 56
38 75 38
38 76 98
38 77 45
38 78 77
38 79 72
38 80 85
38 81 74
38 82 46
38 83 51
38 84 32
38 85 8
38 86 42
38 87 59
38 88 53
38 89 6
39 40 97
39 41 7
39 42 29
39 43 47
39 44 36
39 45 74
39 46 21
39 47 62
39 48 14
39 49 86
39 50 19
39 51 8
39 52 72
39 53 67
39 54 72
39 55 87
39 56 42
39 57 21
39 58 4
39 59 59
39 60 35
39 61 7
39 62 93
39 63 49
39 64 59
39 65 57
39 66 59
39 67 55
39 68 27
39 69 1
39 70 66
39 71 16
39 72 4
39 73 58
39 74 36
39 75 58
39 76 58
39 77 38
39 78 75
39 79 21
39 80 16
39 81 45
39 82 12
39 83 37
39 84 3
39 85 2
39 86 96
39 87 66
39 88 51
39 89 25
40 41 14
40 42 17
40 43 4
40 44 30
40 45 57
40 46 82
40 47 49
40 48 13
40 49 41
40 50 30
40 51 25
40 52 97
40 53 35
40 54 43
40 55 3
40 56 24
40 57 68
40 58 18
40 59 51
40 60 44
40 61 10
40 62 98
40 63 38
40 64 77
40 65 90
40 66 38
40 67 98
40 68 35
40 69 67
40 70 26
40 71 10
40 72 95
40 73 68
40 74 88
40 75 5
40 76 96
40 77 86
40 78 98
40 79 85
40 80 4
40 81 95
40 82 84
40 83 41
40 84 63
40 85 4
40 86 66
40 87 90
40 88 26
40 89 16
41 42 77
41 43 45
41 44 25
41 45 57
41 46 70
41 47 90
41 48 53
41 49 97
41 50 52
41 51 33
41 52 51
41 53 30
41 54 35
41 55 44
41 56 66
41 57 45
41 58 35
41 59 39
41 60 20
41 61 24
41 62 86
41 63 50
41 64 21
41 65 4
41 66 31
41 67 90
41 68 90
41 69 21
41 70 40
41 71 44
41 72 24
41 73 72
41 74 97
41 75 45
41 76 91
41 77 95
41 78 46
41 79 90
41 80 54
41 81 77
41 82 19
41 83 59
41 84 89
41 85 48
41 86 48
41 87 22
41 88 62
41 89 21
42 43 15
42 44 91
42 45 31
42 46 85
42 47 88
42 48 39
42 49 71
42 50 60
42 51 10
42 52 52
42 53 21
42 54 63
42 55 83
42 56 9
42 57 67
42 58 36
42 59 98
42 60 89
42 61 45
42 62 62
42 63 16
42 64 28
42 65 24
42 66 73
42 67 79
42 68 62
42 69 45
42 70 47
42 71 63
42 72 71
42 73 78
42 74 42
42 75 26
42 76 87
42 77 46
42 78 12
42 79 7
42 80 17
42 81 99
42 82 86
42 83 59
42 84 30
42 85 62
42 86 30
42 87 33
42 88 91
42 89 12
43 44 2
43 45 79
43 46 90
43 47 23
43 48 22
43 49 5
43 50 36
43 51 54
43 52 85
43 53 44
43 54 81
43 55 83
43 56 54
43 57 65
43 58 87
43 59 82
43 60 4
43 61 74
43 62 28
43 63 40
43 64 45
43 65 100
43 66 67
43 67 40
43 68 27
43 69 95
43 70 27
43 71 41
43 72 9
43 73 27
43 74 51
43 75 20
43 76 72
43 77 19
43 78 72
43 79 38
43 80 78
43 81 18
43 82 45
43 83 19
43 84 14
43 85 76
43 86 62
43 87 83
43 88 55
43 89 55
44 45 99
44 46 70
44 47 13
44 48 29
44 49 54
44 50 43
44 51 91
44 52 1
44 53 39
44 54 67
44 55 46
44 56 74
44 57 38
44 58 2
44 59 24
44 60 4
44 61 91
44 62 9
44 63 51
44 64 11
44 65 86
44 66 34
44 67 62
44 68 33
44 69 20
44 70 78
44 71 20
44 72 32
44 73 99
44 74 53
44 75 100
44 76 99
44 77 60
44 78 57
44 79 52
44 80 73
44 81 83
44 82 78
44 83 1
44 84 12
44 85 94
44 86 70
44 87 87
44 88 76
44 89 38
45 46 10
45 47 74
45 48 7
45 49 23
45 50 14
45 51 78
45 52 77
45 53 30
45 54 89
45 55 51
45 56 98
45 57 45
45 58 36
45 59 15
45 60 60
45 61 20
45 62 24
45 63 68
45 64 16
45 65 1
45 66 26
45 67 13
45 68 71
45 69 58
45 70 94
45 71 83
45 72 83
45 73 89
45 74 56
45 75 98
45 76 82
45 77 20
45 78 58
45 79 39
45 80 62
45 81 77
45 82 62
45 83 86
45 84 26
45 85 77
45 86 43
45 87 96
45 88 42
45 89 66
46 47 39
46 48 87
46 49 99
46 50 10
46 51 73
46 52 73
46 53 67
46 54 78
46 55 4
46 56 17
46 57 85
46 58 10
46 59 48
46 60 44
46 61 19
46 62 44
46 63 47
46 64 28
46 65 78
46 66 72
46 67 5
46 68 50
46 69 20
46 70 8
46 71 55
46 72 93
46 73 50
46 74 34
46 75 78
46 76 48
46 77 17
46 78 46
46 79 83
46 80 78
46 81 97
46 82 43
46 83 13
46 84 11
46 85 91
46 86 28
46 87 85
46 88 82
46 89 72
47 48 47
47 49 71
47 50 12
47 51 92
47 52 69
47 53 61
47 54 5
47 55 96
47 56 98
47 57 46
47 58 71
47 59 33
47 60 77
47 61 19
47 62 5
47 63 58
47 64 98
47 65 85
47 66 78
47 67 1
47 68 82
47 69 31
47 70 10
47 71 74
47 72 80
47 73 50
47 74 3
47 75 38
47 76 78
47 77 27
47 78 70
47 79 98
47 80 70
47 81 24
47 82 26
47 83 52
47 84 19
47 85 68
47 86 46
47 87 98
47 88 89
47 89 51
48 49 67
48 50 39
48 51 81
48 52 74
48 53 32
48 54 58
48 55 23
48 56 50
48 57 11
48 58 62
48 59 30
48 60 67
48 61 24
48 62 95
48 63 62
48 64 80
48 65 59
48 66 21
48 67 41
48 68 5
48 69 15
48 70 62
48 71 62
48 72 2
48 73 98
48 74 81
48 75 70
48 76 10
48 77 60
48 78 4
48 79 62
48 80 61
48 81 61
48 82 7
48 83 85
48 84 48
48 85 14
48 86 94
48 87 55
48 88 78
48 89 71
49 50 42
49 51 56
49 52 35
49 53 29
49 54 2
49 55 86
49 56 63
49 57 82
49 58 46
49 59 16
49 60 21
49 61 97
49 62 85
49 63 76
49 64 100
49 65 76
49 66 78
49 67 93
49 68 43
49 69 72
49 70 30
49 71 68
49 72 49
49 73 66
49 74 31
49 75 81
49 76 50
49 77 72
49 78 66
49 79 47
49 80 81
49 81 33
49 82 59
49 83 27
49 84 86
49 85 28
49 86 83
49 87 11
49 88 96
49 89 79
50 51 67
50 52 81
50 53 57
50 54 52
50 55 57
50 56 19
50 57 32
50 58 19
50 59 86
50 60 28
50 61 85
50 62 72
50 63 57
50 64 44
50 65 9
50 66 89
50 67 30
50 68 41
50 69 33
50 70 39
50 71 26
50 72 17
50 73 66
50 74 88
50 75 51
50 76 65
50 77 73
50 78 66
50 79 29
50 80 99
50 81 44
50 82 50
50 83 6
50 84 25
50 85 7
50 86 46
50 87 24
50 88 91
50 89 89
51 52 84
51 53 63
51 54 34
51 55 32
51 56 14
51 57 78
51 58 64
51 59 43
51 60 75
51 61 94
51 62 79
51 63 98
51 64 44
51 65 62
51 66 28
51 67 69
51 68 20
51 69 90
51 70 52
51 71 62
51 72 17
51 73 65
51 74 20
51 75 25
51 76 33
51 77 15
51 78 24
51 79 41
51 80 54
51 81 16
51 82 68
51 83 32
51 84 61
51 85 91
51 86 23
51 87 18
51 88 42
51 89 72
52 53 100
52 54 93
52 55 90
52 56 30
52 57 98
52 58 69
52 59 12
52 60 56
52 61 38
52 62 54
52 63 65
52 64 56
52 65 46
52 66 52
52 67 37
52 68 76
52 69 50
52 70 57
52 71 60
52 72 95
52 73 37
52 74 77
52 75 30
52 76 98
52 77 11
52 78 54
52 79 71
52 80 21
52 81 2
52 82 64
52 83 21
52 84 8
52 85 58
52 86 23
52 87 21
52 88 15
52 89 96
53 54 40
53 55 32
53 56 63
53 57 81
53 58 41
53 59 72
53 60 37
53 61 88
53 62 91
53 63 53
53 64 23
53 65 1
53 66 70
53 67 20
53 68 87
53 69 35
53 70 62
53 71 6
53 72 97
53 73 8
53 74 39
53 75 18
53 76 92
53 77 62
53 78 32
53 79 92
53 80 25
53 81 61
53 82 16
53 83 14
53 84 14
53 85 65
53 86 18
53 87 63
53 88 8
53 89 26
54 55 46
54 56 56
54 57 14
54 58 67
54 59 78
54 60 13
54 61 48
54 62 1
54 63 28
54 64 96
54 65 28
54 66 26
54 67 63
54 68 58
54 69 16
54 70 58
54 71 32
54 72 28
54 73 65
54 74 7
54 75 81
54 76 7
54 77 47
54 78 48
54 79 57
54 80 88
54 81 50
54 82 64
54 83 9
54 84 24
54 85 8
54 86 96
54 87 53
54 88 80
54 89 21
55 56 59
55 57 25
55 58 73
55 59 52
55 60 12
55 61 67
55 62 78
55 63 15
55 64 46
55 65 66
55 66 93
55 67 59
55 68 2
55 69 15
55 70 75
55 71 52
55 72 8
55 73 11
55 74 81
55 75 57
55 76 38
55 77 77
55 78 68
55 79 50
55 80 32
55 81 59
55 82 46
55 83 43
55 84 9
55 85 46
55 86 100
55 87 6
55 88 2
55 89 2
56 57 64
56 58 12
56 59 51
56 60 28
56 61 73
56 62 80
56 63 55
56 64 80
56 65 50
56 66 95
56 67 98
56 68 62
56 69 75
56 70 1
56 71 67
56 72 28
56 73 4
56 74 10
56 75 37
56 76 6
56 77 93
56 78 29
56 79 38
56 80 30
56 81 23
56 82 43
56 83 36
56 84 67
56 85 58
56 86 31
56 87 18
56 88 61
56 89 41
57 58 20
57 59 52
57 60 46
57 61 78
57 62 77
57 63 98
57 64 68
57 65 23
57 66 27
57 67 35
57 68 36
57 69 60
57 70 30
57 71 86
57 72 98
57 73 77
57 74 50
57 75 46
57 76 53
57 77 69
57 78 82
57 79 98
57 80 98
57 81 9
57 82 33
57 83 27
57 84 52
57 85 85
57 86 84
57 87 41
57 88 56
57 89 52
58 59 68
58 60 33
58 61 55
58 62 53
58 63 7
58 64 48
58 65 28
58 66 63
58 67 74
58 68 29
58 69 52
58 70 72
58 71 94
58 72 19
58 73 52
58 74 80
58 75 72
58 76 42
58 77 18
58 78 52
58 79 8
58 80 98
58 81 19
58 82 51
58 83 85
58 84 19
58 85 78
58 86 84
58 87 99
58 88 50
58 89 30
59 60 77
59 61 26
59 62 4
59 63 49
59 64 58
59 65 87
59 66 15
59 67 87
59 68 62
59 69 52
59 70 87
59 71 57
59 72 30
59 73 80
59 74 36
59 75 6
59 76 72
59 77 70
59 78 77
59 79 26
59 80 50
59 81 19
59 82 55
59 83 17
59 84 65
59 85 5
59 86 45
59 87 73
59 88 67
59 89 65
60 61 37
60 62 34
60 63 44
60 64 33
60 65 97
60 66 25
60 67 49
60 68 5
60 69 34
60 70 91
60 71 40
60 72 24
60 73 64
60 74 46
60 75 89
60 76 61
60 77 99
60 78 97
60 79 61
60 80 83
60 81 59
60 82 68
60 83 5
60 84 95
60 85 59
60 86 100
60 87 58
60 88 63
60 89 6
61 62 53
61 63 79
61 64 70
61 65 82
61 66 59
61 67 75
61 68 66
61 69 38
61 70 1
61 71 93
61 72 14
61 73 11
61 74 69
61 75 61
61 76 8
61 77 20
61 78 22
61 79 95
61 80 47
61 81 58
61 82 40
61 83 80
61 84 93
61 85 29
61 86 28
61 87 35
61 88 6
61 89 98
62 63 65
62 64 12
62 65 87
62 66 79
62 67 78
62 68 3
62 69 32
62 70 82
62 71 49
62 72 25
62 73 60
62 74 15
62 75 36
62 76 63
62 77 7
62 78 90
62 79 48
62 80 27
62 81 98
62 82 7
62 83 61
62 84 51
62 85 76
62 86 91
62 87 68
62 88 20
62 89 34
63 64 76
63 65 21
63 66 92
63 67 39
63 68 1
63 69 82
63 70 91
63 71 37
63 72 99
63 73 22
63 74 35
63 75 13
63 76 20
63 77 55
63 78 93
63 79 64
63 80 81
63 81 26
63 82 67
63 83 87
63 84 60
63 85 88
63 86 16
63 87 19
63 88 8
63 89 66
64 65 14
64 66 1
64 67 40
64 68 90
64 69 19
64 70 1
64 71 51
64 72 30
64 73 19
64 74 92
64 75 34
64 76 87
64 77 81
64 78 95
64 79 9
64 80 76
64 81 45
64 82 74
64 83 81
64 84 87
64 85 59
64 86 47
64 87 99
64 88 7
64 89 7
65 66 2
65 67 76
65 68 65
65 69 92
65 70 96
65 71 100
65 72 99
65 73 73
65 74 55
65 75 22
65 76 72
65 77 56
65 78 19
65 79 30
65 80 13
65 81 91
65 82 92
65 83 70
65 84 20
65 85 37
65 86 50
65 87 91
65 88 10
65 89 17
66 67 52
66 68 53
66 69 25
66 70 36
66 71 46
66 72 67
66 73 7
66 74 70
66 75 34
66 76 67
66 77 60
66 78 38
66 79 20
66 80 59
66 81 36
66 82 62
66 83 21
66 84 25
66 85 88
66 86 49
66 87 13
66 88 98
66 89 74
67 68 99
67 69 2
67 70 21
67 71 64
67 72 67
67 73 51
67 74 40
67 75 16
67 76 50
67 77 98
67 78 32
67 79 73
67 80 49
67 81 26
67 82 18
67 83 43
67 84 91
67 85 79
67 86 11
67 87 39
67 88 80
67 89 100
68 69 75
68 70 79
68 71 4
68 72 23
68 73 32
68 74 52
68 75 46
68 76 99
68 77 52
68 78 27
68 79 73
68 80 28
68 81 10
68 82 45
68 83 61
68 84 13
68 85 38
68 86 35
68 87 27
68 88 25
68 89 97
69 70 89
69 71 70
69 72 63
69 73 69
69 74 33
69 75 65
69 76 49
69 77 18
69 78 54
69 79 74
69 80 16
69 81 54
69 82 77
69 83 13
69 84 88
69 85 14
69 86 77
69 87 71
69 88 10
69 89 37
70 71 89
70 72 1
70 73 91
70 74 28
70 75 15
70 76 42
70 77 45
70 78 74
70 79 88
70 80 13
70 81 10
70 82 14
70 83 78
70 84 29
70 85 40
70 86 49
70 87 25
70 88 83
70 89 97
71 72 11
71 73 52
71 74 74
71 75 28
71 76 94
71 77 78
71 78 42
71 79 50
71 80 10
71 81 94
71 82 20
71 83 95
71 84 7
71 85 78
71 86 24
71 87 66
71 88 58
71 89 27
72 73 92
72 74 72
72 75 84
72 76 92
72 77 1
72 78 53
72 79 4
72 80 30
72 81 82
72 82 20
72 83 22
72 84 74
72 85 3
72 86 12
72 87 23
72 88 65
72 89 84
73 74 1
73 75 53
73 76 71
73 77 84
73 78 65
73 79 83
73 80 66
73 81 2
73 82 86
73 83 29
73 84 8
73 85 4
73 86 7
73 87 93
73 88 14
73 89 62
74 75 63
74 76 42
74 77 98
74 78 31
74 79 22
74 80 7
74 81 31
74 82 48
74 83 31
74 84 87
74 85 95
74 86 36
74 87 30
74 88 35
74 89 98
75 76 2
75 77 31
75 78 25
75 79 1
75 80 90
75 81 96
75 82 25
75 83 82
75 84 72
75 85 46
75 86 44
75 87 9
75 88 33
75 89 30
76 77 28
76 78 87
76 79 78
76 80 25
76 81 77
76 82 87
76 83 34
76 84 23
76 85 71
76 86 59
76 87 14
76 88 11
76 89 11
77 78 7
77 79 93
77 80 33
77 81 67
77 82 1
77 83 92
77 84 78
77 85 31
77 86 72
77 87 82
77 88 85
77 89 71
78 79 72
78 80 13
78 81 37
78 82 95
78 83 66
78 84 18
78 85 84
78 86 88
78 87 13
78 88 36
78 89 62
79 80 58
79 81 13
79 82 76
79 83 95
79 84 25
79 85 12
79 86 45
79 87 65
79 88 33
79 89 61
80 81 96
80 82 6
80 83 92
80 84 59
80 85 23
80 86 6
80 87 97
80 88 62
80 89 28
81 82 99
81 83 15
81 84 40
81 85 43
81 86 50
81 87 73
81 88 27
81 89 44
82 83 56
82 84 86
82 85 19
82 86 70
82 87 20
82 88 32
82 89 46
83 84 46
83 85 14
83 86 63
83 87 26
83 88 68
83 89 10
84 85 41
84 86 60
84 87 88
84 88 70
84 89 56
85 86 77
85 87 75
85 88 61
85 89 84
86 87 81
86 88 72
86 89 99
87 88 30
87 89 2
88 89 63
