62 1891 61
1 2 82
1 3 28
1 4 95
1 5 22
1 6 82
1 7 55
1 8 53
1 9 31
1 10 87
1 11 28
1 12 68
1 13 2
1 14 58
1 15 85
1 16 53
1 17 27
1 18 72
1 19 94
1 20 75
1 21 63
1 22 98
1 23 24
1 24 89
1 25 98
1 26 83
1 27 11
1 28 47
1 29 41
1 30 20
1 31 28
1 32 28
1 33 12
1 34 61
1 35 6
1 36 6
1 37 8
1 38 69
1 39 92
1 40 18
1 41 67
1 42 93
1 43 98
1 44 75
1 45 73
1 46 3
1 47 41
1 48 34
1 49 89
1 50 87
1 51 100
1 52 87
1 53 8
1 54 98
1 55 25
1 56 58
1 57 35
1 58 32
1 59 41
1 60 65
1 61 20
1 62 12
2 3 19
2 4 4
2 5 62
2 6 35
2 7 5
2 8 35
2 9 25
2 10 51
2 11 82
2 12 89
2 13 46
2 14 63
2 15 15
2 16 5
2 17 54
2 18 60
2 19 91
2 20 96
2 21 14
2 22 45
2 23 55
2 24 44
2 25 47
2 26 69
2 27 89
2 28 16
2 29 51
2 30 48
2 31 96
2 32 67
2 33 79
2 34 63
2 35 54
2 36 16
2 37 52
2 38 27
2 39 53
2 40 58
2 41 77
2 42 2
2 43 7
2 44 47
2 45 49
2 46 52
2 47 67
2 48 29
2 49 86
2 50 10
2 51 97
2 52 76
2 53 40
2 54 17
2 55 33
2 56 31
2 57 93
2 58 66
2 59 95
2 60 27
2 61 84
2 62 38
3 4 16
3 5 94
3 6 11
3 7 30
3 8 34
3 9 74
3 10 2
3 11 80
3 12 45
3 13 97
3 14 24
3 15 4
3 16 13
3 17 30
3 18 5
3 19 88
3 20 62
3 21 7
3 22 44
3 23 83
3 24 86
3 25 45
3 26 19
3 27 51
3 28 46
3 29 5
3 30 34
3 31 24
3 32 18
3 33 58
3 34 10
3 35 47
3 36 28
3 37 27
3 38 74
3 39 59
3 40 5
3 41 62
3 42 4
3 43 29
3 44 65
3 45 30
3 46 32
3 47 98
3 48 48
3 49 13
3 50 58
3 51 54
3 52 47
3 53 92
3 54 79
3 55 4
3 56 52
3 57 25
3 58 77
3 59 47
3 60 67
3 61 88
3 62 2
4 5 84
4 6 92
4 7 77
4 8 73
4 9 59
4 10 20
4 11 42
4 12 43
4 13 28
4 14 54
4 15 37
4 16 32
4 17 47
4 18 11
4 19 35
4 20 42
4 21 39
4 22 44
4 23 25
4 24 10
4 25 85
4 26 25
4 27 77
4 28 70
4 29 47
4 30 95
4 31 16
4 32 95
4 33 62
4 34 26
4 35 40
4 36 34
4 37 76
4 38 30
4 39 32
4 40 22
4 41 94
4 42 82
4 43 53
4 44 82
4 45 75
4 46 92
4 47 62
4 48 28
4 49 85
4 50 53
4 51 72
4 52 6
4 53 27
4 54 42
4 55 97
4 56 97
4 57 37
4 58 3
4 59 38
4 60 4
4 61 51
4 62 59
5 6 77
5 7 88
5 8 70
5 9 63
5 10 76
5 11 69
5 12 41
5 13 52
5 14 16
5 15 5
5 16 89
5 17 9
5 18 10
5 19 24
5 20 93
5 21 35
5 22 29
5 23 36
5 24 33
5 25 52
5 26 90
5 27 78
5 28 7
5 29 12
5 30 52
5 31 86
5 32 11
5 33 62
5 34 79
5 35 56
5 36 20
5 37 75
5 38 49
5 39 33
5 40 84
5 41 19
5 42 30
5 43 47
5 44 64
5 45 73
5 46 11
5 47 26
5 48 59
5 49 67
5 50 30
5 51 1
5 52 17
5 53 41
5 54 70
5 55 90
5 56 91
5 57 61
5 58 9
5 59 98
5 60 68
5 61 46
5 62 71
6 7 13
6 8 13
6 9 1
6 10 15
6 11 67
6 12 40
6 13 97
6 14 97
6 15 25
6 16 21
6 17 59
6 18 25
6 19 51
6 20 68
6 21 32
6 22 47
6 23 90
6 24 48
6 25 67
6 26 77
6 27 93
6 28 47
6 29 84
6 30 23
6 31 82
6 32 10
6 33 73
6 34 78
6 35 92
6 36 39
6 37 88
6 38 16
6 39 70
6 40 25
6 41 48
6 42 79
6 43 2
6 44 59
6 45 73
6 46 3
6 47 34
6 48 89
6 49 100
6 50 97
6 51 42
6 52 12
6 53 21
6 54 84
6 55 17
6 56 28
6 57 92
6 58 48
6 59 64
6 60 71
6 61 87
6 62 70
7 8 55
7 9 45
7 10 59
7 11 98
7 12 32
7 13 12
7 14 57
7 15 18
7 16 64
7 17 56
7 18 84
7 19 4
7 20 83
7 21 46
7 22 75
7 23 47
7 24 46
7 25 99
7 26 70
7 27 78
7 28 49
7 29 54
7 30 36
7 31 13
7 32 46
7 33 12
7 34 69
7 35 21
7 36 73
7 37 31
7 38 63
7 39 49
7 40 53
7 41 62
7 42 24
7 43 33
7 44 96
7 45 3
7 46 37
7 47 19
7 48 29
7 49 14
7 50 82
7 51 71
7 52 74
7 53 62
7 54 32
7 55 70
7 56 97
7 57 35
7 58 89
7 59 64
7 60 53
7 61 3
7 62 22
8 9 17
8 10 94
8 11 65
8 12 42
8 13 63
8 14 69
8 15 3
8 16 43
8 17 90
8 18 56
8 19 35
8 20 72
8 21 13
8 22 1
8 23 30
8 24 19
8 25 8
8 26 73
8 27 16
8 28 98
8 29 28
8 30 86
8 31 54
8 32 88
8 33 79
8 34 12
8 35 51
8 36 18
8 37 96
8 38 29
8 39 41
8 40 78
8 41 99
8 42 44
8 43 30
8 44 83
8 45 1
8 46 86
8 47 83
8 48 75
8 49 61
8 50 94
8 51 17
8 52 99
8 53 79
8 54 56
8 55 78
8 56 100
8 57 22
8 58 45
8 59 3
8 60 64
8 61 86
8 62 3
9 10 77
9 11 74
9 12 13
9 13 18
9 14 52
9 15 9
9 16 19
9 17 16
9 18 36
9 19 91
9 20 67
9 21 64
9 22 72
9 23 37
9 24 29
9 25 47
9 26 86
9 27 7
9 28 13
9 29 73
9 30 95
9 31 78
9 32 19
9 33 99
9 34 52
9 35 27
9 36 35
9 37 94
9 38 10
9 39 37
9 40 11
9 41 72
9 42 40
9 43 38
9 44 21
9 45 40
9 46 66
9 47 93
9 48 52
9 49 13
9 50 1
9 51 49
9 52 60
9 53 46
9 54 43
9 55 34
9 56 7
9 57 5
9 58 57
9 59 59
9 60 95
9 61 75
9 62 69
10 11 73
10 12 36
10 13 69
10 14 48
10 15 15
10 16 98
10 17 56
10 18 20
10 19 48
10 20 91
10 21 91
10 22 37
10 23 77
10 24 63
10 25 82
10 26 11
10 27 76
10 28 69
10 29 3
10 30 4
10 31 83
10 32 98
10 33 88
10 34 13
10 35 68
10 36 9
10 37 19
10 38 92
10 39 48
10 40 78
10 41 83
10 42 69
10 43 3
10 44 13
10 45 43
10 46 37
10 47 45
10 48 74
10 49 8
10 50 95
10 51 29
10 52 22
10 53 30
10 54 88
10 55 88
10 56 1
10 57 79
10 58 22
10 59 48
10 60 10
10 61 50
10 62 89
11 12 91
11 13 54
11 14 21
11 15 19
11 16 68
11 17 96
11 18 77
11 19 52
11 20 13
11 21 35
11 22 82
11 23 96
11 24 45
11 25 91
11 26 41
11 27 22
11 28 29
11 29 12
11 30 90
11 31 86
11 32 90
11 33 67
11 34 52
11 35 26
11 36 84
11 37 32
11 38 44
11 39 3
11 40 80
11 41 71
11 42 68
11 43 12
11 44 24
11 45 59
11 46 55
11 47 66
11 48 14
11 49 93
11 50 20
11 51 65
11 52 38
11 53 89
11 54 36
11 55 69
11 56 82
11 57 94
11 58 42
11 59 74
11 60 82
11 61 88
11 62 31
12 13 23
12 14 49
12 15 52
12 16 1
12 17 86
12 18 66
12 19 40
12 20 67
12 21 22
12 22 85
12 23 69
12 24 33
12 25 30
12 26 94
12 27 84
12 28 36
12 29 12
12 30 12
12 31 90
12 32 7
12 33 54
12 34 77
12 35 7
12 36 43
12 37 21
12 38 70
12 39 49
12 40 55
12 41 47
12 42 87
12 43 33
12 44 97
12 45 8
12 46 29
12 47 47
12 48 20
12 49 48
12 50 86
12 51 35
12 52 67
12 53 5
12 54 60
12 55 60
12 56 71
12 57 87
12 58 99
12 59 30
12 60 98
12 61 65
12 62 75
13 14 32
13 15 34
13 16 48
13 17 49
13 18 24
13 19 17
13 20 70
13 21 98
13 22 64
13 23 92
13 24 65
13 25 83
13 26 13
13 27 86
13 28 45
13 29 91
13 30 3
13 31 29
13 32 19
13 33 90
13 34 46
13 35 16
13 36 50
13 37 27
13 38 79
13 39 83
13 40 86
13 41 21
13 42 84
13 43 9
13 44 87
13 45 20
13 46 24
13 47 33
13 48 48
13 49 57
13 50 38
13 51 62
13 52 5
13 53 39
13 54 87
13 55 16
13 56 67
13 57 84
13 58 7
13 59 47
13 60 10
13 61 19
13 62 75
14 15 33
14 16 75
14 17 84
14 18 41
14 19 44
14 20 58
14 21 83
14 22 86
14 23 35
14 24 72
14 25 35
14 26 11
14 27 51
14 28 58
14 29 41
14 30 28
14 31 9
14 32 26
14 33 76
14 34 52
14 35 28
14 36 59
14 37 11
14 38 90
14 39 55
14 40 41
14 41 91
14 42 32
14 43 2
14 44 2
14 45 81
14 46 21
14 47 60
14 48 17
14 49 71
14 50 22
14 51 72
14 52 51
14 53 88
14 54 83
14 55 60
14 56 34
14 57 67
14 58 7
14 59 20
14 60 85
14 61 89
14 62 21
15 16 86
15 17 53
15 18 65
15 19 33
15 20 59
15 21 41
15 22 8
15 23 75
15 24 60
15 25 14
15 26 73
15 27 58
15 28 43
15 29 91
15 30 81
15 31 26
15 32 41
15 33 37
15 34 16
15 35 60
15 36 90
15 37 94
15 38 79
15 39 19
15 40 27
15 41 79
15 42 12
15 43 3
15 44 23
15 45 43
15 46 97
15 47 69
15 48 62
15 49 24
15 50 79
15 51 8
15 52 15
15 53 30
15 54 66
15 55 82
15 56 79
15 57 25
15 58 46
15 59 11
15 60 19
15 61 62
15 62 92
16 17 36
16 18 44
16 19 3
16 20 5
16 21 11
16 22 9
16 23 77
16 24 72
16 25 51
16 26 97
16 27 76
16 28 28
16 29 60
16 30 84
16 31 2
16 32 57
16 33 49
16 34 32
16 35 88
16 36 22
16 37 97
16 38 25
16 39 27
16 40 38
16 41 33
16 42 81
16 43 35
16 44 23
16 45 16
16 46 44
16 47 63
16 48 98
16 49 82
16 50 78
16 51 44
16 52 77
16 53 18
16 54 24
16 55 61
16 56 29
16 57 23
16 58 59
16 59 11
16 60 28
16 61 4
16 62 98
17 18 8
17 19 70
17 20 6
17 21 68
17 22 15
17 23 7
17 24 40
17 25 77
17 26 36
17 27 100
17 28 9
17 29 7
17 30 28
17 31 16
17 32 91
17 33 68
17 34 48
17 35 38
17 36 71
17 37 54
17 38 15
17 39 68
17 40 27
17 41 8
17 42 20
17 43 41
17 44 39
17 45 25
17 46 93
17 47 48
17 48 78
17 49 64
17 50 65
17 51 24
17 52 77
17 53 3
17 54 15
17 55 93
17 56 96
17 57 21
17 58 68
17 59 52
17 60 42
17 61 61
17 62 73
18 19 7
18 20 49
18 21 24
18 22 48
18 23 34
18 24 7
18 25 89
18 26 65
18 27 3
18 28 48
18 29 18
18 30 6
18 31 6
18 32 51
18 33 90
18 34 49
18 35 63
18 36 6
18 37 31
18 38 15
18 39 26
18 40 65
18 41 37
18 42 21
18 43 35
18 44 33
18 45 93
18 46 43
18 47 8
18 48 53
18 49 65
18 50 36
18 51 3
18 52 44
18 53 4
18 54 34
18 55 89
18 56 87
18 57 90
18 58 70
18 59 76
18 60 10
18 61 30
18 62 16
19 20 28
19 21 30
19 22 11
19 23 18
19 24 10
19 25 44
19 26 41
19 27 73
19 28 18
19 29 49
19 30 69
19 31 65
19 32 25
19 33 20
19 34 84
19 35 34
19 36 8
19 37 15
19 38 94
19 39 65
19 40 28
19 41 93
19 42 15
19 43 25
19 44 36
19 45 83
19 46 39
19 47 64
19 48 98
19 49 41
19 50 41
19 51 42
19 52 71
19 53 48
19 54 51
19 55 51
19 56 19
19 57 69
19 58 69
19 59 4
19 60 62
19 61 19
19 62 83
20 21 51
20 22 68
20 23 69
20 24 85
20 25 28
20 26 89
20 27 10
20 28 13
20 29 43
20 30 12
20 31 14
20 32 37
20 33 51
20 34 19
20 35 33
20 36 53
20 37 27
20 38 17
20 39 57
20 40 75
20 41 94
20 42 100
20 43 72
20 44 94
20 45 26
20 46 10
20 47 59
20 48 46
20 49 87
20 50 83
20 51 90
20 52 90
20 53 89
20 54 18
20 55 9
20 56 25
20 57 78
20 58 15
20 59 87
20 60 75
20 61 27
20 62 24
21 22 65
21 23 84
21 24 6
21 25 80
21 26 82
21 27 93
21 28 71
21 29 47
21 30 25
21 31 55
21 32 6
21 33 80
21 34 98
21 35 17
21 36 68
21 37 60
21 38 11
21 39 34
21 40 98
21 41 16
21 42 81
21 43 62
21 44 32
21 45 7
21 46 42
21 47 37
21 48 3
21 49 55
21 50 76
21 51 47
21 52 9
21 53 90
21 54 48
21 55 97
21 56 42
21 57 69
21 58 27
21 59 84
21 60 69
21 61 91
21 62 18
22 23 89
22 24 62
22 25 84
22 26 100
22 27 69
22 28 80
22 29 46
22 30 35
22 31 30
22 32 42
22 33 13
22 34 6
22 35 8
22 36 60
22 37 82
22 38 5
22 39 73
22 40 76
22 41 86
22 42 62
22 43 33
22 44 51
22 45 65
22 46 23
22 47 97
22 48 26
22 49 88
22 50 95
22 51 100
22 52 73
22 53 76
22 54 77
22 55 88
22 56 69
22 57 27
22 58 3
22 59 62
22 60 50
22 61 46
22 62 57
23 24 25
23 25 62
23 26 12
23 27 43
23 28 32
23 29 79
23 30 17
23 31 74
23 32 13
23 33 87
23 34 30
23 35 37
23 36 54
23 37 72
23 38 58
23 39 1
23 40 14
23 41 8
23 42 36
23 43 50
23 44 54
23 45 86
23 46 85
23 47 2
23 48 72
23 49 50
23 50 49
23 51 72
23 52 19
23 53 95
23 54 17
23 55 99
23 56 2
23 57 98
23 58 5
23 59 2
23 60 31
23 61 38
23 62 16
24 25 94
24 26 91
24 27 48
24 28 53
24 29 52
24 30 48
24 31 33
24 32 50
24 33 53
24 34 50
24 35 1
24 36 25
24 37 68
24 38 12
24 39 6
24 40 44
24 41 17
24 42 100
24 43 56
24 44 73
24 45 13
24 46 40
24 47 98
24 48 45
24 49 28
24 50 66
24 51 32
24 52 55
24 53 68
24 54 87
24 55 50
24 56 95
24 57 78
24 58 91
24 59 12
24 60 96
24 61 59
24 62 41
25 26 4
25 27 13
25 28 11
25 29 58
25 30 96
25 31 97
25 32 56
25 33 35
25 34 41
25 35 36
25 36 54
25 37 74
25 38 3
25 39 48
25 40 16
25 41 7
25 42 1
25 43 45
25 44 29
25 45 94
25 46 29
25 47 46
25 48 18
25 49 53
25 50 2
25 51 57
25 52 50
25 53 22
25 54 6
25 55 20
25 56 3
25 57 14
25 58 67
25 59 40
25 60 59
25 61 53
25 62 71
26 27 15
26 28 84
26 29 74
26 30 69
26 31 8
26 32 15
26 33 25
26 34 11
26 35 46
26 36 79
26 37 23
26 38 51
26 39 77
26 40 56
26 41 8
26 42 20
26 43 4
26 44 72
26 45 73
26 46 54
26 47 76
26 48 85
26 49 91
26 50 41
26 51 80
26 52 56
26 53 31
26 54 46
26 55 51
26 56 86
26 57 75
26 58 45
26 59 61
26 60 23
26 61 83
26 62 76
27 28 40
27 29 22
27 30 42
27 31 58
27 32 96
27 33 74
27 34 41
27 35 95
27 36 64
27 37 99
27 38 95
27 39 65
27 40 33
27 41 7
27 42 92
27 43 73
27 44 76
27 45 56
27 46 79
27 47 10
27 48 87
27 49 65
27 50 81
27 51 85
27 52 58
27 53 36
27 54 84
27 55 70
27 56 16
27 57 69
27 58 77
27 59 86
27 60 24
27 61 16
27 62 73
28 29 92
28 30 50
28 31 24
28 32 71
28 33 23
28 34 51
28 35 45
28 36 87
28 37 78
28 38 56
28 39 99
28 40 3
28 41 73
28 42 97
28 43 38
28 44 16
28 45 15
28 46 49
28 47 29
28 48 71
28 49 56
28 50 39
28 51 12
28 52 19
28 53 4
28 54 93
28 55 100
28 56 23
28 57 49
28 58 57
28 59 79
28 60 54
28 61 88
28 62 40
29 30 97
29 31 58
29 32 43
29 33 23
29 34 27
29 35 3
29 36 44
29 37 76
29 38 54
29 39 97
29 40 42
29 41 91
29 42 18
29 43 85
29 44 60
29 45 1
29 46 46
29 47 45
29 48 39
29 49 10
29 50 21
29 51 76
29 52 95
29 53 17
29 54 38
29 55 20
29 56 93
29 57 16
29 58 35
29 59 77
29 60 89
29 61 90
29 62 55
30 31 46
30 32 85
30 33 37
30 34 59
30 35 91
30 36 80
30 37 51
30 38 4
30 39 89
30 40 22
30 41 54
30 42 85
30 43 38
30 44 27
30 45 83
30 46 81
30 47 90
30 48 62
30 49 72
30 50 71
30 51 71
30 52 13
30 53 9
30 54 71
30 55 84
30 56 29
30 57 52
30 58 76
30 59 53
30 60 70
30 61 28
30 62 30
31 32 24
31 33 73
31 34 39
31 35 20
31 36 14
31 37 34
31 38 18
31 39 28
31 40 57
31 41 48
31 42 27
31 43 38
31 44 23
31 45 52
31 46 59
31 47 93
31 48 52
31 49 14
31 50 71
31 51 75
31 52 49
31 53 9
31 54 19
31 55 67
31 56 73
31 57 60
31 58 50
31 59 13
31 60 8
31 61 1
31 62 25
32 33 48
32 34 26
32 35 39
32 36 45
32 37 91
32 38 55
32 39 80
32 40 6
32 41 35
32 42 99
32 43 6
32 44 53
32 45 1
32 46 66
32 47 74
32 48 85
32 49 15
32 50 42
32 51 78
32 52 83
32 53 22
32 54 58
32 55 45
32 56 28
32 57 97
32 58 25
32 59 97
32 60 20
32 61 70
32 62 85
33 34 21
33 35 7
33 36 41
33 37 53
33 38 54
33 39 27
33 40 88
33 41 43
33 42 17
33 43 91
33 44 10
33 45 55
33 46 88
33 47 58
33 48 91
33 49 7
33 50 38
33 51 10
33 52 27
33 53 81
33 54 77
33 55 76
33 56 68
33 57 38
33 58 34
33 59 82
33 60 39
33 61 5
33 62 13
34 35 83
34 36 51
34 37 56
34 38 2
34 39 10
34 40 5
34 41 49
34 42 89
34 43 48
34 44 42
34 45 4
34 46 7
34 47 40
34 48 65
34 49 15
34 50 64
34 51 74
34 52 93
34 53 12
34 54 77
34 55 20
34 56 22
34 57 70
34 58 15
34 59 96
34 60 6
34 61 83
34 62 32
35 36 25
35 37 48
35 38 93
35 39 6
35 40 62
35 41 10
35 42 77
35 43 15
35 44 53
35 45 31
35 46 27
35 47 2
35 48 97
35 49 63
35 50 57
35 51 29
35 52 41
35 53 89
35 54 22
35 55 84
35 56 77
35 57 7
35 58 98
35 59 42
35 60 24
35 61 13
35 62 24
36 37 44
36 38 16
36 39 6
36 40 65
36 41 54
36 42 1
36 43 21
36 44 90
36 45 41
36 46 28
36 47 7
36 48 2
36 49 18
36 50 46
36 51 29
36 52 98
36 53 15
36 54 82
36 55 94
36 56 58
36 57 74
36 58 82
36 59 53
36 60 51
36 61 29
36 62 52
37 38 52
37 39 80
37 40 88
37 41 7
37 42 86
37 43 48
37 44 37
37 45 72
37 46 69
37 47 78
37 48 69
37 49 54
37 50 36
37 51 11
37 52 89
37 53 68
37 54 88
37 55 28
37 56 26
37 57 91
37 58 24
37 59 13
37 60 88
37 61 57
37 62 26
38 39 44
38 40 56
38 41 93
38 42 51
38 43 28
38 44 95
38 45 49
38 46 6
38 47 40
38 48 63
38 49 39
38 50 34
38 51 22
38 52 87
38 53 89
38 54 76
38 55 78
38 56 50
38 57 88
38 58 19
38 59 5
38 60 97
38 61 47
38 62 51
39 40 2
39 41 14
39 42 3
39 43 81
39 44 9
39 45 75
39 46 99
39 47 58
39 48 82
39 49 36
39 50 5
39 51 91
39 52 88
39 53 23
39 54 58
39 55 70
39 56 2
39 57 48
39 58 89
39 59 5
39 60 16
39 61 97
39 62 39
40 41 78
40 42 47
40 43 56
40 44 9
40 45 87
40 46 41
40 47 83
40 48 21
40 49 84
40 50 42
40 51 6
40 52 16
40 53 61
40 54 14
40 55 47
40 56 9
40 57 95
40 58 19
40 59 62
40 60 35
40 61 67
40 62 63
41 42 52
41 43 2
41 44 37
41 45 56
41 46 18
41 47 28
41 48 83
41 49 29
41 50 79
41 51 38
41 52 22
41 53 61
41 54 6
41 55 32
41 56 16
41 57 35
41 58 90
41 59 40
41 60 61
41 61 95
41 62 77
42 43 39
42 44 84
42 45 63
42 46 36
42 47 39
42 48 14
42 49 30
42 50 60
42 51 59
42 52 54
42 53 39
42 54 45
42 55 90
42 56 9
42 57 28
42 58 33
42 59 41
42 60 87
42 61 62
42 62 85
43 44 94
43 45 13
43 46 41
43 47 2
43 48 76
43 49 53
43 50 59
43 51 38
43 52 57
43 53 97
43 54 84
43 55 10
43 56 23
43 57 92
43 58 37
43 59 73
43 60 38
43 61 52
43 62 73
44 45 19
44 46 54
44 47 80
44 48 71
44 49 55
44 50 18
44 51 31
44 52 90
44 53 35
44 54 86
44 55 91
44 56 33
44 57 65
44 58 33
44 59 41
44 60 92
44 61 14
44 62 67
45 46 54
45 47 34
45 48 40
45 49 1
45 50 34
45 51 6
45 52 96
45 53 80
45 54 81
45 55 66
45 56 75
45 57 31
45 58 28
45 59 6
45 60 32
45 61 26
45 62 100
46 47 94
46 48 7
46 49 30
46 50 66
46 51 90
46 52 10
46 53 66
46 54 66
46 55 15
46 56 43
46 57 49
46 58 36
46 59 81
46 60 25
46 61 86
46 62 51
47 48 62
47 49 10
47 50 40
47 51 76
47 52 47
47 53 79
47 54 37
47 55 57
47 56 59
47 57 57
47 58 3
47 59 1
47 60 10
47 61 88
47 62 52
48 49 95
48 50 67
48 51 74
48 52 80
48 53 3
48 54 47
48 55 68
48 56 88
48 57 19
48 58 24
48 59 77
48 60 5
48 61 74
48 62 10
49 50 60
49 51 18
49 52 9
49 53 4
49 54 19
49 55 29
49 56 73
49 57 50
49 58 60
49 59 73
49 60 32
49 61 33
49 62 76
50 51 79
50 52 6
50 53 1
50 54 90
50 55 30
50 56 20
50 57 56
50 58 77
50 59 43
50 60 64
50 61 59
50 62 34
51 52 31
51 53 8
51 54 51
51 55 88
51 56 26
51 57 89
51 58 58
51 59 68
51 60 8
51 61 13
51 62 95
52 53 81
52 54 90
52 55 38
52 56 22
52 57 64
52 58 25
52 59 88
52 60 54
52 61 56
52 62 66
53 54 57
53 55 11
53 56 76
53 57 18
53 58 57
53 59 31
53 60 52
53 61 40
53 62 72
54 55 31
54 56 10
54 57 93
54 58 55
54 59 32
54 60 52
54 61 34
54 62 26
55 56 2
55 57 66
55 58 72
55 59 86
55 60 98
55 61 83
55 62 13
56 57 100
56 58 69
56 59 39
56 60 60
56 61 52
56 62 83
57 58 55
57 59 25
57 60 41
57 61 62
57 62 55
58 59 20
58 60 64
58 61 74
58 62 93
59 60 30
59 61 70
59 62 24
60 61 96
60 62 96
61 62 43
