106 5565 105
1 2 37
1 3 35
1 4 64
1 5 15
1 6 77
1 7 62
1 8 54
1 9 78
1 10 96
1 11 97
1 12 9
1 13 12
1 14 7
1 15 82
1 16 8
1 17 45
1 18 84
1 19 20
1 20 37
1 21 60
1 22 74
1 23 60
1 24 43
1 25 44
1 26 40
1 27 9
1 28 5
1 29 30
1 30 41
1 31 99
1 32 67
1 33 61
1 34 62
1 35 92
1 36 47
1 37 30
1 38 93
1 39 73
1 40 43
1 41 23
1 42 61
1 43 73
1 44 48
1 45 9
1 46 83
1 47 4
1 48 7
1 49 60
1 50 39
1 51 65
1 52 4
1 53 66
1 54 1
1 55 9
1 56 82
1 57 39
1 58 95
1 59 4
1 60 91
1 61 89
1 62 58
1 63 25
1 64 63
1 65 6
1 66 87
1 67 23
1 68 4
1 69 67
1 70 36
1 71 49
1 72 60
1 73 97
1 74 99
1 75 79
1 76 21
1 77 19
1 78 40
1 79 10
1 80 14
1 81 54
1 82 76
1 83 37
1 84 24
1 85 4
1 86 23
1 87 86
1 88 3
1 89 10
1 90 75
1 91 66
1 92 22
1 93 71
1 94 8
1 95 77
1 96 60
1 97 97
1 98 28
1 99 48
1 100 92
1 101 52
1 102 36
1 103 18
1 104 37
1 105 49
1 106 81
2 3 95
2 4 21
2 5 90
2 6 98
2 7 71
2 8 76
2 9 61
2 10 31
2 11 3
2 12 5
2 13 51
2 14 57
2 15 57
2 16 8
2 17 68
2 18 53
2 19 98
2 20 38
2 21 99
2 22 70
2 23 8
2 24 92
2 25 32
2 26 68
2 27 59
2 28 94
2 29 2
2 30 86
2 31 95
2 32 41
2 33 7
2 34 96
2 35 58
2 36 13
2 37 30
2 38 78
2 39 67
2 40 32
2 41 73
2 42 36
2 43 12
2 44 24
2 45 4
2 46 74
2 47 30
2 48 82
2 49 36
2 50 74
2 51 93
2 52 7
2 53 80
2 54 10
2 55 67
2 56 6
2 57 25
2 58 25
2 59 10
2 60 77
2 61 84
2 62 16
2 63 100
2 64 46
2 65 97
2 66 13
2 67 12
2 68 31
2 69 96
2 70 11
2 71 26
2 72 8
2 73 30
2 74 59
2 75 6
2 76 58
2 77 69
2 78 100
2 79 78
2 80 82
2 81 99
2 82 32
2 83 61
2 84 89
2 85 44
2 86 39
2 87 86
2 88 30
2 89 6
2 90 39
2 91 98
2 92 40
2 93 39
2 94 2
2 95 41
2 96 32
2 97 16
2 98 3
2 99 73
2 100 15
2 101 50
2 102 88
2 103 33
2 104 89
2 105 94
2 106 75
3 4 2
3 5 70
3 6 67
3 7 73
3 8 29
3 9 4
3 10 53
3 11 14
3 12 95
3 13 69
3 14 10
3 15 36
3 16 7
3 17 85
3 18 58
3 19 87
3 20 75
3 21 61
3 22 71
3 23 13
3 24 30
3 25 34
3 26 81
3 27 87
3 28 42
3 29 57
3 30 89
3 31 61
3 32 22
3 33 71
3 34 30
3 35 87
3 36 30
3 37 34
3 38 15
3 39 82
3 40 50
3 41 96
3 42 100
3 43 100
3 44 80
3 45 35
3 46 40
3 47 32
3 48 13
3 49 47
3 50 67
3 51 34
3 52 97
3 53 60
3 54 89
3 55 88
3 56 80
3 57 26
3 58 24
3 59 68
3 60 32
3 61 13
3 62 23
3 63 31
3 64 90
3 65 80
3 66 38
3 67 40
3 68 5
3 69 41
3 70 86
3 71 81
3 72 19
3 73 20
3 74 47
3 75 61
3 76 97
3 77 72
3 78 76
3 79 83
3 80 74
3 81 32
3 82 94
3 83 76
3 84 94
3 85 46
3 86 31
3 87 27
3 88 45
3 89 56
3 90 63
3 91 88
3 92 3
3 93 58
3 94 13
3 95 58
3 96 91
3 97 47
3 98 87
3 99 54
3 100 56
3 101 46
3 102 94
3 103 9
3 104 4
3 105 16
3 106 91
4 5 40
4 6 69
4 7 47
4 8 95
4 9 22
4 10 38
4 11 26
4 12 6
4 13 100
4 14 30
4 15 21
4 16 7
4 17 89
4 18 71
4 19 31
4 20 24
4 21 69
4 22 86
4 23 64
4 24 49
4 25 51
4 26 52
4 27 12
4 28 21
4 29 97
4 30 80
4 31 60
4 32 42
4 33 50
4 34 76
4 35 16
4 36 99
4 37 19
4 38 90
4 39 54
4 40 35
4 41 27
4 42 77
4 43 23
4 44 6
4 45 73
4 46 37
4 47 8
4 48 1
4 49 42
4 50 86
4 51 5
4 52 77
4 53 60
4 54 2
4 55 85
4 56 32
4 57 54
4 58 18
4 59 84
4 60 30
4 61 7
4 62 31
4 63 93
4 64 14
4 65 26
4 66 29
4 67 27
4 68 86
4 69 34
4 70 42
4 71 3
4 72 1
4 73 73
4 74 61
4 75 85
4 76 15
4 77 33
4 78 77
4 79 12
4 80 84
4 81 25
4 82 98
4 83 82
4 84 27
4 85 58
4 86 79
4 87 70
4 88 41
4 89 87
4 90 55
4 91 47
4 92 80
4 93 34
4 94 68
4 95 100
4 96 91
4 97 31
4 98 59
4 99 29
4 100 97
4 101 17
4 102 31
4 103 75
4 104 6
4 105 39
4 106 27
5 6 11
5 7 66
5 8 18
5 9 61
5 10 58
5 11 2
5 12 22
5 13 52
5 14 90
5 15 20
5 16 75
5 17 87
5 18 8
5 19 60
5 20 67
5 21 4
5 22 32
5 23 93
5 24 18
5 25 9
5 26 30
5 27 97
5 28 8
5 29 53
5 30 100
5 31 18
5 32 56
5 33 20
5 34 62
5 35 57
5 36 17
5 37 22
5 38 51
5 39 89
5 40 22
5 41 12
5 42 2
5 43 17
5 44 85
5 45 84
5 46 87
5 47 70
5 48 26
5 49 25
5 50 20
5 51 37
5 52 89
5 53 7
5 54 6
5 55 16
5 56 19
5 57 57
5 58 51
5 59 91
5 60 32
5 61 6
5 62 3
5 63 53
5 64 98
5 65 89
5 66 50
5 67 50
5 68 23
5 69 2
5 70 57
5 71 59
5 72 19
5 73 23
5 74 1
5 75 41
5 76 90
5 77 5
5 78 69
5 79 98
5 80 26
5 81 6
5 82 85
5 83 78
5 84 72
5 85 91
5 86 36
5 87 86
5 88 54
5 89 50
5 90 44
5 91 89
5 92 100
5 93 36
5 94 12
5 95 99
5 96 14
5 97 79
5 98 59
5 99 2
5 100 79
5 101 87
5 102 72
5 103 60
5 104 85
5 105 71
5 106 27
6 7 7
6 8 42
6 9 35
6 10 14
6 11 45
6 12 16
6 13 29
6 14 58
6 15 71
6 16 59
6 17 55
6 18 37
6 19 51
6 20 28
6 21 19
6 22 25
6 23 25
6 24 70
6 25 66
6 26 36
6 27 40
6 28 21
6 29 55
6 30 88
6 31 45
6 32 27
6 33 45
6 34 97
6 35 70
6 36 5
6 37 80
6 38 59
6 39 82
6 40 5
6 41 87
6 42 37
6 43 61
6 44 19
6 45 61
6 46 84
6 47 94
6 48 19
6 49 5
6 50 26
6 51 23
6 52 69
6 53 27
6 54 44
6 55 72
6 56 34
6 57 95
6 58 1
6 59 84
6 60 7
6 61 95
6 62 86
6 63 72
6 64 89
6 65 91
6 66 62
6 67 77
6 68 37
6 69 19
6 70 1
6 71 50
6 72 59
6 73 52
6 74 17
6 75 95
6 76 11
6 77 32
6 78 64
6 79 79
6 80 27
6 81 48
6 82 41
6 83 99
6 84 47
6 85 27
6 86 81
6 87 52
6 88 58
6 89 95
6 90 47
6 91 39
6 92 98
6 93 22
6 94 47
6 95 79
6 96 50
6 97 58
6 98 42
6 99 95
6 100 24
6 101 22
6 102 48
6 103 12
6 104 12
6 105 20
6 106 38
7 8 50
7 9 45
7 10 61
7 11 38
7 12 68
7 13 13
7 14 52
7 15 39
7 16 74
7 17 32
7 18 97
7 19 8
7 20 17
7 21 56
7 22 48
7 23 11
7 24 15
7 25 18
7 26 47
7 27 44
7 28 8
7 29 99
7 30 98
7 31 16
7 32 56
7 33 2
7 34 64
7 35 11
7 36 33
7 37 60
7 38 58
7 39 32
7 40 4
7 41 37
7 42 40
7 43 17
7 44 72
7 45 15
7 46 35
7 47 23
7 48 70
7 49 20
7 50 8
7 51 71
7 52 82
7 53 70
7 54 46
7 55 58
7 56 83
7 57 57
7 58 15
7 59 63
7 60 74
7 61 42
7 62 79
7 63 99
7 64 19
7 65 39
7 66 70
7 67 20
7 68 100
7 69 52
7 70 78
7 71 5
7 72 65
7 73 7
7 74 7
7 75 45
7 76 25
7 77 53
7 78 36
7 79 16
7 80 29
7 81 22
7 82 25
7 83 90
7 84 75
7 85 54
7 86 8
7 87 15
7 88 37
7 89 77
7 90 60
7 91 43
7 92 39
7 93 66
7 94 14
7 95 55
7 96 55
7 97 61
7 98 3
7 99 69
7 100 73
7 101 97
7 102 77
7 103 14
7 104 89
7 105 82
7 106 70
8 9 78
8 10 93
8 11 69
8 12 12
8 13 18
8 14 59
8 15 4
8 16 4
8 17 95
8 18 74
8 19 75
8 20 82
8 21 22
8 22 25
8 23 19
8 24 51
8 25 48
8 26 76
8 27 74
8 28 46
8 29 12
8 30 61
8 31 12
8 32 79
8 33 24
8 34 69
8 35 19
8 36 93
8 37 60
8 38 17
8 39 9
8 40 61
8 41 54
8 42 66
8 43 62
8 44 38
8 45 74
8 46 48
8 47 74
8 48 12
8 49 91
8 50 51
8 51 88
8 52 50
8 53 31
8 54 15
8 55 62
8 56 50
8 57 26
8 58 57
8 59 19
8 60 54
8 61 22
8 62 28
8 63 56
8 64 69
8 65 19
8 66 70
8 67 80
8 68 17
8 69 24
8 70 36
8 71 42
8 72 7
8 73 55
8 74 9
8 75 97
8 76 78
8 77 87
8 78 28
8 79 28
8 80 100
8 81 63
8 82 81
8 83 67
8 84 67
8 85 75
8 86 47
8 87 99
8 88 8
8 89 5
8 90 99
8 91 47
8 92 74
8 93 58
8 94 13
8 95 35
8 96 45
8 97 91
8 98 83
8 99 11
8 100 5
8 101 28
8 102 29
8 103 77
8 104 53
8 105 82
8 106 13
9 10 72
9 11 61
9 12 42
9 13 65
9 14 10
9 15 68
9 16 15
9 17 12
9 18 94
9 19 95
9 20 69
9 21 60
9 22 70
9 23 77
9 24 85
9 25 52
9 26 96
9 27 30
9 28 5
9 29 74
9 30 74
9 31 26
9 32 11
9 33 86
9 34 59
9 35 8
9 36 26
9 37 100
9 38 78
9 39 95
9 40 39
9 41 61
9 42 94
9 43 97
9 44 17
9 45 30
9 46 9
9 47 48
9 48 99
9 49 3
9 50 43
9 51 76
9 52 11
9 53 27
9 54 77
9 55 87
9 56 91
9 57 49
9 58 5
9 59 58
9 60 87
9 61 7
9 62 99
9 63 77
9 64 68
9 65 13
9 66 86
9 67 70
9 68 96
9 69 21
9 70 25
9 71 71
9 72 3
9 73 37
9 74 59
9 75 9
9 76 76
9 77 38
9 78 27
9 79 46
9 80 28
9 81 94
9 82 44
9 83 55
9 84 51
9 85 66
9 86 29
9 87 74
9 88 73
9 89 31
9 90 11
9 91 8
9 92 13
9 93 37
9 94 88
9 95 66
9 96 73
9 97 81
9 98 93
9 99 69
9 100 83
9 101 37
9 102 64
9 103 48
9 104 33
9 105 100
9 106 44
10 11 42
10 12 24
10 13 80
10 14 14
10 15 12
10 16 83
10 17 3
10 18 19
10 19 85
10 20 92
10 21 41
10 22 15
10 23 57
10 24 97
10 25 89
10 26 51
10 27 16
10 28 100
10 29 4
10 30 25
10 31 65
10 32 66
10 33 98
10 34 94
10 35 27
10 36 11
10 37 64
10 38 43
10 39 29
10 40 36
10 41 30
10 42 60
10 43 28
10 44 43
10 45 81
10 46 74
10 47 60
10 48 92
10 49 10
10 50 32
10 51 99
10 52 96
10 53 46
10 54 34
10 55 18
10 56 97
10 57 91
10 58 18
10 59 68
10 60 70
10 61 35
10 62 92
10 63 68
10 64 88
10 65 61
10 66 90
10 67 47
10 68 63
10 69 100
10 70 66
10 71 69
10 72 86
10 73 68
10 74 44
10 75 85
10 76 13
10 77 51
10 78 46
10 79 15
10 80 72
10 81 71
10 82 78
10 83 100
10 84 6
10 85 21
10 86 67
10 87 56
10 88 86
10 89 26
10 90 46
10 91 90
10 92 98
10 93 96
10 94 68
10 95 30
10 96 53
10 97 76
10 98 83
10 99 72
10 100 87
10 101 1
10 102 14
10 103 89
10 104 93
10 105 45
10 106 52
11 12 3
11 13 26
11 14 89
11 15 39
11 16 13
11 17 80
11 18 47
11 19 90
11 20 47
11 21 13
11 22 1
11 23 14
11 24 89
11 25 27
11 26 16
11 27 44
11 28 3
11 29 10
11 30 89
11 31 64
11 32 36
11 33 5
11 34 56
11 35 55
11 36 28
11 37 75
11 38 77
11 39 89
11 40 2
11 41 57
11 42 52
11 43 81
11 44 44
11 45 8
11 46 13
11 47 57
11 48 14
11 49 9
11 50 22
11 51 24
11 52 96
11 53 28
11 54 77
11 55 30
11 56 23
11 57 18
11 58 95
11 59 27
11 60 18
11 61 36
11 62 48
11 63 64
11 64 37
11 65 77
11 66 71
11 67 76
11 68 90
11 69 55
11 70 68
11 71 84
11 72 57
11 73 25
11 74 18
11 75 21
11 76 35
11 77 43
11 78 15
11 79 50
11 80 41
11 81 52
11 82 69
11 83 7
11 84 23
11 85 90
11 86 35
11 87 33
11 88 25
11 89 11
11 90 14
11 91 57
11 92 32
11 93 94
11 94 12
11 95 56
11 96 60
11 97 37
11 98 56
11 99 64
11 100 61
11 101 14
11 102 35
11 103 70
11 104 10
11 105 22
11 106 34
12 13 64
12 14 63
12 15 24
12 16 54
12 17 36
12 18 6
12 19 85
12 20 8
12 21 86
12 22 74
12 23 96
12 24 66
12 25 80
12 26 62
12 27 40
12 28 47
12 29 84
12 30 6
12 31 19
12 32 84
12 33 11
12 34 31
12 35 58
12 36 12
12 37 39
12 38 48
12 39 17
12 40 84
12 41 23
12 42 23
12 43 70
12 44 24
12 45 79
12 46 33
12 47 32
12 48 98
12 49 70
12 50 66
12 51 2
12 52 92
12 53 64
12 54 76
12 55 41
12 56 59
12 57 66
12 58 60
12 59 26
12 60 20
12 61 21
12 62 32
12 63 9
12 64 25
12 65 94
12 66 58
12 67 38
12 68 63
12 69 41
12 70 15
12 71 36
12 72 6
12 73 67
12 74 63
12 75 93
12 76 36
12 77 44
12 78 78
12 79 42
12 80 93
12 81 53
12 82 84
12 83 99
12 84 58
12 85 57
12 86 43
12 87 30
12 88 30
12 89 50
12 90 26
12 91 23
12 92 25
12 93 46
12 94 55
12 95 23
12 96 90
12 97 90
12 98 64
12 99 72
12 100 51
12 101 49
12 102 60
12 103 48
12 104 48
12 105 50
12 106 73
13 14 85
13 15 32
13 16 33
13 17 42
13 18 25
13 19 99
13 20 6
13 21 32
13 22 63
13 23 24
13 24 19
13 25 1
13 26 89
13 27 68
13 28 71
13 29 9
13 30 86
13 31 35
13 32 3
13 33 83
13 34 15
13 35 54
13 36 32
13 37 47
13 38 46
13 39 69
13 40 59
13 41 20
13 42 37
13 43 70
13 44 67
13 45 65
13 46 83
13 47 55
13 48 47
13 49 88
13 50 37
13 51 4
13 52 3
13 53 18
13 54 29
13 55 99
13 56 37
13 57 9
13 58 32
13 59 27
13 60 75
13 61 2
13 62 7
13 63 27
13 64 46
13 65 43
13 66 80
13 67 13
13 68 58
13 69 80
13 70 1
13 71 33
13 72 26
13 73 21
13 74 26
13 75 12
13 76 83
13 77 49
13 78 82
13 79 73
13 80 69
13 81 81
13 82 86
13 83 90
13 84 97
13 85 76
13 86 44
13 87 43
13 88 33
13 89 61
13 90 67
13 91 51
13 92 77
13 93 23
13 94 19
13 95 17
13 96 26
13 97 75
13 98 41
13 99 75
13 100 64
13 101 49
13 102 52
13 103 51
13 104 63
13 105 59
13 106 53
14 15 88
14 16 38
14 17 55
14 18 75
14 19 4
14 20 53
14 21 71
14 22 27
14 23 35
14 24 78
14 25 82
14 26 8
14 27 71
14 28 27
14 29 14
14 30 6
14 31 16
14 32 85
14 33 17
14 34 86
14 35 52
14 36 25
14 37 79
14 38 48
14 39 51
14 40 89
14 41 65
14 42 71
14 43 8
14 44 17
14 45 81
14 46 7
14 47 65
14 48 7
14 49 68
14 50 53
14 51 72
14 52 38
14 53 63
14 54 96
14 55 17
14 56 99
14 57 53
14 58 24
14 59 99
14 60 57
14 61 22
14 62 94
14 63 62
14 64 47
14 65 57
14 66 53
14 67 35
14 68 66
14 69 22
14 70 45
14 71 77
14 72 53
14 73 9
14 74 29
14 75 87
14 76 89
14 77 70
14 78 6
14 79 43
14 80 54
14 81 18
14 82 84
14 83 6
14 84 65
14 85 9
14 86 55
14 87 79
14 88 86
14 89 67
14 90 89
14 91 30
14 92 100
14 93 51
14 94 85
14 95 67
14 96 97
14 97 72
14 98 81
14 99 78
14 100 50
14 101 30
14 102 8
14 103 3
14 104 71
14 105 91
14 106 35
15 16 30
15 17 72
15 18 81
15 19 84
15 20 39
15 21 11
15 22 55
15 23 43
15 24 29
15 25 67
15 26 88
15 27 44
15 28 77
15 29 12
15 30 49
15 31 48
15 32 31
15 33 81
15 34 13
15 35 71
15 36 87
15 37 44
15 38 54
15 39 38
15 40 29
15 41 23
15 42 82
15 43 70
15 44 13
15 45 65
15 46 50
15 47 33
15 48 97
15 49 75
15 50 53
15 51 23
15 52 28
15 53 10
15 54 19
15 55 14
15 56 94
15 57 20
15 58 64
15 59 9
15 60 50
15 61 70
15 62 70
15 63 62
15 64 79
15 65 3
15 66 52
15 67 94
15 68 70
15 69 39
15 70 54
15 71 17
15 72 26
15 73 52
15 74 30
15 75 88
15 76 5
15 77 77
15 78 97
15 79 73
15 80 29
15 81 98
15 82 60
15 83 54
15 84 63
15 85 68
15 86 83
15 87 94
15 88 78
15 89 32
15 90 4
15 91 43
15 92 89
15 93 12
15 94 43
15 95 62
15 96 16
15 97 100
15 98 8
15 99 39
15 100 81
15 101 54
15 102 27
15 103 36
15 104 80
15 105 96
15 106 95
16 17 3
16 18 67
16 19 60
16 20 41
16 21 12
16 22 70
16 23 65
16 24 35
16 25 58
16 26 26
16 27 83
16 28 26
16 29 16
16 30 49
16 31 36
16 32 38
16 33 70
16 34 80
16 35 77
16 36 63
16 37 25
16 38 61
16 39 95
16 40 100
16 41 69
16 42 16
16 43 18
16 44 2
16 45 34
16 46 30
16 47 96
16 48 19
16 49 84
16 50 77
16 51 78
16 52 33
16 53 95
16 54 50
16 55 88
16 56 25
16 57 60
16 58 61
16 59 76
16 60 40
16 61 74
16 62 77
16 63 55
16 64 68
16 65 73
16 66 78
16 67 58
16 68 3
16 69 1
16 70 11
16 71 42
16 72 25
16 73 38
16 74 48
16 75 12
16 76 68
16 77 93
16 78 43
16 79 43
16 80 19
16 81 88
16 82 66
16 83 66
16 84 76
16 85 98
16 86 83
16 87 49
16 88 7
16 89 50
16 90 61
16 91 14
16 92 80
16 93 1
16 94 80
16 95 22
16 96 12
16 97 51
16 98 90
16 99 45
16 100 35
16 101 85
16 102 80
16 103 8
16 104 79
16 105 50
16 106 12
17 18 74
17 19 17
17 20 70
17 21 74
17 22 23
17 23 20
17 24 22
17 25 35
17 26 24
17 27 34
17 28 27
17 29 55
17 30 61
17 31 55
17 32 13
17 33 76
17 34 44
17 35 19
17 36 36
17 37 14
17 38 98
17 39 88
17 40 54
17 41 74
17 42 76
17 43 10
17 44 51
17 45 55
17 46 100
17 47 32
17 48 53
17 49 10
17 50 58
17 51 48
17 52 69
17 53 84
17 54 55
17 55 32
17 56 82
17 57 19
17 58 58
17 59 13
17 60 47
17 61 85
17 62 37
17 63 73
17 64 13
17 65 17
17 66 28
17 67 75
17 68 66
17 69 95
17 70 5
17 71 92
17 72 77
17 73 10
17 74 11
17 75 90
17 76 5
17 77 96
17 78 13
17 79 45
17 80 21
17 81 41
17 82 51
17 83 66
17 84 13
17 85 14
17 86 7
17 87 12
17 88 10
17 89 77
17 90 10
17 91 8
17 92 36
17 93 62
17 94 62
17 95 100
17 96 51
17 97 57
17 98 13
17 99 75
17 100 36
17 101 47
17 102 50
17 103 29
17 104 63
17 105 72
17 106 31
18 19 21
18 20 39
18 21 62
18 22 64
18 23 12
18 24 51
18 25 36
18 26 57
18 27 89
18 28 17
18 29 88
18 30 75
18 31 88
18 32 3
18 33 24
18 34 3
18 35 19
18 36 11
18 37 75
18 38 22
18 39 60
18 40 83
18 41 52
18 42 6
18 43 49
18 44 67
18 45 35
18 46 33
18 47 59
18 48 49
18 49 47
18 50 93
18 51 59
18 52 9
18 53 14
18 54 34
18 55 6
18 56 93
18 57 47
18 58 26
18 59 43
18 60 58
18 61 81
18 62 52
18 63 76
18 64 91
18 65 40
18 66 87
18 67 45
18 68 70
18 69 36
18 70 4
18 71 55
18 72 27
18 73 11
18 74 59
18 75 75
18 76 72
18 77 38
18 78 97
18 79 28
18 80 23
18 81 44
18 82 6
18 83 85
18 84 55
18 85 17
18 86 55
18 87 88
18 88 7
18 89 54
18 90 68
18 91 53
18 92 1
18 93 50
18 94 8
18 95 44
18 96 43
18 97 87
18 98 88
18 99 18
18 100 91
18 101 13
18 102 9
18 103 53
18 104 47
18 105 90
18 106 51
19 20 5
19 21 12
19 22 14
19 23 31
19 24 63
19 25 70
19 26 4
19 27 96
19 28 33
19 29 55
19 30 9
19 31 95
19 32 8
19 33 25
19 34 50
19 35 57
19 36 13
19 37 62
19 38 5
19 39 52
19 40 96
19 41 65
19 42 15
19 43 14
19 44 92
19 45 37
19 46 22
19 47 47
19 48 94
19 49 35
19 50 7
19 51 82
19 52 70
19 53 79
19 54 28
19 55 81
19 56 93
19 57 95
19 58 34
19 59 13
19 60 55
19 61 38
19 62 45
19 63 28
19 64 68
19 65 45
19 66 82
19 67 82
19 68 84
19 69 88
19 70 12
19 71 53
19 72 58
19 73 87
19 74 48
19 75 8
19 76 80
19 77 52
19 78 65
19 79 97
19 80 99
19 81 1
19 82 31
19 83 75
19 84 85
19 85 88
19 86 34
19 87 95
19 88 92
19 89 39
19 90 78
19 91 63
19 92 75
19 93 88
19 94 98
19 95 65
19 96 75
19 97 11
19 98 11
19 99 32
19 100 47
19 101 19
19 102 25
19 103 35
19 104 40
19 105 49
19 106 79
20 21 51
20 22 45
20 23 20
20 24 37
20 25 48
20 26 25
20 27 54
20 28 85
20 29 24
20 30 8
20 31 83
20 32 93
20 33 4
20 34 2
20 35 15
20 36 17
20 37 20
20 38 82
20 39 46
20 40 37
20 41 16
20 42 30
20 43 73
20 44 30
20 45 45
20 46 92
20 47 54
20 48 41
20 49 46
20 50 29
20 51 3
20 52 60
20 53 5
20 54 76
20 55 79
20 56 54
20 57 71
20 58 51
20 59 27
20 60 31
20 61 84
20 62 28
20 63 65
20 64 16
20 65 79
20 66 44
20 67 95
20 68 72
20 69 14
20 70 32
20 71 90
20 72 44
20 73 63
20 74 54
20 75 48
20 76 78
20 77 90
20 78 94
20 79 14
20 80 23
20 81 43
20 82 25
20 83 72
20 84 9
20 85 61
20 86 81
20 87 11
20 88 31
20 89 27
20 90 68
20 91 30
20 92 9
20 93 91
20 94 34
20 95 54
20 96 77
20 97 85
20 98 62
20 99 18
20 100 11
20 101 55
20 102 46
20 103 53
20 104 76
20 105 45
20 106 54
21 22 13
21 23 15
21 24 20
21 25 95
21 26 39
21 27 38
21 28 96
21 29 98
21 30 11
21 31 16
21 32 19
21 33 61
21 34 95
21 35 47
21 36 61
21 37 55
21 38 40
21 39 44
21 40 93
21 41 4
21 42 2
21 43 24
21 44 78
21 45 5
21 46 85
21 47 88
21 48 90
21 49 50
21 50 90
21 51 81
21 52 35
21 53 33
21 54 25
21 55 34
21 56 89
21 57 76
21 58 21
21 59 46
21 60 40
21 61 80
21 62 87
21 63 28
21 64 35
21 65 18
21 66 38
21 67 29
21 68 62
21 69 46
21 70 74
21 71 7
21 72 21
21 73 33
21 74 59
21 75 100
21 76 35
21 77 80
21 78 47
21 79 40
21 80 23
21 81 24
21 82 2
21 83 48
21 84 37
21 85 4
21 86 40
21 87 94
21 88 57
21 89 91
21 90 60
21 91 89
21 92 46
21 93 99
21 94 44
21 95 60
21 96 35
21 97 43
21 98 96
21 99 16
21 100 38
21 101 63
21 102 82
21 103 98
21 104 82
21 105 69
21 106 4
22 23 87
22 24 15
22 25 54
22 26 48
22 27 99
22 28 34
22 29 40
22 30 43
22 31 30
22 32 64
22 33 31
22 34 84
22 35 41
22 36 83
22 37 97
22 38 25
22 39 58
22 40 28
22 41 59
22 42 80
22 43 30
22 44 99
22 45 66
22 46 44
22 47 78
22 48 33
22 49 61
22 50 58
22 51 80
22 52 63
22 53 32
22 54 72
22 55 76
22 56 7
22 57 13
22 58 42
22 59 71
22 60 78
22 61 5
22 62 24
22 63 48
22 64 73
22 65 79
22 66 54
22 67 78
22 68 76
22 69 33
22 70 46
22 71 70
22 72 61
22 73 68
22 74 63
22 75 100
22 76 12
22 77 13
22 78 62
22 79 98
22 80 91
22 81 8
22 82 78
22 83 29
22 84 77
22 85 14
22 86 92
22 87 60
22 88 20
22 89 33
22 90 28
22 91 24
22 92 65
22 93 66
22 94 3
22 95 14
22 96 38
22 97 61
22 98 63
22 99 91
22 100 55
22 101 37
22 102 89
22 103 2
22 104 94
22 105 18
22 106 1
23 24 78
23 25 94
23 26 91
23 27 87
23 28 96
23 29 62
23 30 53
23 31 52
23 32 93
23 33 22
23 34 6
23 35 100
23 36 24
23 37 41
23 38 99
23 39 58
23 40 30
23 41 32
23 42 97
23 43 99
23 44 32
23 45 46
23 46 70
23 47 89
23 48 93
23 49 49
23 50 63
23 51 32
23 52 81
23 53 54
23 54 38
23 55 70
23 56 82
23 57 57
23 58 71
23 59 100
23 60 39
23 61 86
23 62 50
23 63 48
23 64 30
23 65 32
23 66 60
23 67 63
23 68 35
23 69 1
23 70 30
23 71 49
23 72 70
23 73 23
23 74 88
23 75 30
23 76 57
23 77 90
23 78 39
23 79 91
23 80 19
23 81 21
23 82 33
23 83 28
23 84 95
23 85 54
23 86 56
23 87 9
23 88 60
23 89 26
23 90 52
23 91 75
23 92 47
23 93 58
23 94 66
23 95 14
23 96 73
23 97 20
23 98 21
23 99 15
23 100 46
23 101 33
23 102 87
23 103 63
23 104 13
23 105 49
23 106 86
24 25 95
24 26 100
24 27 75
24 28 60
24 29 20
24 30 8
24 31 62
24 32 23
24 33 53
24 34 90
24 35 35
24 36 11
24 37 96
24 38 42
24 39 27
24 40 11
24 41 37
24 42 38
24 43 77
24 44 96
24 45 44
24 46 50
24 47 47
24 48 33
24 49 16
24 50 72
24 51 33
24 52 41
24 53 47
24 54 42
24 55 10
24 56 49
24 57 97
24 58 20
24 59 34
24 60 17
24 61 47
24 62 59
24 63 40
24 64 100
24 65 27
24 66 73
24 67 30
24 68 45
24 69 91
24 70 92
24 71 16
24 72 21
24 73 48
24 74 54
24 75 8
24 76 36
24 77 95
24 78 52
24 79 81
24 80 18
24 81 79
24 82 33
24 83 59
24 84 21
24 85 39
24 86 50
24 87 80
24 88 36
24 89 34
24 90 55
24 91 42
24 92 63
24 93 11
24 94 68
24 95 73
24 96 36
24 97 26
24 98 78
24 99 27
24 100 18
24 101 60
24 102 94
24 103 8
24 104 45
24 105 76
24 106 34
25 26 37
25 27 3
25 28 49
25 29 6
25 30 63
25 31 32
25 32 39
25 33 88
25 34 90
25 35 48
25 36 32
25 37 70
25 38 13
25 39 86
25 40 61
25 41 13
25 42 52
25 43 48
25 44 100
25 45 55
25 46 15
25 47 18
25 48 70
25 49 84
25 50 46
25 51 73
25 52 20
25 53 49
25 54 95
25 55 11
25 56 98
25 57 96
25 58 33
25 59 88
25 60 76
25 61 23
25 62 83
25 63 1
25 64 24
25 65 22
25 66 35
25 67 94
25 68 9
25 69 62
25 70 2
25 71 33
25 72 59
25 73 2
25 74 41
25 75 20
25 76 80
25 77 16
25 78 96
25 79 78
25 80 37
25 81 11
25 82 36
25 83 100
25 84 44
25 85 96
25 86 58
25 87 35
25 88 44
25 89 61
25 90 16
25 91 53
25 92 8
25 93 71
25 94 63
25 95 95
25 96 37
25 97 41
25 98 32
25 99 99
25 100 54
25 101 76
25 102 51
25 103 6
25 104 76
25 105 81
25 106 31
26 27 96
26 28 83
26 29 78
26 30 90
26 31 71
26 32 100
26 33 39
26 34 26
26 35 43
26 36 10
26 37 37
26 38 69
26 39 68
26 40 51
26 41 80
26 42 55
26 43 68
26 44 3
26 45 56
26 46 87
26 47 63
26 48 12
26 49 11
26 50 46
26 51 68
26 52 58
26 53 65
26 54 77
26 55 88
26 56 8
26 57 99
26 58 86
26 59 67
26 60 47
26 61 43
26 62 64
26 63 11
26 64 74
26 65 2
26 66 90
26 67 29
26 68 31
26 69 15
26 70 86
26 71 59
26 72 63
26 73 75
26 74 61
26 75 14
26 76 71
26 77 47
26 78 55
26 79 87
26 80 74
26 81 81
26 82 32
26 83 65
26 84 91
26 85 80
26 86 65
26 87 6
26 88 52
26 89 29
26 90 64
26 91 10
26 92 14
26 93 75
26 94 11
26 95 61
26 96 56
26 97 98
26 98 55
26 99 72
26 100 80
26 101 97
26 102 91
26 103 54
26 104 7
26 105 52
26 106 69
27 28 7
27 29 62
27 30 40
27 31 45
27 32 82
27 33 97
27 34 22
27 35 1
27 36 48
27 37 98
27 38 78
27 39 63
27 40 71
27 41 93
27 42 36
27 43 35
27 44 55
27 45 76
27 46 23
27 47 22
27 48 76
27 49 48
27 50 16
27 51 40
27 52 51
27 53 9
27 54 94
27 55 34
27 56 50
27 57 35
27 58 79
27 59 50
27 60 69
27 61 93
27 62 52
27 63 35
27 64 57
27 65 32
27 66 46
27 67 4
27 68 72
27 69 75
27 70 27
27 71 21
27 72 47
27 73 36
27 74 39
27 75 85
27 76 92
27 77 82
27 78 11
27 79 28
27 80 40
27 81 80
27 82 87
27 83 28
27 84 42
27 85 19
27 86 3
27 87 25
27 88 22
27 89 67
27 90 40
27 91 3
27 92 66
27 93 32
27 94 59
27 95 11
27 96 47
27 97 61
27 98 96
27 99 88
27 100 73
27 101 63
27 102 12
27 103 92
27 104 75
27 105 14
27 106 43
28 29 41
28 30 66
28 31 4
28 32 29
28 33 81
28 34 15
28 35 28
28 36 98
28 37 6
28 38 35
28 39 66
28 40 13
28 41 14
28 42 57
28 43 87
28 44 66
28 45 88
28 46 52
28 47 33
28 48 6
28 49 43
28 50 2
28 51 88
28 52 58
28 53 67
28 54 15
28 55 76
28 56 27
28 57 77
28 58 86
28 59 3
28 60 20
28 61 11
28 62 26
28 63 3
28 64 24
28 65 19
28 66 60
28 67 25
28 68 57
28 69 73
28 70 50
28 71 77
28 72 79
28 73 64
28 74 18
28 75 66
28 76 38
28 77 18
28 78 6
28 79 37
28 80 92
28 81 56
28 82 19
28 83 91
28 84 14
28 85 69
28 86 66
28 87 54
28 88 97
28 89 96
28 90 75
28 91 99
28 92 95
28 93 18
28 94 41
28 95 97
28 96 76
28 97 33
28 98 24
28 99 43
28 100 74
28 101 1
28 102 28
28 103 86
28 104 20
28 105 78
28 106 82
29 30 22
29 31 53
29 32 35
29 33 23
29 34 82
29 35 85
29 36 6
29 37 54
29 38 10
29 39 19
29 40 98
29 41 62
29 42 23
29 43 53
29 44 71
29 45 63
29 46 24
29 47 90
29 48 88
29 49 98
29 50 49
29 51 50
29 52 56
29 53 2
29 54 87
29 55 89
29 56 5
29 57 41
29 58 45
29 59 49
29 60 98
29 61 3
29 62 75
29 63 47
29 64 87
29 65 62
29 66 52
29 67 80
29 68 21
29 69 26
29 70 88
29 71 8
29 72 93
29 73 28
29 74 3
29 75 48
29 76 67
29 77 99
29 78 90
29 79 50
29 80 45
29 81 4
29 82 37
29 83 44
29 84 83
29 85 6
29 86 46
29 87 32
29 88 67
29 89 70
29 90 54
29 91 63
29 92 27
29 93 80
29 94 46
29 95 21
29 96 39
29 97 59
29 98 97
29 99 92
29 100 96
29 101 29
29 102 14
29 103 25
29 104 70
29 105 37
29 106 53
30 31 64
30 32 30
30 33 39
30 34 99
30 35 57
30 36 12
30 37 43
30 38 4
30 39 27
30 40 62
30 41 67
30 42 2
30 43 15
30 44 35
30 45 35
30 46 42
30 47 39
30 48 57
30 49 51
30 50 17
30 51 46
30 52 5
30 53 47
30 54 85
30 55 46
30 56 81
30 57 69
30 58 59
30 59 13
30 60 27
30 61 18
30 62 63
30 63 18
30 64 55
30 65 90
30 66 98
30 67 48
30 68 24
30 69 37
30 70 17
30 71 5
30 72 5
30 73 66
30 74 44
30 75 3
30 76 26
30 77 91
30 78 47
30 79 29
30 80 48
30 81 21
30 82 40
30 83 37
30 84 52
30 85 79
30 86 70
30 87 98
30 88 66
30 89 68
30 90 9
30 91 79
30 92 28
30 93 50
30 94 70
30 95 8
30 96 94
30 97 50
30 98 44
30 99 43
30 100 1
30 101 92
30 102 42
30 103 2
30 104 55
30 105 50
30 106 72
31 32 88
31 33 48
31 34 4
31 35 92
31 36 51
31 37 92
31 38 22
31 39 11
31 40 90
31 41 91
31 42 55
31 43 25
31 44 90
31 45 60
31 46 91
31 47 49
31 48 89
31 49 9
31 50 94
31 51 57
31 52 85
31 53 64
31 54 51
31 55 19
31 56 58
31 57 7
31 58 88
31 59 11
31 60 16
31 61 38
31 62 42
31 63 94
31 64 55
31 65 92
31 66 77
31 67 55
31 68 15
31 69 70
31 70 38
31 71 44
31 72 60
31 73 73
31 74 81
31 75 69
31 76 5
31 77 51
31 78 48
31 79 86
31 80 7
31 81 97
31 82 54
31 83 24
31 84 17
31 85 56
31 86 4
31 87 17
31 88 54
31 89 54
31 90 9
31 91 29
31 92 8
31 93 23
31 94 93
31 95 92
31 96 91
31 97 41
31 98 16
31 99 21
31 100 9
31 101 68
31 102 87
31 103 26
31 104 77
31 105 27
31 106 71
32 33 42
32 34 41
32 35 1
32 36 36
32 37 13
32 38 22
32 39 52
32 40 95
32 41 77
32 42 45
32 43 72
32 44 92
32 45 44
32 46 3
32 47 11
32 48 12
32 49 11
32 50 64
32 51 17
32 52 16
32 53 49
32 54 8
32 55 30
32 56 92
32 57 40
32 58 59
32 59 1
32 60 62
32 61 10
32 62 34
32 63 43
32 64 97
32 65 70
32 66 83
32 67 34
32 68 71
32 69 48
32 70 48
32 71 81
32 72 43
32 73 2
32 74 83
32 75 65
32 76 45
32 77 26
32 78 38
32 79 20
32 80 95
32 81 98
32 82 59
32 83 27
32 84 49
32 85 31
32 86 1
32 87 18
32 88 54
32 89 1
32 90 26
32 91 3
32 92 74
32 93 30
32 94 70
32 95 32
32 96 37
32 97 71
32 98 65
32 99 78
32 100 1
32 101 41
32 102 71
32 103 29
32 104 41
32 105 40
32 106 46
33 34 31
33 35 69
33 36 46
33 37 59
33 38 34
33 39 4
33 40 92
33 41 74
33 42 30
33 43 75
33 44 59
33 45 58
33 46 64
33 47 44
33 48 2
33 49 40
33 50 11
33 51 81
33 52 65
33 53 8
33 54 11
33 55 71
33 56 79
33 57 80
33 58 38
33 59 67
33 60 64
33 61 9
33 62 84
33 63 47
33 64 60
33 65 54
33 66 10
33 67 92
33 68 87
33 69 13
33 70 55
33 71 79
33 72 34
33 73 17
33 74 22
33 75 95
33 76 55
33 77 60
33 78 47
33 79 60
33 80 10
33 81 64
33 82 10
33 83 23
33 84 91
33 85 62
33 86 55
33 87 71
33 88 15
33 89 19
33 90 70
33 91 25
33 92 73
33 93 11
33 94 86
33 95 83
33 96 59
33 97 10
33 98 23
33 99 65
33 100 62
33 101 71
33 102 95
33 103 28
33 104 83
33 105 32
33 106 15
34 35 27
34 36 27
34 37 8
34 38 57
34 39 67
34 40 13
34 41 65
34 42 58
34 43 24
34 44 72
34 45 74
34 46 17
34 47 3
34 48 67
34 49 90
34 50 62
34 51 63
34 52 50
34 53 72
34 54 21
34 55 32
34 56 22
34 57 78
34 58 74
34 59 35
34 60 11
34 61 22
34 62 19
34 63 17
34 64 97
34 65 19
34 66 61
34 67 23
34 68 33
34 69 18
34 70 85
34 71 9
34 72 99
34 73 14
34 74 15
34 75 6
34 76 90
34 77 19
34 78 24
34 79 47
34 80 62
34 81 46
34 82 27
34 83 38
34 84 67
34 85 62
34 86 79
34 87 68
34 88 89
34 89 1
34 90 32
34 91 65
34 92 55
34 93 61
34 94 94
34 95 71
34 96 94
34 97 43
34 98 62
34 99 23
34 100 32
34 101 65
34 102 7
34 103 21
34 104 74
34 105 70
34 106 88
35 36 17
35 37 16
35 38 82
35 39 33
35 40 82
35 41 44
35 42 2
35 43 74
35 44 71
35 45 21
35 46 29
35 47 70
35 48 65
35 49 46
35 50 33
35 51 58
35 52 67
35 53 41
35 54 78
35 55 6
35 56 41
35 57 92
35 58 49
35 59 55
35 60 50
35 61 19
35 62 20
35 63 72
35 64 90
35 65 56
35 66 87
35 67 6
35 68 9
35 69 92
35 70 79
35 71 25
35 72 30
35 73 1
35 74 60
35 75 27
35 76 8
35 77 81
35 78 68
35 79 94
35 80 25
35 81 24
35 82 4
35 83 80
35 84 14
35 85 3
35 86 58
35 87 11
35 88 11
35 89 7
35 90 76
35 91 46
35 92 66
35 93 99
35 94 48
35 95 88
35 96 70
35 97 59
35 98 99
35 99 70
35 100 72
35 101 4
35 102 3
35 103 5
35 104 32
35 105 25
35 106 91
36 37 94
36 38 56
36 39 41
36 40 18
36 41 46
36 42 21
36 43 52
36 44 20
36 45 13
36 46 25
36 47 14
36 48 13
36 49 53
36 50 36
36 51 4
36 52 27
36 53 49
36 54 34
36 55 66
36 56 51
36 57 18
36 58 93
36 59 79
36 60 66
36 61 28
36 62 92
36 63 83
36 64 41
36 65 99
36 66 59
36 67 85
36 68 62
36 69 45
36 70 6
36 71 90
36 72 89
36 73 12
36 74 89
36 75 99
36 76 17
36 77 8
36 78 94
36 79 92
36 80 36
36 81 46
36 82 60
36 83 58
36 84 84
36 85 88
36 86 48
36 87 30
36 88 32
36 89 24
36 90 15
36 91 4
36 92 17
36 93 64
36 94 22
36 95 30
36 96 11
36 97 21
36 98 11
36 99 32
36 100 70
36 101 9
36 102 99
36 103 90
36 104 48
36 105 7
36 106 14
37 38 11
37 39 42
37 40 59
37 41 4
37 42 74
37 43 50
37 44 32
37 45 27
37 46 41
37 47 99
37 48 4
37 49 9
37 50 97
37 51 3
37 52 41
37 53 41
37 54 44
37 55 22
37 56 54
37 57 23
37 58 91
37 59 12
37 60 25
37 61 72
37 62 32
37 63 80
37 64 89
37 65 96
37 66 35
37 67 57
37 68 8
37 69 58
37 70 55
37 71 19
37 72 82
37 73 15
37 74 80
37 75 15
37 76 27
37 77 32
37 78 6
37 79 96
37 80 37
37 81 25
37 82 10
37 83 77
37 84 99
37 85 10
37 86 90
37 87 22
37 88 73
37 89 76
37 90 67
37 91 1
37 92 76
37 93 83
37 94 27
37 95 11
37 96 69
37 97 13
37 98 36
37 99 23
37 100 11
37 101 89
37 102 82
37 103 39
37 104 83
37 105 77
37 106 83
38 39 27
38 40 31
38 41 7
38 42 43
38 43 66
38 44 94
38 45 99
38 46 93
38 47 20
38 48 11
38 49 97
38 50 76
38 51 67
38 52 96
38 53 96
38 54 25
38 55 9
38 56 93
38 57 47
38 58 49
38 59 29
38 60 58
38 61 73
38 62 41
38 63 81
38 64 83
38 65 54
38 66 75
38 67 84
38 68 98
38 69 51
38 70 20
38 71 75
38 72 7
38 73 8
38 74 15
38 75 11
38 76 2
38 77 82
38 78 65
38 79 5
38 80 4
38 81 20
38 82 66
38 83 84
38 84 4
38 85 2
38 86 58
38 87 93
38 88 8
38 89 85
38 90 69
38 91 61
38 92 39
38 93 80
38 94 88
38 95 38
38 96 70
38 97 47
38 98 52
38 99 63
38 100 24
38 101 34
38 102 6
38 103 23
38 104 40
38 105 22
38 106 96
39 40 81
39 41 70
39 42 41
39 43 86
39 44 44
39 45 11
39 46 67
39 47 44
39 48 90
39 49 23
39 50 54
39 51 87
39 52 57
39 53 93
39 54 91
39 55 49
39 56 7
39 57 67
39 58 51
39 59 31
39 60 87
39 61 3
39 62 13
39 63 64
39 64 25
39 65 86
39 66 10
39 67 33
39 68 60
39 69 30
39 70 43
39 71 73
39 72 90
39 73 55
39 74 88
39 75 11
39 76 99
39 77 95
39 78 57
39 79 67
39 80 19
39 81 59
39 82 11
39 83 68
39 84 97
39 85 9
39 86 39
39 87 89
39 88 41
39 89 37
39 90 93
39 91 68
39 92 31
39 93 23
39 94 85
39 95 71
39 96 69
39 97 43
39 98 98
39 99 45
39 100 97
39 101 16
39 102 24
39 103 74
39 104 95
39 105 53
39 106 72
40 41 23
40 42 63
40 43 58
40 44 100
40 45 13
40 46 49
40 47 19
40 48 3
40 49 6
40 50 29
40 51 99
40 52 6
40 53 14
40 54 41
40 55 75
40 56 91
40 57 45
40 58 82
40 59 35
40 60 11
40 61 6
40 62 91
40 63 76
40 64 71
40 65 89
40 66 11
40 67 90
40 68 93
40 69 53
40 70 44
40 71 2
40 72 52
40 73 6
40 74 21
40 75 48
40 76 10
40 77 42
40 78 12
40 79 98
40 80 71
40 81 43
40 82 57
40 83 15
40 84 39
40 85 17
40 86 34
40 87 90
40 88 13
40 89 45
40 90 71
40 91 18
40 92 17
40 93 76
40 94 64
40 95 65
40 96 55
40 97 93
40 98 79
40 99 30
40 100 66
40 101 92
40 102 46
40 103 27
40 104 2
40 105 38
40 106 78
41 42 55
41 43 16
41 44 18
41 45 73
41 46 73
41 47 79
41 48 74
41 49 99
41 50 95
41 51 70
41 52 69
41 53 46
41 54 23
41 55 75
41 56 82
41 57 10
41 58 67
41 59 98
41 60 6
41 61 8
41 62 27
41 63 21
41 64 73
41 65 11
41 66 52
41 67 75
41 68 42
41 69 72
41 70 47
41 71 82
41 72 15
41 73 94
41 74 58
41 75 46
41 76 26
41 77 45
41 78 92
41 79 64
41 80 11
41 81 84
41 82 34
41 83 22
41 84 22
41 85 23
41 86 15
41 87 42
41 88 41
41 89 83
41 90 33
41 91 20
41 92 92
41 93 93
41 94 9
41 95 90
41 96 23
41 97 64
41 98 10
41 99 34
41 100 40
41 101 97
41 102 19
41 103 16
41 104 95
41 105 82
41 106 89
42 43 75
42 44 91
42 45 59
42 46 22
42 47 93
42 48 90
42 49 24
42 50 95
42 51 94
42 52 75
42 53 76
42 54 55
42 55 76
42 56 60
42 57 40
42 58 94
42 59 44
42 60 72
42 61 7
42 62 59
42 63 32
42 64 7
42 65 14
42 66 8
42 67 9
42 68 52
42 69 26
42 70 62
42 71 26
42 72 88
42 73 39
42 74 68
42 75 73
42 76 1
42 77 78
42 78 54
42 79 41
42 80 16
42 81 8
42 82 73
42 83 65
42 84 70
42 85 91
42 86 46
42 87 12
42 88 67
42 89 63
42 90 75
42 91 66
42 92 35
42 93 3
42 94 52
42 95 95
42 96 3
42 97 82
42 98 16
42 99 41
42 100 29
42 101 10
42 102 92
42 103 8
42 104 78
42 105 95
42 106 70
43 44 86
43 45 13
43 46 86
43 47 56
43 48 2
43 49 1
43 50 76
43 51 85
43 52 55
43 53 44
43 54 79
43 55 34
43 56 74
43 57 24
43 58 2
43 59 15
43 60 86
43 61 71
43 62 37
43 63 38
43 64 47
43 65 45
43 66 80
43 67 62
43 68 76
43 69 39
43 70 69
43 71 97
43 72 18
43 73 50
43 74 53
43 75 56
43 76 32
43 77 69
43 78 29
43 79 56
43 80 36
43 81 64
43 82 34
43 83 18
43 84 48
43 85 84
43 86 94
43 87 29
43 88 60
43 89 97
43 90 9
43 91 96
43 92 100
43 93 34
43 94 28
43 95 19
43 96 48
43 97 96
43 98 66
43 99 80
43 100 55
43 101 80
43 102 75
43 103 38
43 104 3
43 105 72
43 106 32
44 45 45
44 46 60
44 47 18
44 48 46
44 49 95
44 50 74
44 51 39
44 52 100
44 53 62
44 54 42
44 55 89
44 56 23
44 57 32
44 58 12
44 59 27
44 60 82
44 61 43
44 62 78
44 63 49
44 64 6
44 65 91
44 66 84
44 67 51
44 68 23
44 69 78
44 70 97
44 71 20
44 72 21
44 73 69
44 74 44
44 75 22
44 76 27
44 77 73
44 78 70
44 79 42
44 80 39
44 81 99
44 82 89
44 83 10
44 84 60
44 85 35
44 86 46
44 87 57
44 88 85
44 89 42
44 90 77
44 91 95
44 92 59
44 93 98
44 94 19
44 95 41
44 96 92
44 97 73
44 98 66
44 99 18
44 100 85
44 101 20
44 102 63
44 103 58
44 104 6
44 105 60
44 106 7
45 46 67
45 47 83
45 48 83
45 49 48
45 50 70
45 51 2
45 52 23
45 53 97
45 54 24
45 55 46
45 56 86
45 57 1
45 58 38
45 59 25
45 60 28
45 61 97
45 62 70
45 63 23
45 64 19
45 65 18
45 66 64
45 67 38
45 68 36
45 69 70
45 70 91
45 71 77
45 72 3
45 73 39
45 74 70
45 75 57
45 76 100
45 77 7
45 78 38
45 79 10
45 80 32
45 81 13
45 82 28
45 83 95
45 84 42
45 85 94
45 86 99
45 87 7
45 88 58
45 89 92
45 90 73
45 91 28
45 92 1
45 93 55
45 94 66
45 95 59
45 96 66
45 97 96
45 98 54
45 99 87
45 100 60
45 101 44
45 102 55
45 103 86
45 104 100
45 105 3
45 106 93
46 47 33
46 48 84
46 49 57
46 50 9
46 51 60
46 52 61
46 53 76
46 54 8
46 55 36
46 56 85
46 57 41
46 58 98
46 59 11
46 60 37
46 61 48
46 62 87
46 63 68
46 64 59
46 65 84
46 66 87
46 67 57
46 68 14
46 69 16
46 70 36
46 71 42
46 72 40
46 73 47
46 74 32
46 75 36
46 76 40
46 77 34
46 78 6
46 79 80
46 80 99
46 81 14
46 82 53
46 83 48
46 84 47
46 85 31
46 86 11
46 87 70
46 88 79
46 89 73
46 90 71
46 91 3
46 92 21
46 93 32
46 94 29
46 95 52
46 96 7
46 97 84
46 98 56
46 99 28
46 100 40
46 101 81
46 102 97
46 103 41
46 104 94
46 105 15
46 106 5
47 48 5
47 49 7
47 50 53
47 51 99
47 52 85
47 53 27
47 54 91
47 55 72
47 56 44
47 57 55
47 58 46
47 59 3
47 60 51
47 61 43
47 62 27
47 63 42
47 64 7
47 65 27
47 66 27
47 67 97
47 68 19
47 69 51
47 70 16
47 71 25
47 72 100
47 73 10
47 74 19
47 75 44
47 76 9
47 77 89
47 78 75
47 79 100
47 80 86
47 81 98
47 82 9
47 83 86
47 84 81
47 85 65
47 86 14
47 87 33
47 88 63
47 89 6
47 90 66
47 91 8
47 92 88
47 93 100
47 94 52
47 95 16
47 96 51
47 97 24
47 98 85
47 99 71
47 100 60
47 101 80
47 102 19
47 103 26
47 104 42
47 105 73
47 106 88
48 49 44
48 50 85
48 51 34
48 52 42
48 53 7
48 54 14
48 55 26
48 56 42
48 57 53
48 58 75
48 59 55
48 60 7
48 61 61
48 62 26
48 63 87
48 64 65
48 65 15
48 66 3
48 67 9
48 68 26
48 69 47
48 70 92
48 71 78
48 72 4
48 73 34
48 74 8
48 75 96
48 76 78
48 77 38
48 78 63
48 79 72
48 80 49
48 81 27
48 82 24
48 83 81
48 84 65
48 85 5
48 86 97
48 87 78
48 88 19
48 89 53
48 90 93
48 91 64
48 92 37
48 93 25
48 94 69
48 95 52
48 96 59
48 97 59
48 98 39
48 99 8
48 100 15
48 101 82
48 102 88
48 103 81
48 104 17
48 105 37
48 106 51
49 50 21
49 51 61
49 52 32
49 53 81
49 54 97
49 55 95
49 56 46
49 57 11
49 58 44
49 59 33
49 60 46
49 61 44
49 62 83
49 63 66
49 64 30
49 65 1
49 66 73
49 67 25
49 68 35
49 69 90
49 70 97
49 71 9
49 72 57
49 73 31
49 74 73
49 75 55
49 76 86
49 77 68
49 78 34
49 79 13
49 80 96
49 81 92
49 82 4
49 83 63
49 84 26
49 85 21
49 86 19
49 87 66
49 88 31
49 89 13
49 90 23
49 91 64
49 92 33
49 93 40
49 94 97
49 95 85
49 96 76
49 97 53
49 98 35
49 99 82
49 100 18
49 101 41
49 102 66
49 103 91
49 104 99
49 105 60
49 106 45
50 51 8
50 52 96
50 53 99
50 54 29
50 55 68
50 56 82
50 57 3
50 58 29
50 59 62
50 60 22
50 61 32
50 62 37
50 63 90
50 64 70
50 65 63
50 66 7
50 67 66
50 68 93
50 69 7
50 70 37
50 71 82
50 72 24
50 73 96
50 74 46
50 75 19
50 76 3
50 77 68
50 78 86
50 79 50
50 80 24
50 81 29
50 82 14
50 83 10
50 84 16
50 85 67
50 86 84
50 87 79
50 88 43
50 89 84
50 90 13
50 91 49
50 92 34
50 93 46
50 94 4
50 95 34
50 96 92
50 97 24
50 98 94
50 99 32
50 100 99
50 101 48
50 102 75
50 103 68
50 104 26
50 105 38
50 106 83
51 52 70
51 53 14
51 54 60
51 55 26
51 56 17
51 57 48
51 58 24
51 59 85
51 60 16
51 61 44
51 62 89
51 63 48
51 64 24
51 65 53
51 66 80
51 67 6
51 68 48
51 69 94
51 70 100
51 71 74
51 72 48
51 73 7
51 74 20
51 75 36
51 76 34
51 77 20
51 78 72
51 79 51
51 80 9
51 81 19
51 82 21
51 83 82
51 84 78
51 85 10
51 86 40
51 87 52
51 88 58
51 89 4
51 90 8
51 91 59
51 92 58
51 93 70
51 94 18
51 95 34
51 96 43
51 97 81
51 98 97
51 99 29
51 100 16
51 101 88
51 102 60
51 103 84
51 104 79
51 105 85
51 106 91
52 53 69
52 54 71
52 55 23
52 56 27
52 57 32
52 58 32
52 59 18
52 60 51
52 61 30
52 62 74
52 63 95
52 64 40
52 65 29
52 66 51
52 67 8
52 68 34
52 69 72
52 70 93
52 71 58
52 72 15
52 73 67
52 74 16
52 75 38
52 76 93
52 77 7
52 78 5
52 79 18
52 80 60
52 81 68
52 82 57
52 83 100
52 84 38
52 85 1
52 86 62
52 87 26
52 88 100
52 89 94
52 90 1
52 91 19
52 92 77
52 93 17
52 94 77
52 95 51
52 96 55
52 97 38
52 98 96
52 99 35
52 100 50
52 101 17
52 102 12
52 103 36
52 104 67
52 105 38
52 106 65
53 54 7
53 55 68
53 56 77
53 57 33
53 58 80
53 59 68
53 60 84
53 61 51
53 62 2
53 63 76
53 64 79
53 65 16
53 66 52
53 67 11
53 68 27
53 69 41
53 70 12
53 71 69
53 72 3
53 73 68
53 74 23
53 75 1
53 76 66
53 77 5
53 78 67
53 79 69
53 80 19
53 81 5
53 82 98
53 83 68
53 84 73
53 85 19
53 86 20
53 87 41
53 88 17
53 89 65
53 90 21
53 91 70
53 92 15
53 93 25
53 94 51
53 95 51
53 96 23
53 97 32
53 98 33
53 99 53
53 100 70
53 101 76
53 102 43
53 103 24
53 104 78
53 105 43
53 106 35
54 55 63
54 56 28
54 57 29
54 58 23
54 59 60
54 60 21
54 61 83
54 62 56
54 63 95
54 64 81
54 65 84
54 66 59
54 67 12
54 68 1
54 69 1
54 70 13
54 71 22
54 72 61
54 73 23
54 74 36
54 75 50
54 76 66
54 77 12
54 78 44
54 79 30
54 80 30
54 81 4
54 82 58
54 83 77
54 84 15
54 85 26
54 86 70
54 87 58
54 88 43
54 89 99
54 90 94
54 91 99
54 92 89
54 93 91
54 94 7
54 95 53
54 96 3
54 97 9
54 98 9
54 99 59
54 100 16
54 101 95
54 102 82
54 103 16
54 104 42
54 105 28
54 106 54
55 56 58
55 57 84
55 58 17
55 59 82
55 60 65
55 61 51
55 62 2
55 63 82
55 64 13
55 65 14
55 66 61
55 67 84
55 68 10
55 69 8
55 70 78
55 71 48
55 72 9
55 73 26
55 74 92
55 75 43
55 76 62
55 77 30
55 78 74
55 79 74
55 80 58
55 81 24
55 82 87
55 83 6
55 84 47
55 85 15
55 86 94
55 87 45
55 88 51
55 89 28
55 90 17
55 91 11
55 92 73
55 93 39
55 94 64
55 95 73
55 96 59
55 97 31
55 98 55
55 99 78
55 100 33
55 101 26
55 102 18
55 103 31
55 104 65
55 105 12
55 106 32
56 57 18
56 58 35
56 59 91
56 60 39
56 61 54
56 62 33
56 63 70
56 64 52
56 65 99
56 66 91
56 67 26
56 68 59
56 69 33
56 70 3
56 71 28
56 72 62
56 73 49
56 74 26
56 75 26
56 76 15
56 77 61
56 78 14
56 79 76
56 80 97
56 81 58
56 82 91
56 83 62
56 84 34
56 85 10
56 86 39
56 87 77
56 88 6
56 89 67
56 90 55
56 91 87
56 92 23
56 93 60
56 94 78
56 95 41
56 96 72
56 97 65
56 98 78
56 99 71
56 100 68
56 101 12
56 102 19
56 103 29
56 104 57
56 105 81
56 106 35
57 58 24
57 59 78
57 60 78
57 61 100
57 62 68
57 63 77
57 64 10
57 65 2
57 66 65
57 67 97
57 68 56
57 69 95
57 70 84
57 71 53
57 72 37
57 73 57
57 74 42
57 75 91
57 76 21
57 77 10
57 78 81
57 79 71
57 80 57
57 81 75
57 82 60
57 83 39
57 84 72
57 85 80
57 86 47
57 87 64
57 88 17
57 89 80
57 90 84
57 91 66
57 92 59
57 93 6
57 94 21
57 95 81
57 96 27
57 97 56
57 98 30
57 99 70
57 100 90
57 101 2
57 102 54
57 103 52
57 104 19
57 105 94
57 106 76
58 59 59
58 60 16
58 61 21
58 62 94
58 63 46
58 64 6
58 65 18
58 66 7
58 67 100
58 68 25
58 69 53
58 70 2
58 71 90
58 72 76
58 73 70
58 74 52
58 75 18
58 76 53
58 77 53
58 78 86
58 79 27
58 80 41
58 81 1
58 82 20
58 83 39
58 84 4
58 85 3
58 86 52
58 87 33
58 88 32
58 89 77
58 90 1
58 91 21
58 92 38
58 93 24
58 94 98
58 95 22
58 96 23
58 97 10
58 98 54
58 99 61
58 100 11
58 101 3
58 102 2
58 103 79
58 104 66
58 105 18
58 106 78
59 60 84
59 61 28
59 62 46
59 63 69
59 64 14
59 65 41
59 66 41
59 67 35
59 68 38
59 69 44
59 70 86
59 71 43
59 72 58
59 73 1
59 74 85
59 75 21
59 76 100
59 77 34
59 78 77
59 79 31
59 80 39
59 81 51
59 82 49
59 83 73
59 84 38
59 85 8
59 86 100
59 87 21
59 88 70
59 89 9
59 90 42
59 91 18
59 92 67
59 93 57
59 94 23
59 95 8
59 96 26
59 97 91
59 98 66
59 99 57
59 100 34
59 101 86
59 102 57
59 103 95
59 104 12
59 105 60
59 106 58
60 61 7
60 62 71
60 63 3
60 64 63
60 65 70
60 66 67
60 67 13
60 68 72
60 69 59
60 70 97
60 71 43
60 72 80
60 73 14
60 74 99
60 75 20
60 76 66
60 77 94
60 78 58
60 79 84
60 80 3
60 81 86
60 82 16
60 83 24
60 84 46
60 85 34
60 86 64
60 87 9
60 88 93
60 89 43
60 90 66
60 91 99
60 92 12
60 93 62
60 94 95
60 95 57
60 96 16
60 97 41
60 98 83
60 99 94
60 100 64
60 101 41
60 102 51
60 103 69
60 104 79
60 105 19
60 106 50
61 62 24
61 63 76
61 64 30
61 65 83
61 66 1
61 67 12
61 68 80
61 69 99
61 70 59
61 71 95
61 72 81
61 73 62
61 74 92
61 75 52
61 76 31
61 77 18
61 78 17
61 79 86
61 80 60
61 81 85
61 82 60
61 83 68
61 84 3
61 85 23
61 86 8
61 87 98
61 88 100
61 89 62
61 90 100
61 91 21
61 92 20
61 93 90
61 94 80
61 95 55
61 96 45
61 97 100
61 98 61
61 99 59
61 100 5
61 101 57
61 102 26
61 103 25
61 104 3
61 105 54
61 106 79
62 63 13
62 64 50
62 65 74
62 66 8
62 67 16
62 68 21
62 69 30
62 70 90
62 71 16
62 72 24
62 73 48
62 74 77
62 75 19
62 76 26
62 77 46
62 78 60
62 79 78
62 80 11
62 81 96
62 82 69
62 83 47
62 84 24
62 85 19
62 86 93
62 87 59
62 88 60
62 89 58
62 90 24
62 91 34
62 92 78
62 93 2
62 94 69
62 95 68
62 96 28
62 97 74
62 98 88
62 99 70
62 100 35
62 101 76
62 102 40
62 103 13
62 104 37
62 105 13
62 106 73
63 64 30
63 65 25
63 66 93
63 67 65
63 68 51
63 69 64
63 70 85
63 71 97
63 72 73
63 73 17
63 74 91
63 75 63
63 76 67
63 77 40
63 78 3
63 79 42
63 80 55
63 81 34
63 82 84
63 83 47
63 84 89
63 85 38
63 86 22
63 87 66
63 88 87
63 89 98
63 90 14
63 91 78
63 92 88
63 93 30
63 94 40
63 95 73
63 96 22
63 97 30
63 98 79
63 99 51
63 100 53
63 101 80
63 102 69
63 103 73
63 104 1
63 105 44
63 106 11
64 65 45
64 66 15
64 67 52
64 68 36
64 69 64
64 70 28
64 71 43
64 72 12
64 73 4
64 74 10
64 75 95
64 76 85
64 77 15
64 78 55
64 79 6
64 80 54
64 81 40
64 82 93
64 83 67
64 84 90
64 85 39
64 86 60
64 87 72
64 88 39
64 89 58
64 90 60
64 91 25
64 92 63
64 93 18
64 94 82
64 95 50
64 96 69
64 97 14
64 98 66
64 99 54
64 100 58
64 101 97
64 102 45
64 103 43
64 104 58
64 105 90
64 106 64
65 66 22
65 67 48
65 68 84
65 69 41
65 70 3
65 71 74
65 72 72
65 73 43
65 74 69
65 75 51
65 76 8
65 77 29
65 78 75
65 79 47
65 80 26
65 81 77
65 82 54
65 83 100
65 84 62
65 85 79
65 86 91
65 87 4
65 88 52
65 89 96
65 90 11
65 91 41
65 92 74
65 93 43
65 94 44
65 95 9
65 96 9
65 97 71
65 98 80
65 99 58
65 100 3
65 101 6
65 102 48
65 103 33
65 104 38
65 105 42
65 106 5
66 67 68
66 68 52
66 69 34
66 70 99
66 71 27
66 72 18
66 73 99
66 74 48
66 75 43
66 76 53
66 77 24
66 78 54
66 79 42
66 80 34
66 81 39
66 82 97
66 83 1
66 84 63
66 85 75
66 86 27
66 87 84
66 88 62
66 89 7
66 90 97
66 91 44
66 92 93
66 93 58
66 94 5
66 95 64
66 96 95
66 97 28
66 98 9
66 99 41
66 100 51
66 101 43
66 102 90
66 103 77
66 104 98
66 105 25
66 106 16
67 68 88
67 69 69
67 70 21
67 71 97
67 72 67
67 73 56
67 74 64
67 75 59
67 76 45
67 77 71
67 78 98
67 79 56
67 80 26
67 81 33
67 82 31
67 83 81
67 84 11
67 85 27
67 86 24
67 87 83
67 88 30
67 89 85
67 90 75
67 91 72
67 92 7
67 93 4
67 94 63
67 95 30
67 96 15
67 97 20
67 98 21
67 99 54
67 100 30
67 101 81
67 102 31
67 103 2
67 104 41
67 105 26
67 106 61
68 69 92
68 70 100
68 71 89
68 72 80
68 73 66
68 74 2
68 75 87
68 76 75
68 77 42
68 78 43
68 79 66
68 80 6
68 81 65
68 82 11
68 83 95
68 84 79
68 85 92
68 86 79
68 87 71
68 88 86
68 89 7
68 90 40
68 91 8
68 92 89
68 93 68
68 94 70
68 95 60
68 96 65
68 97 24
68 98 32
68 99 72
68 100 61
68 101 77
68 102 26
68 103 94
68 104 47
68 105 62
68 106 9
69 70 70
69 71 76
69 72 64
69 73 26
69 74 17
69 75 100
69 76 70
69 77 93
69 78 98
69 79 98
69 80 86
69 81 5
69 82 62
69 83 20
69 84 56
69 85 64
69 86 74
69 87 63
69 88 9
69 89 99
69 90 28
69 91 74
69 92 15
69 93 55
69 94 78
69 95 1
69 96 60
69 97 32
69 98 39
69 99 20
69 100 88
69 101 34
69 102 92
69 103 44
69 104 3
69 105 93
69 106 82
70 71 37
70 72 78
70 73 23
70 74 39
70 75 89
70 76 86
70 77 91
70 78 25
70 79 68
70 80 51
70 81 48
70 82 12
70 83 79
70 84 51
70 85 20
70 86 93
70 87 3
70 88 98
70 89 27
70 90 38
70 91 30
70 92 28
70 93 43
70 94 22
70 95 97
70 96 49
70 97 66
70 98 36
70 99 1
70 100 76
70 101 17
70 102 9
70 103 62
70 104 89
70 105 24
70 106 30
71 72 33
71 73 98
71 74 10
71 75 72
71 76 62
71 77 16
71 78 28
71 79 89
71 80 31
71 81 26
71 82 94
71 83 100
71 84 77
71 85 67
71 86 42
71 87 43
71 88 68
71 89 14
71 90 58
71 91 34
71 92 92
71 93 45
71 94 90
71 95 89
71 96 67
71 97 18
71 98 96
71 99 54
71 100 35
71 101 86
71 102 26
71 103 48
71 104 22
71 105 64
71 106 47
72 73 6
72 74 36
72 75 100
72 76 48
72 77 89
72 78 94
72 79 53
72 80 71
72 81 29
72 82 80
72 83 81
72 84 8
72 85 97
72 86 61
72 87 81
72 88 13
72 89 12
72 90 78
72 91 19
72 92 61
72 93 66
72 94 56
72 95 69
72 96 51
72 97 47
72 98 9
72 99 6
72 100 47
72 101 27
72 102 68
72 103 36
72 104 4
72 105 90
72 106 60
73 74 88
73 75 66
73 76 57
73 77 38
73 78 42
73 79 99
73 80 65
73 81 5
73 82 14
73 83 44
73 84 19
73 85 49
73 86 33
73 87 8
73 88 7
73 89 44
73 90 31
73 91 60
73 92 75
73 93 54
73 94 38
73 95 35
73 96 75
73 97 9
73 98 92
73 99 40
73 100 24
73 101 38
73 102 98
73 103 3
73 104 53
73 105 97
73 106 98
74 75 8
74 76 44
74 77 96
74 78 62
74 79 78
74 80 62
74 81 46
74 82 73
74 83 88
74 84 23
74 85 41
74 86 55
74 87 67
74 88 51
74 89 53
74 90 17
74 91 47
74 92 70
74 93 13
74 94 98
74 95 63
74 96 66
74 97 82
74 98 26
74 99 60
74 100 75
74 101 49
74 102 50
74 103 36
74 104 93
74 105 98
74 106 19
75 76 37
75 77 4
75 78 75
75 79 55
75 80 55
75 81 63
75 82 10
75 83 69
75 84 47
75 85 89
75 86 58
75 87 54
75 88 23
75 89 67
75 90 81
75 91 100
75 92 97
75 93 61
75 94 93
75 95 64
75 96 71
75 97 70
75 98 95
75 99 91
75 100 22
75 101 50
75 102 40
75 103 48
75 104 8
75 105 97
75 106 27
76 77 48
76 78 97
76 79 79
76 80 7
76 81 21
76 82 66
76 83 11
76 84 6
76 85 21
76 86 38
76 87 48
76 88 13
76 89 3
76 90 37
76 91 58
76 92 64
76 93 31
76 94 27
76 95 22
76 96 47
76 97 19
76 98 30
76 99 88
76 100 18
76 101 54
76 102 76
76 103 80
76 104 41
76 105 62
76 106 74
77 78 66
77 79 40
77 80 11
77 81 74
77 82 43
77 83 19
77 84 34
77 85 34
77 86 21
77 87 81
77 88 73
77 89 34
77 90 35
77 91 20
77 92 60
77 93 40
77 94 83
77 95 98
77 96 21
77 97 8
77 98 22
77 99 52
77 100 36
77 101 9
77 102 22
77 103 34
77 104 59
77 105 50
77 106 40
78 79 96
78 80 88
78 81 81
78 82 24
78 83 60
78 84 26
78 85 70
78 86 74
78 87 88
78 88 27
78 89 57
78 90 69
78 91 71
78 92 19
78 93 91
78 94 62
78 95 2
78 96 38
78 97 27
78 98 45
78 99 64
78 100 30
78 101 98
78 102 40
78 103 1
78 104 51
78 105 76
78 106 41
79 80 96
79 81 32
79 82 86
79 83 85
79 84 79
79 85 70
79 86 23
79 87 34
79 88 86
79 89 62
79 90 97
79 91 52
79 92 59
79 93 53
79 94 59
79 95 77
79 96 65
79 97 87
79 98 70
79 99 35
79 100 49
79 101 77
79 102 22
79 103 60
79 104 5
79 105 2
79 106 65
80 81 100
80 82 66
80 83 27
80 84 95
80 85 48
80 86 18
80 87 65
80 88 90
80 89 92
80 90 52
80 91 84
80 92 61
80 93 91
80 94 25
80 95 13
80 96 5
80 97 13
80 98 50
80 99 87
80 100 3
80 101 23
80 102 5
80 103 81
80 104 48
80 105 86
80 106 11
81 82 35
81 83 50
81 84 50
81 85 10
81 86 88
81 87 28
81 88 79
81 89 1
81 90 56
81 91 69
81 92 61
81 93 77
81 94 90
81 95 87
81 96 6
81 97 4
81 98 51
81 99 52
81 100 94
81 101 25
81 102 34
81 103 88
81 104 21
81 105 44
81 106 91
82 83 96
82 84 59
82 85 9
82 86 58
82 87 93
82 88 72
82 89 58
82 90 16
82 91 27
82 92 71
82 93 77
82 94 39
82 95 74
82 96 13
82 97 91
82 98 90
82 99 86
82 100 20
82 101 16
82 102 16
82 103 47
82 104 50
82 105 30
82 106 78
83 84 38
83 85 22
83 86 5
83 87 84
83 88 95
83 89 54
83 90 59
83 91 18
83 92 12
83 93 27
83 94 12
83 95 58
83 96 96
83 97 57
83 98 52
83 99 15
83 100 70
83 101 17
83 102 70
83 103 97
83 104 77
83 105 53
83 106 17
84 85 6
84 86 93
84 87 74
84 88 64
84 89 70
84 90 30
84 91 15
84 92 62
84 93 57
84 94 21
84 95 51
84 96 74
84 97 67
84 98 28
84 99 20
84 100 77
84 101 43
84 102 44
84 103 14
84 104 83
84 105 68
84 106 45
85 86 77
85 87 7
85 88 58
85 89 54
85 90 58
85 91 55
85 92 99
85 93 23
85 94 44
85 95 58
85 96 48
85 97 22
85 98 4
85 99 12
85 100 37
85 101 30
85 102 64
85 103 3
85 104 61
85 105 84
85 106 25
86 87 63
86 88 85
86 89 58
86 90 29
86 91 45
86 92 94
86 93 16
86 94 45
86 95 71
86 96 47
86 97 92
86 98 98
86 99 43
86 100 64
86 101 15
86 102 40
86 103 7
86 104 65
86 105 49
86 106 86
87 88 32
87 89 35
87 90 9
87 91 99
87 92 20
87 93 40
87 94 23
87 95 11
87 96 67
87 97 43
87 98 73
87 99 41
87 100 58
87 101 52
87 102 22
87 103 76
87 104 59
87 105 87
87 106 18
88 89 11
88 90 76
88 91 65
88 92 53
88 93 10
88 94 93
88 95 39
88 96 68
88 97 73
88 98 80
88 99 43
88 100 22
88 101 34
88 102 7
88 103 37
88 104 69
88 105 68
88 106 69
89 90 98
89 91 70
89 92 72
89 93 78
89 94 94
89 95 87
89 96 86
89 97 11
89 98 9
89 99 32
89 100 12
89 101 37
89 102 96
89 103 48
89 104 97
89 105 87
89 106 78
90 91 41
90 92 74
90 93 99
90 94 94
90 95 93
90 96 95
90 97 78
90 98 88
90 99 73
90 100 45
90 101 42
90 102 70
90 103 13
90 104 46
90 105 79
90 106 53
91 92 69
91 93 39
91 94 94
91 95 52
91 96 22
91 97 33
91 98 8
91 99 3
91 100 32
91 101 96
91 102 56
91 103 56
91 104 87
91 105 47
91 106 61
92 93 2
92 94 74
92 95 16
92 96 29
92 97 14
92 98 4
92 99 9
92 100 85
92 101 69
92 102 1
92 103 86
92 104 42
92 105 86
92 106 19
93 94 74
93 95 59
93 96 62
93 97 14
93 98 79
93 99 41
93 100 46
93 101 72
93 102 6
93 103 22
93 104 20
93 105 80
93 106 7
94 95 35
94 96 40
94 97 28
94 98 22
94 99 25
94 100 7
94 101 30
94 102 50
94 103 12
94 104 24
94 105 36
94 106 86
95 96 60
95 97 4
95 98 85
95 99 16
95 100 42
95 101 10
95 102 28
95 103 2
95 104 39
95 105 91
95 106 60
96 97 55
96 98 67
96 99 52
96 100 15
96 101 16
96 102 59
96 103 21
96 104 12
96 105 7
96 106 23
97 98 22
97 99 92
97 100 9
97 101 94
97 102 64
97 103 62
97 104 85
97 105 17
97 106 80
98 99 72
98 100 39
98 101 65
98 102 44
98 103 94
98 104 26
98 105 39
98 106 9
99 100 38
99 101 58
99 102 3
99 103 100
99 104 98
99 105 31
99 106 20
100 101 55
100 102 79
100 103 41
100 104 20
100 105 94
100 106 20
101 102 98
101 103 78
101 104 70
101 105 77
101 106 25
102 103 56
102 104 6
102 105 14
102 106 34
103 104 92
103 105 32
103 106 33
104 105 25
104 106 86
105 106 63
