98 4753 97
1 2 77
1 3 59
1 4 16
1 5 72
1 6 46
1 7 38
1 8 12
1 9 84
1 10 66
1 11 39
1 12 9
1 13 39
1 14 40
1 15 24
1 16 29
1 17 88
1 18 61
1 19 2
1 20 18
1 21 3
1 22 83
1 23 37
1 24 46
1 25 39
1 26 99
1 27 73
1 28 69
1 29 52
1 30 48
1 31 100
1 32 50
1 33 69
1 34 12
1 35 93
1 36 37
1 37 64
1 38 75
1 39 83
1 40 2
1 41 54
1 42 35
1 43 72
1 44 6
1 45 83
1 46 97
1 47 56
1 48 10
1 49 43
1 50 54
1 51 98
1 52 9
1 53 40
1 54 15
1 55 59
1 56 86
1 57 26
1 58 24
1 59 6
1 60 70
1 61 38
1 62 88
1 63 95
1 64 17
1 65 79
1 66 1
1 67 46
1 68 76
1 69 17
1 70 41
1 71 25
1 72 94
1 73 41
1 74 27
1 75 16
1 76 42
1 77 65
1 78 3
1 79 30
1 80 25
1 81 81
1 82 25
1 83 45
1 84 48
1 85 68
1 86 33
1 87 66
1 88 67
1 89 10
1 90 4
1 91 13
1 92 73
1 93 27
1 94 80
1 95 88
1 96 27
1 97 9
1 98 41
2 3 3
2 4 6
2 5 57
2 6 70
2 7 6
2 8 98
2 9 43
2 10 49
2 11 10
2 12 25
2 13 28
2 14 18
2 15 36
2 16 39
2 17 6
2 18 91
2 19 97
2 20 62
2 21 24
2 22 100
2 23 67
2 24 82
2 25 47
2 26 2
2 27 50
2 28 36
2 29 7
2 30 69
2 31 33
2 32 83
2 33 22
2 34 55
2 35 85
2 36 33
2 37 57
2 38 35
2 39 88
2 40 36
2 41 58
2 42 39
2 43 25
2 44 72
2 45 58
2 46 78
2 47 40
2 48 13
2 49 42
2 50 76
2 51 90
2 52 47
2 53 3
2 54 76
2 55 13
2 56 63
2 57 70
2 58 96
2 59 60
2 60 18
2 61 34
2 62 2
2 63 78
2 64 38
2 65 58
2 66 51
2 67 52
2 68 2
2 69 16
2 70 47
2 71 16
2 72 82
2 73 66
2 74 97
2 75 45
2 76 42
2 77 47
2 78 20
2 79 73
2 80 69
2 81 94
2 82 70
2 83 9
2 84 85
2 85 9
2 86 16
2 87 60
2 88 92
2 89 27
2 90 76
2 91 10
2 92 94
2 93 52
2 94 25
2 95 40
2 96 9
2 97 34
2 98 48
3 4 4
3 5 8
3 6 57
3 7 43
3 8 50
3 9 17
3 10 92
3 11 28
3 12 79
3 13 33
3 14 9
3 15 98
3 16 33
3 17 20
3 18 49
3 19 97
3 20 41
3 21 70
3 22 49
3 23 38
3 24 84
3 25 98
3 26 74
3 27 72
3 28 5
3 29 41
3 30 16
3 31 88
3 32 41
3 33 53
3 34 75
3 35 55
3 36 64
3 37 44
3 38 72
3 39 61
3 40 67
3 41 90
3 42 73
3 43 21
3 44 58
3 45 1
3 46 38
3 47 79
3 48 14
3 49 43
3 50 27
3 51 24
3 52 42
3 53 54
3 54 79
3 55 87
3 56 43
3 57 13
3 58 18
3 59 56
3 60 66
3 61 56
3 62 61
3 63 49
3 64 42
3 65 61
3 66 29
3 67 97
3 68 27
3 69 11
3 70 77
3 71 25
3 72 64
3 73 96
3 74 69
3 75 53
3 76 35
3 77 22
3 78 71
3 79 23
3 80 70
3 81 36
3 82 21
3 83 96
3 84 15
3 85 13
3 86 80
3 87 49
3 88 69
3 89 95
3 90 23
3 91 82
3 92 33
3 93 49
3 94 78
3 95 65
3 96 84
3 97 63
3 98 50
4 5 69
4 6 59
4 7 34
4 8 28
4 9 70
4 10 40
4 11 94
4 12 76
4 13 34
4 14 84
4 15 35
4 16 63
4 17 42
4 18 24
4 19 47
4 20 84
4 21 80
4 22 78
4 23 91
4 24 4
4 25 40
4 26 53
4 27 90
4 28 44
4 29 9
4 30 1
4 31 80
4 32 56
4 33 66
4 34 75
4 35 29
4 36 22
4 37 69
4 38 100
4 39 91
4 40 88
4 41 27
4 42 32
4 43 26
4 44 12
4 45 63
4 46 47
4 47 66
4 48 84
4 49 5
4 50 56
4 51 46
4 52 16
4 53 90
4 54 35
4 55 96
4 56 52
4 57 87
4 58 11
4 59 20
4 60 68
4 61 13
4 62 7
4 63 80
4 64 38
4 65 13
4 66 35
4 67 97
4 68 91
4 69 85
4 70 50
4 71 3
4 72 2
4 73 28
4 74 57
4 75 80
4 76 29
4 77 67
4 78 28
4 79 97
4 80 100
4 81 44
4 82 75
4 83 36
4 84 80
4 85 65
4 86 86
4 87 81
4 88 32
4 89 63
4 90 21
4 91 14
4 92 47
4 93 43
4 94 32
4 95 55
4 96 52
4 97 30
4 98 16
5 6 51
5 7 71
5 8 43
5 9 9
5 10 43
5 11 24
5 12 33
5 13 18
5 14 43
5 15 63
5 16 51
5 17 52
5 18 45
5 19 50
5 20 3
5 21 87
5 22 91
5 23 99
5 24 16
5 25 13
5 26 79
5 27 87
5 28 8
5 29 46
5 30 80
5 31 70
5 32 41
5 33 84
5 34 80
5 35 26
5 36 62
5 37 34
5 38 25
5 39 44
5 40 60
5 41 95
5 42 21
5 43 5
5 44 30
5 45 71
5 46 93
5 47 46
5 48 37
5 49 6
5 50 60
5 51 81
5 52 81
5 53 90
5 54 67
5 55 76
5 56 64
5 57 43
5 58 76
5 59 26
5 60 13
5 61 69
5 62 9
5 63 76
5 64 63
5 65 83
5 66 5
5 67 57
5 68 73
5 69 7
5 70 71
5 71 100
5 72 9
5 73 2
5 74 22
5 75 89
5 76 98
5 77 54
5 78 73
5 79 40
5 80 96
5 81 91
5 82 83
5 83 10
5 84 25
5 85 8
5 86 13
5 87 90
5 88 40
5 89 86
5 90 82
5 91 13
5 92 3
5 93 59
5 94 8
5 95 51
5 96 99
5 97 62
5 98 47
6 7 84
6 8 63
6 9 100
6 10 5
6 11 26
6 12 12
6 13 78
6 14 32
6 15 2
6 16 25
6 17 66
6 18 37
6 19 21
6 20 17
6 21 41
6 22 78
6 23 1
6 24 92
6 25 42
6 26 96
6 27 23
6 28 38
6 29 83
6 30 92
6 31 78
6 32 61
6 33 99
6 34 27
6 35 53
6 36 54
6 37 73
6 38 17
6 39 94
6 40 78
6 41 64
6 42 76
6 43 85
6 44 68
6 45 27
6 46 83
6 47 47
6 48 58
6 49 74
6 50 16
6 51 2
6 52 14
6 53 42
6 54 95
6 55 16
6 56 11
6 57 5
6 58 50
6 59 63
6 60 7
6 61 53
6 62 45
6 63 24
6 64 10
6 65 11
6 66 85
6 67 56
6 68 25
6 69 97
6 70 92
6 71 36
6 72 72
6 73 10
6 74 36
6 75 62
6 76 7
6 77 78
6 78 98
6 79 96
6 80 91
6 81 94
6 82 85
6 83 13
6 84 83
6 85 48
6 86 30
6 87 59
6 88 46
6 89 69
6 90 82
6 91 27
6 92 82
6 93 64
6 94 59
6 95 51
6 96 43
6 97 9
6 98 3
7 8 54
7 9 45
7 10 34
7 11 41
7 12 77
7 13 64
7 14 43
7 15 72
7 16 11
7 17 59
7 18 34
7 19 53
7 20 19
7 21 29
7 22 55
7 23 15
7 24 88
7 25 72
7 26 81
7 27 40
7 28 22
7 29 51
7 30 59
7 31 51
7 32 21
7 33 76
7 34 53
7 35 28
7 36 72
7 37 100
7 38 66
7 39 35
7 40 19
7 41 85
7 42 87
7 43 94
7 44 31
7 45 36
7 46 83
7 47 32
7 48 10
7 49 34
7 50 13
7 51 5
7 52 2
7 53 5
7 54 93
7 55 16
7 56 56
7 57 62
7 58 37
7 59 14
7 60 46
7 61 21
7 62 56
7 63 64
7 64 34
7 65 77
7 66 24
7 67 65
7 68 8
7 69 44
7 70 35
7 71 13
7 72 67
7 73 12
7 74 50
7 75 41
7 76 49
7 77 95
7 78 99
7 79 88
7 80 72
7 81 97
7 82 39
7 83 6
7 84 37
7 85 96
7 86 49
7 87 11
7 88 3
7 89 49
7 90 70
7 91 70
7 92 69
7 93 83
7 94 72
7 95 24
7 96 63
7 97 56
7 98 46
8 9 26
8 10 8
8 11 27
8 12 15
8 13 73
8 14 89
8 15 10
8 16 29
8 17 34
8 18 94
8 19 98
8 20 27
8 21 37
8 22 99
8 23 54
8 24 99
8 25 22
8 26 1
8 27 9
8 28 61
8 29 32
8 30 92
8 31 98
8 32 14
8 33 37
8 34 84
8 35 60
8 36 14
8 37 26
8 38 65
8 39 44
8 40 91
8 41 75
8 42 17
8 43 83
8 44 15
8 45 65
8 46 25
8 47 69
8 48 2
8 49 63
8 50 79
8 51 63
8 52 71
8 53 53
8 54 100
8 55 67
8 56 61
8 57 87
8 58 8
8 59 44
8 60 95
8 61 93
8 62 85
8 63 73
8 64 36
8 65 26
8 66 34
8 67 80
8 68 27
8 69 18
8 70 4
8 71 94
8 72 71
8 73 93
8 74 43
8 75 13
8 76 40
8 77 71
8 78 89
8 79 24
8 80 59
8 81 9
8 82 1
8 83 49
8 84 93
8 85 90
8 86 32
8 87 51
8 88 91
8 89 55
8 90 47
8 91 5
8 92 4
8 93 48
8 94 35
8 95 70
8 96 52
8 97 30
8 98 24
9 10 32
9 11 10
9 12 30
9 13 11
9 14 87
9 15 15
9 16 13
9 17 54
9 18 33
9 19 53
9 20 50
9 21 29
9 22 14
9 23 16
9 24 82
9 25 12
9 26 56
9 27 57
9 28 69
9 29 86
9 30 31
9 31 36
9 32 86
9 33 76
9 34 64
9 35 1
9 36 28
9 37 47
9 38 61
9 39 34
9 40 4
9 41 42
9 42 72
9 43 12
9 44 10
9 45 62
9 46 78
9 47 56
9 48 80
9 49 36
9 50 13
9 51 82
9 52 82
9 53 83
9 54 33
9 55 57
9 56 40
9 57 40
9 58 99
9 59 47
9 60 94
9 61 84
9 62 43
9 63 73
9 64 77
9 65 23
9 66 54
9 67 55
9 68 23
9 69 8
9 70 93
9 71 91
9 72 91
9 73 59
9 74 23
9 75 56
9 76 82
9 77 77
9 78 19
9 79 56
9 80 43
9 81 80
9 82 18
9 83 54
9 84 90
9 85 5
9 86 3
9 87 38
9 88 85
9 89 70
9 90 97
9 91 81
9 92 74
9 93 32
9 94 98
9 95 40
9 96 45
9 97 7
9 98 67
10 11 6
10 12 2
10 13 63
10 14 37
10 15 85
10 16 25
10 17 35
10 18 49
10 19 29
10 20 86
10 21 54
10 22 52
10 23 12
10 24 14
10 25 17
10 26 79
10 27 95
10 28 53
10 29 35
10 30 3
10 31 67
10 32 67
10 33 97
10 34 100
10 35 98
10 36 34
10 37 45
10 38 19
10 39 2
10 40 31
10 41 14
10 42 37
10 43 24
10 44 44
10 45 45
10 46 100
10 47 83
10 48 97
10 49 4
10 50 26
10 51 95
10 52 33
10 53 70
10 54 87
10 55 30
10 56 96
10 57 31
10 58 93
10 59 67
10 60 93
10 61 62
10 62 63
10 63 63
10 64 21
10 65 34
10 66 37
10 67 5
10 68 100
10 69 77
10 70 13
10 71 7
10 72 52
10 73 45
10 74 37
10 75 72
10 76 80
10 77 15
10 78 67
10 79 30
10 80 19
10 81 94
10 82 19
10 83 13
10 84 79
10 85 83
10 86 98
10 87 41
10 88 24
10 89 22
10 90 13
10 91 72
10 92 66
10 93 23
10 94 29
10 95 2
10 96 32
10 97 2
10 98 46
11 12 22
11 13 19
11 14 66
11 15 56
11 16 43
11 17 83
11 18 43
11 19 15
11 20 88
11 21 34
11 22 25
11 23 73
11 24 56
11 25 43
11 26 67
11 27 4
11 28 91
11 29 84
11 30 64
11 31 47
11 32 46
11 33 27
11 34 81
11 35 76
11 36 75
11 37 75
11 38 43
11 39 93
11 40 11
11 41 46
11 42 48
11 43 4
11 44 28
11 45 70
11 46 5
11 47 91
11 48 64
11 49 37
11 50 85
11 51 19
11 52 22
11 53 20
11 54 48
11 55 26
11 56 39
11 57 30
11 58 18
11 59 53
11 60 12
11 61 44
11 62 31
11 63 45
11 64 69
11 65 85
11 66 50
11 67 2
11 68 42
11 69 74
11 70 97
11 71 4
11 72 17
11 73 21
11 74 11
11 75 52
11 76 87
11 77 35
11 78 84
11 79 53
11 80 97
11 81 42
11 82 5
11 83 24
11 84 86
11 85 41
11 86 51
11 87 63
11 88 76
11 89 40
11 90 2
11 91 95
11 92 12
11 93 48
11 94 29
11 95 54
11 96 43
11 97 42
11 98 87
12 13 44
12 14 61
12 15 52
12 16 16
12 17 85
12 18 95
12 19 5
12 20 29
12 21 48
12 22 15
12 23 44
12 24 63
12 25 71
12 26 79
12 27 87
12 28 66
12 29 18
12 30 84
12 31 31
12 32 72
12 33 82
12 34 7
12 35 3
12 36 21
12 37 79
12 38 70
12 39 13
12 40 59
12 41 98
12 42 48
12 43 69
12 44 70
12 45 56
12 46 54
12 47 87
12 48 66
12 49 62
12 50 42
12 51 85
12 52 22
12 53 46
12 54 1
12 55 56
12 56 90
12 57 9
12 58 63
12 59 73
12 60 93
12 61 66
12 62 87
12 63 85
12 64 32
12 65 8
12 66 84
12 67 70
12 68 62
12 69 38
12 70 39
12 71 85
12 72 25
12 73 24
12 74 79
12 75 31
12 76 100
12 77 26
12 78 65
12 79 80
12 80 71
12 81 68
12 82 50
12 83 72
12 84 60
12 85 1
12 86 79
12 87 63
12 88 27
12 89 77
12 90 71
12 91 26
12 92 23
12 93 81
12 94 52
12 95 35
12 96 73
12 97 17
12 98 55
13 14 95
13 15 25
13 16 81
13 17 100
13 18 89
13 19 9
13 20 87
13 21 82
13 22 22
13 23 98
13 24 45
13 25 100
13 26 50
13 27 9
13 28 93
13 29 47
13 30 93
13 31 6
13 32 74
13 33 46
13 34 44
13 35 19
13 36 45
13 37 14
13 38 24
13 39 55
13 40 42
13 41 98
13 42 88
13 43 98
13 44 47
13 45 18
13 46 97
13 47 37
13 48 41
13 49 36
13 50 32
13 51 58
13 52 25
13 53 34
13 54 96
13 55 45
13 56 88
13 57 80
13 58 72
13 59 72
13 60 37
13 61 67
13 62 11
13 63 85
13 64 67
13 65 92
13 66 92
13 67 62
13 68 80
13 69 31
13 70 90
13 71 26
13 72 58
13 73 51
13 74 14
13 75 25
13 76 14
13 77 91
13 78 3
13 79 37
13 80 90
13 81 92
13 82 51
13 83 56
13 84 5
13 85 29
13 86 68
13 87 86
13 88 72
13 89 55
13 90 30
13 91 9
13 92 80
13 93 56
13 94 51
13 95 84
13 96 5
13 97 42
13 98 23
14 15 17
14 16 40
14 17 88
14 18 88
14 19 63
14 20 95
14 21 32
14 22 30
14 23 27
14 24 12
14 25 18
14 26 2
14 27 82
14 28 59
14 29 58
14 30 4
14 31 89
14 32 94
14 33 44
14 34 76
14 35 92
14 36 11
14 37 17
14 38 65
14 39 27
14 40 38
14 41 48
14 42 68
14 43 42
14 44 47
14 45 61
14 46 82
14 47 94
14 48 68
14 49 69
14 50 54
14 51 97
14 52 65
14 53 30
14 54 72
14 55 25
14 56 57
14 57 70
14 58 77
14 59 93
14 60 48
14 61 80
14 62 89
14 63 29
14 64 27
14 65 80
14 66 87
14 67 60
14 68 99
14 69 58
14 70 15
14 71 19
14 72 42
14 73 92
14 74 59
14 75 19
14 76 59
14 77 18
14 78 95
14 79 47
14 80 34
14 81 44
14 82 28
14 83 47
14 84 39
14 85 58
14 86 54
14 87 1
14 88 39
14 89 86
14 90 16
14 91 93
14 92 81
14 93 39
14 94 33
14 95 69
14 96 78
14 97 43
14 98 70
15 16 52
15 17 76
15 18 85
15 19 48
15 20 30
15 21 85
15 22 22
15 23 60
15 24 1
15 25 81
15 26 31
15 27 54
15 28 26
15 29 47
15 30 72
15 31 41
15 32 100
15 33 25
15 34 24
15 35 6
15 36 85
15 37 68
15 38 25
15 39 48
15 40 59
15 41 14
15 42 1
15 43 9
15 44 23
15 45 5
15 46 81
15 47 30
15 48 43
15 49 45
15 50 15
15 51 17
15 52 82
15 53 41
15 54 1
15 55 78
15 56 19
15 57 52
15 58 44
15 59 98
15 60 32
15 61 92
15 62 3
15 63 8
15 64 38
15 65 35
15 66 46
15 67 94
15 68 68
15 69 9
15 70 15
15 71 22
15 72 50
15 73 22
15 74 4
15 75 85
15 76 71
15 77 42
15 78 52
15 79 24
15 80 85
15 81 75
15 82 22
15 83 73
15 84 90
15 85 77
15 86 55
15 87 3
15 88 64
15 89 93
15 90 55
15 91 46
15 92 66
15 93 56
15 94 12
15 95 7
15 96 13
15 97 65
15 98 46
16 17 66
16 18 32
16 19 41
16 20 36
16 21 98
16 22 26
16 23 3
16 24 89
16 25 26
16 26 93
16 27 63
16 28 25
16 29 95
16 30 54
16 31 51
16 32 60
16 33 36
16 34 22
16 35 4
16 36 15
16 37 34
16 38 48
16 39 31
16 40 77
16 41 49
16 42 69
16 43 71
16 44 27
16 45 56
16 46 12
16 47 30
16 48 91
16 49 33
16 50 96
16 51 26
16 52 61
16 53 58
16 54 26
16 55 19
16 56 64
16 57 74
16 58 11
16 59 73
16 60 36
16 61 46
16 62 37
16 63 45
16 64 46
16 65 46
16 66 67
16 67 99
16 68 44
16 69 86
16 70 87
16 71 34
16 72 11
16 73 26
16 74 3
16 75 48
16 76 43
16 77 47
16 78 71
16 79 48
16 80 74
16 81 46
16 82 24
16 83 40
16 84 65
16 85 55
16 86 96
16 87 72
16 88 16
16 89 86
16 90 10
16 91 15
16 92 59
16 93 41
16 94 59
16 95 63
16 96 4
16 97 25
16 98 74
17 18 66
17 19 27
17 20 7
17 21 23
17 22 29
17 23 6
17 24 90
17 25 25
17 26 32
17 27 92
17 28 79
17 29 37
17 30 89
17 31 47
17 32 7
17 33 78
17 34 61
17 35 96
17 36 72
17 37 33
17 38 26
17 39 98
17 40 58
17 41 67
17 42 14
17 43 68
17 44 20
17 45 51
17 46 40
17 47 88
17 48 69
17 49 64
17 50 54
17 51 27
17 52 15
17 53 67
17 54 99
17 55 54
17 56 48
17 57 72
17 58 56
17 59 29
17 60 71
17 61 80
17 62 100
17 63 98
17 64 65
17 65 39
17 66 74
17 67 5
17 68 8
17 69 95
17 70 48
17 71 100
17 72 83
17 73 5
17 74 89
17 75 13
17 76 54
17 77 50
17 78 28
17 79 56
17 80 25
17 81 69
17 82 74
17 83 58
17 84 2
17 85 50
17 86 26
17 87 41
17 88 39
17 89 31
17 90 7
17 91 100
17 92 26
17 93 18
17 94 76
17 95 76
17 96 29
17 97 17
17 98 18
18 19 85
18 20 87
18 21 14
18 22 36
18 23 32
18 24 10
18 25 31
18 26 66
18 27 95
18 28 95
18 29 48
18 30 48
18 31 6
18 32 99
18 33 55
18 34 2
18 35 61
18 36 57
18 37 43
18 38 37
18 39 9
18 40 82
18 41 84
18 42 10
18 43 78
18 44 71
18 45 56
18 46 95
18 47 28
18 48 30
18 49 30
18 50 68
18 51 15
18 52 93
18 53 88
18 54 83
18 55 43
18 56 13
18 57 19
18 58 83
18 59 4
18 60 46
18 61 17
18 62 95
18 63 1
18 64 65
18 65 69
18 66 25
18 67 15
18 68 18
18 69 90
18 70 95
18 71 77
18 72 26
18 73 9
18 74 33
18 75 76
18 76 31
18 77 87
18 78 25
18 79 73
18 80 62
18 81 26
18 82 73
18 83 52
18 84 82
18 85 53
18 86 99
18 87 1
18 88 33
18 89 6
18 90 67
18 91 4
18 92 17
18 93 54
18 94 55
18 95 66
18 96 85
18 97 85
18 98 55
19 20 29
19 21 2
19 22 36
19 23 5
19 24 57
19 25 90
19 26 39
19 27 5
19 28 72
19 29 92
19 30 100
19 31 88
19 32 59
19 33 61
19 34 58
19 35 86
19 36 3
19 37 84
19 38 44
19 39 86
19 40 39
19 41 92
19 42 51
19 43 48
19 44 6
19 45 40
19 46 91
19 47 25
19 48 52
19 49 72
19 50 79
19 51 60
19 52 53
19 53 58
19 54 23
19 55 44
19 56 45
19 57 58
19 58 74
19 59 82
19 60 58
19 61 30
19 62 48
19 63 25
19 64 43
19 65 21
19 66 80
19 67 100
19 68 27
19 69 35
19 70 56
19 71 18
19 72 100
19 73 94
19 74 65
19 75 61
19 76 58
19 77 47
19 78 41
19 79 45
19 80 95
19 81 73
19 82 96
19 83 82
19 84 93
19 85 80
19 86 40
19 87 47
19 88 32
19 89 37
19 90 76
19 91 22
19 92 56
19 93 11
19 94 68
19 95 13
19 96 20
19 97 94
19 98 66
20 21 55
20 22 15
20 23 49
20 24 23
20 25 34
20 26 17
20 27 70
20 28 50
20 29 55
20 30 46
20 31 61
20 32 49
20 33 89
20 34 6
20 35 77
20 36 39
20 37 3
20 38 81
20 39 69
20 40 53
20 41 91
20 42 27
20 43 35
20 44 78
20 45 35
20 46 4
20 47 41
20 48 9
20 49 65
20 50 72
20 51 66
20 52 47
20 53 99
20 54 62
20 55 13
20 56 59
20 57 51
20 58 25
20 59 67
20 60 32
20 61 41
20 62 95
20 63 46
20 64 59
20 65 53
20 66 78
20 67 71
20 68 57
20 69 90
20 70 27
20 71 81
20 72 41
20 73 73
20 74 51
20 75 19
20 76 43
20 77 31
20 78 32
20 79 16
20 80 42
20 81 24
20 82 98
20 83 72
20 84 69
20 85 43
20 86 25
20 87 53
20 88 50
20 89 62
20 90 27
20 91 85
20 92 27
20 93 7
20 94 82
20 95 73
20 96 59
20 97 16
20 98 41
21 22 19
21 23 47
21 24 68
21 25 70
21 26 25
21 27 72
21 28 49
21 29 82
21 30 76
21 31 42
21 32 96
21 33 16
21 34 97
21 35 15
21 36 84
21 37 10
21 38 32
21 39 21
21 40 38
21 41 40
21 42 14
21 43 3
21 44 33
21 45 33
21 46 38
21 47 15
21 48 39
21 49 76
21 50 62
21 51 42
21 52 14
21 53 91
21 54 69
21 55 64
21 56 68
21 57 84
21 58 4
21 59 2
21 60 3
21 61 90
21 62 17
21 63 13
21 64 53
21 65 45
21 66 19
21 67 54
21 68 44
21 69 39
21 70 59
21 71 32
21 72 11
21 73 1
21 74 95
21 75 36
21 76 13
21 77 89
21 78 95
21 79 62
21 80 98
21 81 30
21 82 29
21 83 4
21 84 99
21 85 66
21 86 68
21 87 8
21 88 99
21 89 19
21 90 95
21 91 40
21 92 6
21 93 15
21 94 54
21 95 39
21 96 88
21 97 51
21 98 72
22 23 93
22 24 47
22 25 45
22 26 73
22 27 46
22 28 87
22 29 41
22 30 65
22 31 96
22 32 21
22 33 94
22 34 25
22 35 100
22 36 89
22 37 15
22 38 50
22 39 85
22 40 23
22 41 55
22 42 73
22 43 11
22 44 92
22 45 8
22 46 39
22 47 48
22 48 64
22 49 27
22 50 98
22 51 97
22 52 25
22 53 59
22 54 18
22 55 94
22 56 62
22 57 54
22 58 28
22 59 90
22 60 34
22 61 40
22 62 14
22 63 82
22 64 9
22 65 3
22 66 38
22 67 38
22 68 20
22 69 11
22 70 80
22 71 14
22 72 24
22 73 75
22 74 30
22 75 41
22 76 41
22 77 57
22 78 82
22 79 39
22 80 48
22 81 44
22 82 77
22 83 37
22 84 75
22 85 75
22 86 21
22 87 66
22 88 65
22 89 55
22 90 96
22 91 86
22 92 71
22 93 69
22 94 77
22 95 28
22 96 93
22 97 72
22 98 88
23 24 59
23 25 3
23 26 55
23 27 36
23 28 95
23 29 66
23 30 100
23 31 83
23 32 68
23 33 58
23 34 22
23 35 32
23 36 99
23 37 38
23 38 57
23 39 42
23 40 20
23 41 44
23 42 87
23 43 6
23 44 32
23 45 11
23 46 81
23 47 48
23 48 97
23 49 53
23 50 82
23 51 87
23 52 93
23 53 28
23 54 31
23 55 52
23 56 89
23 57 65
23 58 33
23 59 73
23 60 64
23 61 78
23 62 39
23 63 60
23 64 19
23 65 59
23 66 16
23 67 97
23 68 89
23 69 51
23 70 84
23 71 48
23 72 12
23 73 41
23 74 9
23 75 79
23 76 8
23 77 94
23 78 96
23 79 90
23 80 99
23 81 2
23 82 77
23 83 14
23 84 96
23 85 64
23 86 60
23 87 38
23 88 72
23 89 68
23 90 20
23 91 71
23 92 81
23 93 59
23 94 32
23 95 67
23 96 18
23 97 2
23 98 15
24 25 87
24 26 86
24 27 31
24 28 94
24 29 74
24 30 59
24 31 29
24 32 8
24 33 92
24 34 4
24 35 41
24 36 52
24 37 13
24 38 59
24 39 7
24 40 98
24 41 21
24 42 24
24 43 81
24 44 70
24 45 53
24 46 100
24 47 92
24 48 27
24 49 77
24 50 30
24 51 21
24 52 12
24 53 54
24 54 37
24 55 69
24 56 42
24 57 21
24 58 92
24 59 91
24 60 46
24 61 54
24 62 36
24 63 16
24 64 34
24 65 49
24 66 70
24 67 19
24 68 56
24 69 20
24 70 29
24 71 73
24 72 14
24 73 29
24 74 9
24 75 87
24 76 80
24 77 92
24 78 26
24 79 54
24 80 83
24 81 89
24 82 57
24 83 26
24 84 95
24 85 45
24 86 41
24 87 19
24 88 15
24 89 98
24 90 93
24 91 13
24 92 49
24 93 49
24 94 61
24 95 69
24 96 74
24 97 19
24 98 69
25 26 95
25 27 88
25 28 75
25 29 26
25 30 61
25 31 8
25 32 14
25 33 2
25 34 77
25 35 14
25 36 81
25 37 39
25 38 6
25 39 78
25 40 81
25 41 63
25 42 99
25 43 64
25 44 2
25 45 51
25 46 72
25 47 35
25 48 89
25 49 42
25 50 48
25 51 84
25 52 15
25 53 11
25 54 30
25 55 12
25 56 1
25 57 20
25 58 69
25 59 25
25 60 6
25 61 65
25 62 42
25 63 32
25 64 85
25 65 88
25 66 56
25 67 67
25 68 25
25 69 23
25 70 32
25 71 69
25 72 30
25 73 98
25 74 50
25 75 8
25 76 90
25 77 75
25 78 85
25 79 4
25 80 64
25 81 8
25 82 24
25 83 81
25 84 60
25 85 30
25 86 73
25 87 32
25 88 40
25 89 86
25 90 43
25 91 62
25 92 13
25 93 31
25 94 95
25 95 46
25 96 69
25 97 63
25 98 1
26 27 54
26 28 14
26 29 48
26 30 52
26 31 11
26 32 91
26 33 43
26 34 8
26 35 90
26 36 56
26 37 23
26 38 21
26 39 27
26 40 92
26 41 13
26 42 28
26 43 19
26 44 89
26 45 85
26 46 72
26 47 53
26 48 27
26 49 58
26 50 12
26 51 67
26 52 76
26 53 49
26 54 42
26 55 80
26 56 29
26 57 44
26 58 33
26 59 27
26 60 36
26 61 1
26 62 51
26 63 99
26 64 19
26 65 24
26 66 85
26 67 51
26 68 22
26 69 87
26 70 2
26 71 95
26 72 5
26 73 75
26 74 21
26 75 74
26 76 25
26 77 74
26 78 98
26 79 42
26 80 73
26 81 32
26 82 20
26 83 92
26 84 82
26 85 59
26 86 81
26 87 4
26 88 29
26 89 55
26 90 63
26 91 46
26 92 67
26 93 15
26 94 12
26 95 33
26 96 75
26 97 90
26 98 32
27 28 84
27 29 42
27 30 97
27 31 90
27 32 71
27 33 33
27 34 9
27 35 12
27 36 95
27 37 79
27 38 34
27 39 16
27 40 83
27 41 66
27 42 53
27 43 51
27 44 90
27 45 4
27 46 40
27 47 47
27 48 38
27 49 38
27 50 59
27 51 89
27 52 35
27 53 8
27 54 64
27 55 14
27 56 77
27 57 18
27 58 94
27 59 42
27 60 22
27 61 26
27 62 86
27 63 55
27 64 7
27 65 74
27 66 24
27 67 36
27 68 95
27 69 56
27 70 52
27 71 29
27 72 26
27 73 57
27 74 20
27 75 35
27 76 19
27 77 10
27 78 4
27 79 2
27 80 5
27 81 81
27 82 25
27 83 7
27 84 63
27 85 97
27 86 17
27 87 62
27 88 26
27 89 35
27 90 57
27 91 18
27 92 14
27 93 92
27 94 85
27 95 40
27 96 24
27 97 80
27 98 67
28 29 76
28 30 7
28 31 26
28 32 34
28 33 28
28 34 6
28 35 100
28 36 31
28 37 16
28 38 10
28 39 20
28 40 54
28 41 79
28 42 8
28 43 15
28 44 92
28 45 34
28 46 30
28 47 68
28 48 98
28 49 22
28 50 97
28 51 26
28 52 35
28 53 56
28 54 75
28 55 17
28 56 23
28 57 66
28 58 32
28 59 22
28 60 50
28 61 96
28 62 71
28 63 22
28 64 11
28 65 47
28 66 100
28 67 64
28 68 35
28 69 99
28 70 43
28 71 17
28 72 52
28 73 52
28 74 8
28 75 10
28 76 7
28 77 7
28 78 74
28 79 12
28 80 75
28 81 91
28 82 19
28 83 11
28 84 95
28 85 11
28 86 4
28 87 84
28 88 60
28 89 85
28 90 37
28 91 48
28 92 35
28 93 19
28 94 56
28 95 62
28 96 55
28 97 49
28 98 86
29 30 70
29 31 26
29 32 57
29 33 67
29 34 4
29 35 100
29 36 71
29 37 84
29 38 94
29 39 23
29 40 69
29 41 35
29 42 28
29 43 27
29 44 26
29 45 9
29 46 13
29 47 58
29 48 24
29 49 25
29 50 59
29 51 96
29 52 52
29 53 83
29 54 57
29 55 14
29 56 54
29 57 99
29 58 51
29 59 3
29 60 98
29 61 99
29 62 44
29 63 34
29 64 71
29 65 60
29 66 53
29 67 28
29 68 4
29 69 30
29 70 50
29 71 35
29 72 91
29 73 73
29 74 38
29 75 55
29 76 92
29 77 87
29 78 67
29 79 90
29 80 30
29 81 48
29 82 67
29 83 22
29 84 18
29 85 82
29 86 16
29 87 98
29 88 45
29 89 40
29 90 28
29 91 93
29 92 63
29 93 89
29 94 56
29 95 80
29 96 29
29 97 80
29 98 70
30 31 73
30 32 94
30 33 22
30 34 7
30 35 16
30 36 79
30 37 28
30 38 59
30 39 99
30 40 70
30 41 56
30 42 68
30 43 56
30 44 64
30 45 87
30 46 51
30 47 68
30 48 79
30 49 17
30 50 35
30 51 28
30 52 87
30 53 69
30 54 76
30 55 60
30 56 28
30 57 81
30 58 88
30 59 90
30 60 3
30 61 91
30 62 14
30 63 4
30 64 33
30 65 55
30 66 15
30 67 7
30 68 34
30 69 70
30 70 28
30 71 23
30 72 78
30 73 8
30 74 81
30 75 39
30 76 95
30 77 23
30 78 15
30 79 92
30 80 97
30 81 26
30 82 21
30 83 27
30 84 89
30 85 28
30 86 13
30 87 88
30 88 95
30 89 51
30 90 76
30 91 17
30 92 77
30 93 88
30 94 9
30 95 71
30 96 83
30 97 30
30 98 1
31 32 81
31 33 23
31 34 89
31 35 86
31 36 30
31 37 79
31 38 25
31 39 30
31 40 64
31 41 44
31 42 51
31 43 32
31 44 42
31 45 60
31 46 96
31 47 84
31 48 95
31 49 76
31 50 90
31 51 19
31 52 59
31 53 89
31 54 1
31 55 78
31 56 93
31 57 52
31 58 15
31 59 45
31 60 26
31 61 36
31 62 38
31 63 95
31 64 6
31 65 60
31 66 57
31 67 54
31 68 49
31 69 22
31 70 12
31 71 42
31 72 67
31 73 80
31 74 36
31 75 56
31 76 90
31 77 76
31 78 57
31 79 77
31 80 41
31 81 24
31 82 53
31 83 18
31 84 8
31 85 49
31 86 60
31 87 31
31 88 20
31 89 66
31 90 68
31 91 59
31 92 97
31 93 91
31 94 73
31 95 62
31 96 6
31 97 93
31 98 37
32 33 49
32 34 72
32 35 92
32 36 81
32 37 81
32 38 3
32 39 47
32 40 77
32 41 4
32 42 57
32 43 33
32 44 37
32 45 66
32 46 94
32 47 43
32 48 13
32 49 52
32 50 54
32 51 46
32 52 36
32 53 52
32 54 72
32 55 45
32 56 3
32 57 66
32 58 50
32 59 37
32 60 22
32 61 1
32 62 7
32 63 37
32 64 92
32 65 20
32 66 30
32 67 86
32 68 100
32 69 57
32 70 5
32 71 11
32 72 29
32 73 5
32 74 48
32 75 31
32 76 11
32 77 63
32 78 69
32 79 4
32 80 49
32 81 33
32 82 7
32 83 18
32 84 72
32 85 93
32 86 66
32 87 35
32 88 83
32 89 90
32 90 24
32 91 34
32 92 87
32 93 53
32 94 26
32 95 19
32 96 70
32 97 86
32 98 75
33 34 6
33 35 45
33 36 29
33 37 54
33 38 77
33 39 84
33 40 2
33 41 61
33 42 1
33 43 8
33 44 88
33 45 13
33 46 89
33 47 77
33 48 5
33 49 56
33 50 44
33 51 75
33 52 83
33 53 70
33 54 77
33 55 87
33 56 98
33 57 7
33 58 81
33 59 20
33 60 61
33 61 55
33 62 58
33 63 49
33 64 61
33 65 11
33 66 55
33 67 91
33 68 45
33 69 62
33 70 91
33 71 46
33 72 50
33 73 15
33 74 48
33 75 92
33 76 39
33 77 76
33 78 44
33 79 4
33 80 60
33 81 56
33 82 66
33 83 48
33 84 58
33 85 45
33 86 90
33 87 43
33 88 73
33 89 86
33 90 20
33 91 60
33 92 89
33 93 24
33 94 76
33 95 11
33 96 94
33 97 60
33 98 18
34 35 100
34 36 96
34 37 85
34 38 71
34 39 24
34 40 86
34 41 100
34 42 9
34 43 24
34 44 79
34 45 68
34 46 57
34 47 26
34 48 80
34 49 77
34 50 48
34 51 53
34 52 83
34 53 97
34 54 9
34 55 50
34 56 77
34 57 2
34 58 31
34 59 48
34 60 17
34 61 99
34 62 11
34 63 46
34 64 32
34 65 20
34 66 19
34 67 1
34 68 100
34 69 97
34 70 30
34 71 48
34 72 83
34 73 62
34 74 25
34 75 81
34 76 49
34 77 62
34 78 61
34 79 11
34 80 59
34 81 56
34 82 11
34 83 61
34 84 79
34 85 1
34 86 64
34 87 13
34 88 38
34 89 62
34 90 50
34 91 70
34 92 16
34 93 68
34 94 88
34 95 94
34 96 80
34 97 63
34 98 3
35 36 32
35 37 53
35 38 94
35 39 61
35 40 50
35 41 64
35 42 13
35 43 78
35 44 42
35 45 33
35 46 73
35 47 100
35 48 14
35 49 78
35 50 75
35 51 10
35 52 8
35 53 49
35 54 44
35 55 54
35 56 70
35 57 78
35 58 68
35 59 31
35 60 14
35 61 1
35 62 43
35 63 71
35 64 16
35 65 31
35 66 26
35 67 3
35 68 49
35 69 73
35 70 21
35 71 17
35 72 69
35 73 37
35 74 79
35 75 37
35 76 97
35 77 76
35 78 42
35 79 37
35 80 63
35 81 73
35 82 73
35 83 9
35 84 25
35 85 39
35 86 95
35 87 10
35 88 16
35 89 94
35 90 46
35 91 55
35 92 23
35 93 10
35 94 95
35 95 44
35 96 44
35 97 49
35 98 39
36 37 20
36 38 71
36 39 54
36 40 9
36 41 85
36 42 34
36 43 60
36 44 69
36 45 27
36 46 73
36 47 16
36 48 3
36 49 92
36 50 41
36 51 22
36 52 99
36 53 74
36 54 78
36 55 84
36 56 23
36 57 29
36 58 67
36 59 28
36 60 18
36 61 48
36 62 72
36 63 46
36 64 82
36 65 60
36 66 35
36 67 66
36 68 59
36 69 5
36 70 98
36 71 1
36 72 3
36 73 68
36 74 89
36 75 24
36 76 48
36 77 23
36 78 45
36 79 26
36 80 97
36 81 38
36 82 32
36 83 10
36 84 17
36 85 44
36 86 22
36 87 40
36 88 79
36 89 92
36 90 17
36 91 40
36 92 50
36 93 26
36 94 97
36 95 32
36 96 11
36 97 18
36 98 41
37 38 33
37 39 15
37 40 87
37 41 15
37 42 51
37 43 49
37 44 5
37 45 92
37 46 75
37 47 18
37 48 10
37 49 29
37 50 71
37 51 93
37 52 5
37 53 26
37 54 49
37 55 35
37 56 72
37 57 73
37 58 63
37 59 76
37 60 95
37 61 87
37 62 47
37 63 76
37 64 69
37 65 86
37 66 53
37 67 31
37 68 46
37 69 19
37 70 30
37 71 8
37 72 83
37 73 62
37 74 95
37 75 7
37 76 1
37 77 19
37 78 4
37 79 1
37 80 93
37 81 18
37 82 67
37 83 33
37 84 15
37 85 54
37 86 69
37 87 47
37 88 10
37 89 90
37 90 90
37 91 52
37 92 99
37 93 77
37 94 12
37 95 51
37 96 48
37 97 53
37 98 18
38 39 86
38 40 79
38 41 26
38 42 90
38 43 53
38 44 41
38 45 62
38 46 91
38 47 9
38 48 85
38 49 12
38 50 100
38 51 73
38 52 56
38 53 72
38 54 91
38 55 78
38 56 86
38 57 67
38 58 43
38 59 47
38 60 32
38 61 20
38 62 23
38 63 38
38 64 73
38 65 17
38 66 8
38 67 57
38 68 30
38 69 88
38 70 1
38 71 86
38 72 43
38 73 16
38 74 91
38 75 12
38 76 5
38 77 94
38 78 15
38 79 96
38 80 8
38 81 66
38 82 96
38 83 45
38 84 98
38 85 29
38 86 3
38 87 57
38 88 51
38 89 74
38 90 28
38 91 38
38 92 60
38 93 43
38 94 95
38 95 89
38 96 20
38 97 5
38 98 15
39 40 67
39 41 26
39 42 12
39 43 35
39 44 50
39 45 24
39 46 82
39 47 58
39 48 47
39 49 34
39 50 74
39 51 82
39 52 14
39 53 58
39 54 53
39 55 77
39 56 65
39 57 33
39 58 49
39 59 89
39 60 97
39 61 90
39 62 41
39 63 61
39 64 97
39 65 15
39 66 33
39 67 96
39 68 69
39 69 44
39 70 10
39 71 3
39 72 70
39 73 96
39 74 71
39 75 99
39 76 2
39 77 62
39 78 6
39 79 94
39 80 81
39 81 34
39 82 85
39 83 77
39 84 62
39 85 44
39 86 44
39 87 87
39 88 63
39 89 91
39 90 91
39 91 33
39 92 74
39 93 62
39 94 53
39 95 71
39 96 83
39 97 75
39 98 28
40 41 97
40 42 21
40 43 54
40 44 84
40 45 23
40 46 76
40 47 85
40 48 48
40 49 24
40 50 75
40 51 96
40 52 10
40 53 78
40 54 44
40 55 62
40 56 43
40 57 59
40 58 80
40 59 59
40 60 40
40 61 48
40 62 12
40 63 90
40 64 22
40 65 61
40 66 75
40 67 99
40 68 11
40 69 30
40 70 46
40 71 72
40 72 14
40 73 40
40 74 96
40 75 39
40 76 56
40 77 70
40 78 64
40 79 82
40 80 82
40 81 94
40 82 56
40 83 90
40 84 33
40 85 7
40 86 78
40 87 5
40 88 96
40 89 45
40 90 23
40 91 71
40 92 64
40 93 51
40 94 84
40 95 39
40 96 25
40 97 76
40 98 33
41 42 50
41 43 78
41 44 15
41 45 10
41 46 80
41 47 69
41 48 61
41 49 31
41 50 74
41 51 38
41 52 91
41 53 66
41 54 26
41 55 87
41 56 46
41 57 78
41 58 48
41 59 53
41 60 52
41 61 52
41 62 67
41 63 51
41 64 79
41 65 58
41 66 71
41 67 65
41 68 70
41 69 59
41 70 57
41 71 36
41 72 42
41 73 16
41 74 72
41 75 23
41 76 70
41 77 11
41 78 35
41 79 89
41 80 46
41 81 53
41 82 2
41 83 92
41 84 88
41 85 36
41 86 35
41 87 35
41 88 52
41 89 5
41 90 29
41 91 79
41 92 9
41 93 32
41 94 49
41 95 1
41 96 38
41 97 56
41 98 57
42 43 51
42 44 92
42 45 96
42 46 87
42 47 85
42 48 59
42 49 31
42 50 67
42 51 47
42 52 33
42 53 92
42 54 51
42 55 8
42 56 97
42 57 54
42 58 19
42 59 42
42 60 27
42 61 11
42 62 5
42 63 17
42 64 61
42 65 26
42 66 81
42 67 92
42 68 5
42 69 43
42 70 43
42 71 33
42 72 69
42 73 72
42 74 46
42 75 33
42 76 3
42 77 66
42 78 67
42 79 64
42 80 14
42 81 99
42 82 82
42 83 63
42 84 6
42 85 38
42 86 25
42 87 7
42 88 9
42 89 56
42 90 64
42 91 56
42 92 59
42 93 51
42 94 14
42 95 71
42 96 60
42 97 97
42 98 62
43 44 89
43 45 22
43 46 66
43 47 42
43 48 12
43 49 77
43 50 83
43 51 98
43 52 38
43 53 17
43 54 6
43 55 60
43 56 62
43 57 11
43 58 40
43 59 51
43 60 76
43 61 2
43 62 34
43 63 21
43 64 16
43 65 48
43 66 24
43 67 67
43 68 41
43 69 61
43 70 80
43 71 80
43 72 72
43 73 43
43 74 55
43 75 37
43 76 53
43 77 70
43 78 35
43 79 14
43 80 44
43 81 67
43 82 80
43 83 8
43 84 45
43 85 100
43 86 49
43 87 7
43 88 17
43 89 88
43 90 79
43 91 53
43 92 86
43 93 89
43 94 24
43 95 30
43 96 83
43 97 14
43 98 90
44 45 19
44 46 65
44 47 88
44 48 66
44 49 5
44 50 89
44 51 5
44 52 6
44 53 61
44 54 69
44 55 34
44 56 92
44 57 56
44 58 30
44 59 41
44 60 75
44 61 31
44 62 48
44 63 37
44 64 53
44 65 27
44 66 23
44 67 18
44 68 6
44 69 24
44 70 87
44 71 84
44 72 49
44 73 4
44 74 6
44 75 16
44 76 65
44 77 34
44 78 7
44 79 5
44 80 9
44 81 52
44 82 57
44 83 73
44 84 86
44 85 18
44 86 40
44 87 60
44 88 80
44 89 59
44 90 32
44 91 62
44 92 78
44 93 84
44 94 12
44 95 63
44 96 54
44 97 79
44 98 94
45 46 11
45 47 5
45 48 20
45 49 61
45 50 54
45 51 23
45 52 22
45 53 5
45 54 100
45 55 32
45 56 76
45 57 8
45 58 57
45 59 98
45 60 60
45 61 63
45 62 64
45 63 95
45 64 28
45 65 21
45 66 55
45 67 10
45 68 57
45 69 35
45 70 81
45 71 95
45 72 80
45 73 96
45 74 4
45 75 81
45 76 58
45 77 79
45 78 28
45 79 79
45 80 88
45 81 12
45 82 20
45 83 50
45 84 53
45 85 54
45 86 100
45 87 11
45 88 12
45 89 80
45 90 24
45 91 80
45 92 69
45 93 19
45 94 50
45 95 89
45 96 32
45 97 90
45 98 68
46 47 36
46 48 7
46 49 77
46 50 23
46 51 4
46 52 33
46 53 100
46 54 69
46 55 75
46 56 48
46 57 21
46 58 16
46 59 54
46 60 47
46 61 39
46 62 81
46 63 21
46 64 59
46 65 43
46 66 27
46 67 6
46 68 81
46 69 32
46 70 19
46 71 72
46 72 75
46 73 27
46 74 46
46 75 60
46 76 86
46 77 79
46 78 67
46 79 84
46 80 56
46 81 55
46 82 15
46 83 47
46 84 50
46 85 15
46 86 99
46 87 53
46 88 60
46 89 17
46 90 54
46 91 55
46 92 40
46 93 40
46 94 14
46 95 91
46 96 65
46 97 68
46 98 55
47 48 11
47 49 40
47 50 69
47 51 23
47 52 5
47 53 19
47 54 65
47 55 9
47 56 4
47 57 89
47 58 14
47 59 59
47 60 8
47 61 97
47 62 86
47 63 19
47 64 74
47 65 26
47 66 78
47 67 78
47 68 24
47 69 13
47 70 69
47 71 36
47 72 41
47 73 63
47 74 7
47 75 4
47 76 67
47 77 81
47 78 51
47 79 41
47 80 96
47 81 44
47 82 73
47 83 91
47 84 90
47 85 45
47 86 59
47 87 81
47 88 25
47 89 76
47 90 19
47 91 82
47 92 20
47 93 1
47 94 45
47 95 70
47 96 20
47 97 4
47 98 82
48 49 19
48 50 95
48 51 96
48 52 67
48 53 95
48 54 21
48 55 4
48 56 55
48 57 51
48 58 84
48 59 67
48 60 23
48 61 75
48 62 91
48 63 67
48 64 100
48 65 75
48 66 78
48 67 100
48 68 28
48 69 27
48 70 15
48 71 42
48 72 21
48 73 96
48 74 2
48 75 20
48 76 65
48 77 58
48 78 68
48 79 95
48 80 24
48 81 49
48 82 29
48 83 59
48 84 21
48 85 88
48 86 84
48 87 67
48 88 66
48 89 9
48 90 44
48 91 53
48 92 26
48 93 16
48 94 45
48 95 20
48 96 21
48 97 31
48 98 28
49 50 70
49 51 22
49 52 72
49 53 21
49 54 60
49 55 35
49 56 24
49 57 14
49 58 49
49 59 47
49 60 33
49 61 53
49 62 65
49 63 5
49 64 1
49 65 56
49 66 27
49 67 73
49 68 87
49 69 18
49 70 21
49 71 50
49 72 69
49 73 18
49 74 71
49 75 35
49 76 51
49 77 41
49 78 47
49 79 1
49 80 34
49 81 22
49 82 18
49 83 38
49 84 82
49 85 42
49 86 93
49 87 94
49 88 62
49 89 14
49 90 80
49 91 90
49 92 75
49 93 99
49 94 4
49 95 67
49 96 25
49 97 3
49 98 55
50 51 95
50 52 86
50 53 18
50 54 95
50 55 28
50 56 24
50 57 97
50 58 76
50 59 14
50 60 100
50 61 12
50 62 90
50 63 87
50 64 23
50 65 1
50 66 50
50 67 78
50 68 6
50 69 78
50 70 56
50 71 10
50 72 76
50 73 85
50 74 21
50 75 44
50 76 5
50 77 86
50 78 61
50 79 35
50 80 41
50 81 20
50 82 22
50 83 89
50 84 22
50 85 58
50 86 18
50 87 36
50 88 70
50 89 90
50 90 83
50 91 19
50 92 78
50 93 65
50 94 74
50 95 35
50 96 19
50 97 22
50 98 8
51 52 82
51 53 93
51 54 23
51 55 33
51 56 37
51 57 28
51 58 52
51 59 90
51 60 50
51 61 78
51 62 77
51 63 90
51 64 54
51 65 83
51 66 89
51 67 95
51 68 38
51 69 100
51 70 93
51 71 19
51 72 75
51 73 89
51 74 17
51 75 93
51 76 11
51 77 20
51 78 83
51 79 21
51 80 29
51 81 10
51 82 45
51 83 8
51 84 20
51 85 1
51 86 46
51 87 95
51 88 83
51 89 80
51 90 10
51 91 100
51 92 11
51 93 64
51 94 20
51 95 96
51 96 47
51 97 21
51 98 22
52 53 11
52 54 79
52 55 94
52 56 46
52 57 56
52 58 29
52 59 99
52 60 3
52 61 90
52 62 30
52 63 46
52 64 58
52 65 64
52 66 25
52 67 85
52 68 84
52 69 43
52 70 35
52 71 65
52 72 16
52 73 59
52 74 45
52 75 46
52 76 93
52 77 56
52 78 32
52 79 53
52 80 38
52 81 67
52 82 94
52 83 50
52 84 30
52 85 7
52 86 13
52 87 32
52 88 5
52 89 63
52 90 16
52 91 82
52 92 94
52 93 32
52 94 7
52 95 72
52 96 3
52 97 7
52 98 16
53 54 79
53 55 4
53 56 6
53 57 33
53 58 45
53 59 78
53 60 20
53 61 75
53 62 3
53 63 55
53 64 77
53 65 63
53 66 44
53 67 23
53 68 82
53 69 85
53 70 76
53 71 4
53 72 69
53 73 69
53 74 29
53 75 9
53 76 3
53 77 79
53 78 45
53 79 12
53 80 2
53 81 4
53 82 85
53 83 82
53 84 52
53 85 60
53 86 34
53 87 15
53 88 83
53 89 14
53 90 32
53 91 2
53 92 96
53 93 91
53 94 45
53 95 59
53 96 87
53 97 51
53 98 47
54 55 17
54 56 30
54 57 32
54 58 27
54 59 73
54 60 60
54 61 13
54 62 43
54 63 9
54 64 4
54 65 98
54 66 73
54 67 19
54 68 31
54 69 90
54 70 43
54 71 86
54 72 47
54 73 66
54 74 88
54 75 12
54 76 90
54 77 77
54 78 52
54 79 68
54 80 58
54 81 57
54 82 30
54 83 26
54 84 19
54 85 75
54 86 85
54 87 28
54 88 87
54 89 29
54 90 32
54 91 59
54 92 43
54 93 93
54 94 24
54 95 81
54 96 94
54 97 7
54 98 33
55 56 37
55 57 29
55 58 68
55 59 85
55 60 97
55 61 61
55 62 37
55 63 13
55 64 93
55 65 100
55 66 68
55 67 32
55 68 8
55 69 66
55 70 11
55 71 64
55 72 64
55 73 14
55 74 86
55 75 62
55 76 65
55 77 5
55 78 5
55 79 38
55 80 27
55 81 57
55 82 32
55 83 17
55 84 8
55 85 65
55 86 63
55 87 38
55 88 12
55 89 96
55 90 53
55 91 55
55 92 38
55 93 79
55 94 2
55 95 47
55 96 7
55 97 5
55 98 37
56 57 80
56 58 73
56 59 73
56 60 17
56 61 61
56 62 68
56 63 67
56 64 26
56 65 26
56 66 30
56 67 66
56 68 14
56 69 40
56 70 94
56 71 34
56 72 73
56 73 53
56 74 50
56 75 93
56 76 63
56 77 68
56 78 28
56 79 68
56 80 77
56 81 49
56 82 29
56 83 88
56 84 23
56 85 77
56 86 15
56 87 31
56 88 32
56 89 59
56 90 10
56 91 58
56 92 61
56 93 76
56 94 73
56 95 81
56 96 74
56 97 13
56 98 69
57 58 100
57 59 22
57 60 54
57 61 2
57 62 64
57 63 25
57 64 3
57 65 82
57 66 10
57 67 46
57 68 38
57 69 96
57 70 55
57 71 81
57 72 81
57 73 81
57 74 70
57 75 62
57 76 82
57 77 62
57 78 57
57 79 64
57 80 50
57 81 89
57 82 2
57 83 47
57 84 59
57 85 47
57 86 45
57 87 19
57 88 89
57 89 2
57 90 9
57 91 91
57 92 17
57 93 67
57 94 97
57 95 94
57 96 13
57 97 2
57 98 44
58 59 30
58 60 88
58 61 71
58 62 84
58 63 29
58 64 50
58 65 34
58 66 50
58 67 85
58 68 58
58 69 88
58 70 56
58 71 44
58 72 21
58 73 69
58 74 20
58 75 50
58 76 7
58 77 68
58 78 10
58 79 90
58 80 51
58 81 69
58 82 74
58 83 73
58 84 81
58 85 45
58 86 89
58 87 67
58 88 20
58 89 13
58 90 58
58 91 73
58 92 90
58 93 97
58 94 64
58 95 70
58 96 52
58 97 68
58 98 9
59 60 83
59 61 39
59 62 22
59 63 58
59 64 25
59 65 17
59 66 91
59 67 65
59 68 34
59 69 18
59 70 69
59 71 47
59 72 83
59 73 12
59 74 2
59 75 5
59 76 41
59 77 88
59 78 24
59 79 89
59 80 10
59 81 5
59 82 5
59 83 42
59 84 80
59 85 21
59 86 10
59 87 53
59 88 85
59 89 96
59 90 50
59 91 10
59 92 99
59 93 90
59 94 83
59 95 86
59 96 6
59 97 50
59 98 75
60 61 68
60 62 32
60 63 62
60 64 93
60 65 85
60 66 94
60 67 42
60 68 78
60 69 66
60 70 17
60 71 65
60 72 38
60 73 56
60 74 89
60 75 14
60 76 75
60 77 22
60 78 65
60 79 73
60 80 29
60 81 98
60 82 51
60 83 86
60 84 2
60 85 80
60 86 44
60 87 28
60 88 83
60 89 85
60 90 11
60 91 50
60 92 7
60 93 67
60 94 79
60 95 32
60 96 84
60 97 23
60 98 34
61 62 23
61 63 66
61 64 63
61 65 97
61 66 2
61 67 46
61 68 34
61 69 2
61 70 56
61 71 17
61 72 93
61 73 59
61 74 42
61 75 70
61 76 39
61 77 24
61 78 26
61 79 52
61 80 97
61 81 88
61 82 93
61 83 78
61 84 14
61 85 50
61 86 52
61 87 7
61 88 21
61 89 22
61 90 75
61 91 57
61 92 44
61 93 82
61 94 45
61 95 17
61 96 8
61 97 83
61 98 29
62 63 100
62 64 48
62 65 12
62 66 35
62 67 46
62 68 62
62 69 79
62 70 78
62 71 21
62 72 23
62 73 100
62 74 81
62 75 69
62 76 76
62 77 47
62 78 65
62 79 25
62 80 89
62 81 30
62 82 97
62 83 42
62 84 38
62 85 9
62 86 97
62 87 21
62 88 10
62 89 57
62 90 24
62 91 11
62 92 7
62 93 83
62 94 39
62 95 60
62 96 15
62 97 7
62 98 30
63 64 2
63 65 60
63 66 69
63 67 79
63 68 2
63 69 89
63 70 31
63 71 8
63 72 24
63 73 43
63 74 4
63 75 47
63 76 15
63 77 29
63 78 72
63 79 29
63 80 49
63 81 37
63 82 83
63 83 6
63 84 45
63 85 64
63 86 20
63 87 8
63 88 18
63 89 15
63 90 5
63 91 2
63 92 95
63 93 17
63 94 8
63 95 92
63 96 84
63 97 98
63 98 8
64 65 71
64 66 74
64 67 86
64 68 52
64 69 64
64 70 18
64 71 100
64 72 82
64 73 51
64 74 71
64 75 92
64 76 96
64 77 6
64 78 71
64 79 21
64 80 57
64 81 26
64 82 33
64 83 14
64 84 51
64 85 20
64 86 59
64 87 28
64 88 32
64 89 79
64 90 58
64 91 69
64 92 59
64 93 69
64 94 6
64 95 27
64 96 28
64 97 91
64 98 93
65 66 47
65 67 89
65 68 3
65 69 64
65 70 92
65 71 34
65 72 35
65 73 23
65 74 17
65 75 98
65 76 51
65 77 55
65 78 19
65 79 70
65 80 39
65 81 24
65 82 41
65 83 10
65 84 10
65 85 7
65 86 63
65 87 53
65 88 26
65 89 73
65 90 42
65 91 13
65 92 47
65 93 90
65 94 8
65 95 51
65 96 96
65 97 93
65 98 15
66 67 72
66 68 90
66 69 80
66 70 72
66 71 98
66 72 47
66 73 19
66 74 44
66 75 36
66 76 58
66 77 14
66 78 45
66 79 9
66 80 10
66 81 98
66 82 9
66 83 79
66 84 91
66 85 21
66 86 71
66 87 83
66 88 34
66 89 46
66 90 62
66 91 10
66 92 82
66 93 55
66 94 96
66 95 51
66 96 22
66 97 9
66 98 28
67 68 57
67 69 91
67 70 3
67 71 40
67 72 8
67 73 31
67 74 14
67 75 49
67 76 65
67 77 1
67 78 5
67 79 36
67 80 61
67 81 64
67 82 69
67 83 69
67 84 35
67 85 3
67 86 90
67 87 49
67 88 83
67 89 91
67 90 100
67 91 86
67 92 20
67 93 16
67 94 59
67 95 5
67 96 28
67 97 26
67 98 25
68 69 76
68 70 35
68 71 1
68 72 81
68 73 6
68 74 40
68 75 17
68 76 49
68 77 36
68 78 60
68 79 66
68 80 40
68 81 32
68 82 78
68 83 55
68 84 95
68 85 30
68 86 77
68 87 43
68 88 64
68 89 50
68 90 36
68 91 31
68 92 47
68 93 20
68 94 30
68 95 69
68 96 52
68 97 31
68 98 98
69 70 4
69 71 94
69 72 83
69 73 79
69 74 74
69 75 83
69 76 71
69 77 37
69 78 56
69 79 40
69 80 7
69 81 60
69 82 88
69 83 46
69 84 25
69 85 90
69 86 40
69 87 58
69 88 66
69 89 42
69 90 74
69 91 93
69 92 65
69 93 98
69 94 62
69 95 43
69 96 40
69 97 27
69 98 95
70 71 2
70 72 100
70 73 39
70 74 55
70 75 48
70 76 10
70 77 37
70 78 22
70 79 76
70 80 93
70 81 32
70 82 68
70 83 30
70 84 83
70 85 37
70 86 7
70 87 53
70 88 25
70 89 71
70 90 65
70 91 80
70 92 97
70 93 88
70 94 38
70 95 22
70 96 59
70 97 26
70 98 19
71 72 89
71 73 70
71 74 49
71 75 48
71 76 83
71 77 98
71 78 61
71 79 97
71 80 54
71 81 58
71 82 53
71 83 29
71 84 37
71 85 77
71 86 30
71 87 66
71 88 7
71 89 41
71 90 21
71 91 63
71 92 94
71 93 2
71 94 86
71 95 15
71 96 11
71 97 26
71 98 86
72 73 13
72 74 44
72 75 42
72 76 60
72 77 23
72 78 93
72 79 66
72 80 15
72 81 72
72 82 41
72 83 72
72 84 30
72 85 72
72 86 93
72 87 50
72 88 72
72 89 73
72 90 47
72 91 37
72 92 46
72 93 75
72 94 88
72 95 79
72 96 77
72 97 96
72 98 82
73 74 57
73 75 92
73 76 42
73 77 72
73 78 80
73 79 87
73 80 45
73 81 9
73 82 37
73 83 27
73 84 94
73 85 78
73 86 53
73 87 38
73 88 6
73 89 4
73 90 88
73 91 22
73 92 54
73 93 93
73 94 19
73 95 15
73 96 14
73 97 53
73 98 13
74 75 55
74 76 19
74 77 87
74 78 41
74 79 62
74 80 75
74 81 80
74 82 91
74 83 13
74 84 96
74 85 58
74 86 93
74 87 76
74 88 16
74 89 71
74 90 95
74 91 65
74 92 12
74 93 34
74 94 16
74 95 68
74 96 26
74 97 74
74 98 39
75 76 87
75 77 13
75 78 46
75 79 55
75 80 91
75 81 35
75 82 38
75 83 51
75 84 96
75 85 36
75 86 73
75 87 39
75 88 71
75 89 52
75 90 54
75 91 2
75 92 79
75 93 70
75 94 46
75 95 26
75 96 31
75 97 38
75 98 64
76 77 49
76 78 25
76 79 80
76 80 67
76 81 11
76 82 49
76 83 35
76 84 59
76 85 16
76 86 19
76 87 13
76 88 70
76 89 65
76 90 80
76 91 29
76 92 38
76 93 13
76 94 41
76 95 62
76 96 52
76 97 59
76 98 5
77 78 34
77 79 31
77 80 95
77 81 54
77 82 12
77 83 4
77 84 69
77 85 47
77 86 74
77 87 41
77 88 57
77 89 41
77 90 64
77 91 18
77 92 16
77 93 82
77 94 75
77 95 33
77 96 24
77 97 60
77 98 33
78 79 70
78 80 43
78 81 71
78 82 38
78 83 39
78 84 72
78 85 58
78 86 29
78 87 98
78 88 79
78 89 88
78 90 98
78 91 80
78 92 86
78 93 70
78 94 72
78 95 60
78 96 78
78 97 83
78 98 73
79 80 79
79 81 99
79 82 23
79 83 92
79 84 99
79 85 83
79 86 24
79 87 37
79 88 23
79 89 52
79 90 21
79 91 59
79 92 62
79 93 66
79 94 33
79 95 95
79 96 38
79 97 86
79 98 21
80 81 71
80 82 71
80 83 92
80 84 93
80 85 31
80 86 81
80 87 50
80 88 14
80 89 51
80 90 39
80 91 74
80 92 25
80 93 93
80 94 83
80 95 1
80 96 77
80 97 9
80 98 94
81 82 82
81 83 17
81 84 24
81 85 80
81 86 72
81 87 63
81 88 92
81 89 1
81 90 45
81 91 55
81 92 99
81 93 2
81 94 77
81 95 46
81 96 35
81 97 70
81 98 24
82 83 97
82 84 84
82 85 7
82 86 52
82 87 58
82 88 15
82 89 40
82 90 23
82 91 59
82 92 46
82 93 57
82 94 78
82 95 22
82 96 77
82 97 61
82 98 67
83 84 55
83 85 46
83 86 85
83 87 58
83 88 45
83 89 22
83 90 34
83 91 91
83 92 96
83 93 75
83 94 50
83 95 50
83 96 69
83 97 96
83 98 56
84 85 50
84 86 41
84 87 77
84 88 34
84 89 7
84 90 59
84 91 65
84 92 73
84 93 39
84 94 61
84 95 79
84 96 70
84 97 53
84 98 88
85 86 35
85 87 74
85 88 12
85 89 97
85 90 84
85 91 100
85 92 62
85 93 17
85 94 71
85 95 60
85 96 79
85 97 33
85 98 69
86 87 23
86 88 66
86 89 40
86 90 3
86 91 72
86 92 7
86 93 16
86 94 51
86 95 1
86 96 71
86 97 49
86 98 67
87 88 7
87 89 64
87 90 90
87 91 45
87 92 99
87 93 64
87 94 64
87 95 52
87 96 78
87 97 34
87 98 64
88 89 59
88 90 42
88 91 69
88 92 37
88 93 39
88 94 79
88 95 90
88 96 82
88 97 87
88 98 58
89 90 24
89 91 94
89 92 90
89 93 52
89 94 47
89 95 65
89 96 75
89 97 62
89 98 88
90 91 23
90 92 24
90 93 79
90 94 84
90 95 64
90 96 58
90 97 96
90 98 89
91 92 40
91 93 83
91 94 53
91 95 89
91 96 5
91 97 12
91 98 47
92 93 11
92 94 14
92 95 12
92 96 18
92 97 45
92 98 38
93 94 34
93 95 78
93 96 87
93 97 9
93 98 14
94 95 82
94 96 89
94 97 18
94 98 10
95 96 6
95 97 58
95 98 84
96 97 63
96 98 34
97 98 98
