53 1378 52
1 2 12
1 3 8
1 4 46
1 5 26
1 6 51
1 7 19
1 8 40
1 9 69
1 10 97
1 11 42
1 12 53
1 13 30
1 14 98
1 15 63
1 16 51
1 17 40
1 18 1
1 19 93
1 20 36
1 21 28
1 22 35
1 23 22
1 24 72
1 25 75
1 26 78
1 27 37
1 28 29
1 29 98
1 30 24
1 31 71
1 32 34
1 33 96
1 34 30
1 35 1
1 36 95
1 37 61
1 38 76
1 39 81
1 40 92
1 41 75
1 42 58
1 43 95
1 44 17
1 45 77
1 46 15
1 47 14
1 48 68
1 49 71
1 50 62
1 51 1
1 52 8
1 53 60
2 3 78
2 4 50
2 5 30
2 6 37
2 7 86
2 8 29
2 9 91
2 10 33
2 11 33
2 12 88
2 13 67
2 14 69
2 15 76
2 16 27
2 17 49
2 18 3
2 19 40
2 20 69
2 21 29
2 22 65
2 23 23
2 24 47
2 25 57
2 26 85
2 27 19
2 28 42
2 29 85
2 30 76
2 31 25
2 32 19
2 33 72
2 34 59
2 35 83
2 36 90
2 37 81
2 38 17
2 39 86
2 40 71
2 41 95
2 42 17
2 43 71
2 44 18
2 45 1
2 46 78
2 47 99
2 48 20
2 49 60
2 50 51
2 51 15
2 52 31
2 53 51
3 4 42
3 5 1
3 6 60
3 7 61
3 8 33
3 9 49
3 10 41
3 11 50
3 12 69
3 13 75
3 14 53
3 15 99
3 16 96
3 17 54
3 18 45
3 19 45
3 20 85
3 21 52
3 22 56
3 23 68
3 24 47
3 25 67
3 26 79
3 27 98
3 28 71
3 29 18
3 30 81
3 31 42
3 32 83
3 33 79
3 34 11
3 35 38
3 36 58
3 37 36
3 38 73
3 39 62
3 40 92
3 41 39
3 42 93
3 43 24
3 44 100
3 45 56
3 46 65
3 47 79
3 48 82
3 49 49
3 50 16
3 51 78
3 52 80
3 53 12
4 5 68
4 6 28
4 7 61
4 8 24
4 9 46
4 10 83
4 11 80
4 12 87
4 13 44
4 14 13
4 15 45
4 16 13
4 17 43
4 18 21
4 19 71
4 20 81
4 21 67
4 22 14
4 23 31
4 24 5
4 25 22
4 26 26
4 27 16
4 28 14
4 29 7
4 30 48
4 31 85
4 32 53
4 33 9
4 34 90
4 35 91
4 36 38
4 37 45
4 38 23
4 39 9
4 40 59
4 41 64
4 42 15
4 43 98
4 44 47
4 45 88
4 46 32
4 47 96
4 48 6
4 49 48
4 50 68
4 51 37
4 52 49
4 53 62
5 6 85
5 7 9
5 8 29
5 9 12
5 10 26
5 11 17
5 12 83
5 13 69
5 14 92
5 15 46
5 16 18
5 17 37
5 18 98
5 19 68
5 20 74
5 21 50
5 22 42
5 23 98
5 24 88
5 25 65
5 26 60
5 27 63
5 28 46
5 29 10
5 30 58
5 31 74
5 32 84
5 33 46
5 34 58
5 35 5
5 36 23
5 37 99
5 38 67
5 39 38
5 40 54
5 41 40
5 42 35
5 43 74
5 44 3
5 45 97
5 46 41
5 47 64
5 48 62
5 49 38
5 50 64
5 51 15
5 52 82
5 53 23
6 7 93
6 8 59
6 9 63
6 10 89
6 11 98
6 12 23
6 13 33
6 14 22
6 15 61
6 16 29
6 17 69
6 18 57
6 19 68
6 20 81
6 21 24
6 22 69
6 23 72
6 24 22
6 25 39
6 26 98
6 27 39
6 28 25
6 29 97
6 30 65
6 31 30
6 32 96
6 33 64
6 34 12
6 35 67
6 36 36
6 37 58
6 38 55
6 39 86
6 40 20
6 41 65
6 42 68
6 43 9
6 44 88
6 45 53
6 46 3
6 47 12
6 48 68
6 49 38
6 50 48
6 51 4
6 52 34
6 53 14
7 8 60
7 9 80
7 10 90
7 11 71
7 12 59
7 13 12
7 14 100
7 15 40
7 16 55
7 17 47
7 18 1
7 19 2
7 20 30
7 21 17
7 22 76
7 23 5
7 24 41
7 25 47
7 26 67
7 27 61
7 28 42
7 29 25
7 30 85
7 31 70
7 32 21
7 33 96
7 34 72
7 35 47
7 36 28
7 37 30
7 38 67
7 39 67
7 40 5
7 41 3
7 42 63
7 43 38
7 44 82
7 45 10
7 46 45
7 47 56
7 48 50
7 49 60
7 50 55
7 51 55
7 52 2
7 53 34
8 9 53
8 10 63
8 11 7
8 12 15
8 13 3
8 14 13
8 15 80
8 16 8
8 17 2
8 18 27
8 19 90
8 20 35
8 21 15
8 22 38
8 23 85
8 24 1
8 25 61
8 26 18
8 27 59
8 28 95
8 29 49
8 30 64
8 31 38
8 32 29
8 33 62
8 34 84
8 35 22
8 36 86
8 37 3
8 38 12
8 39 93
8 40 47
8 41 23
8 42 85
8 43 70
8 44 14
8 45 78
8 46 61
8 47 44
8 48 80
8 49 38
8 50 45
8 51 35
8 52 8
8 53 77
9 10 33
9 11 39
9 12 45
9 13 24
9 14 90
9 15 77
9 16 29
9 17 79
9 18 67
9 19 50
9 20 92
9 21 85
9 22 38
9 23 70
9 24 7
9 25 16
9 26 64
9 27 76
9 28 67
9 29 31
9 30 19
9 31 4
9 32 100
9 33 88
9 34 73
9 35 53
9 36 50
9 37 44
9 38 94
9 39 17
9 40 2
9 41 64
9 42 87
9 43 74
9 44 74
9 45 90
9 46 58
9 47 6
9 48 47
9 49 71
9 50 4
9 51 58
9 52 68
9 53 50
10 11 38
10 12 94
10 13 62
10 14 38
10 15 48
10 16 73
10 17 14
10 18 7
10 19 52
10 20 14
10 21 89
10 22 77
10 23 91
10 24 82
10 25 19
10 26 38
10 27 63
10 28 8
10 29 21
10 30 6
10 31 5
10 32 78
10 33 65
10 34 59
10 35 59
10 36 22
10 37 88
10 38 12
10 39 7
10 40 56
10 41 34
10 42 75
10 43 67
10 44 74
10 45 80
10 46 6
10 47 56
10 48 90
10 49 98
10 50 21
10 51 53
10 52 82
10 53 39
11 12 74
11 13 4
11 14 45
11 15 81
11 16 16
11 17 73
11 18 8
11 19 16
11 20 81
11 21 83
11 22 84
11 23 91
11 24 51
11 25 76
11 26 38
11 27 89
11 28 11
11 29 82
11 30 50
11 31 85
11 32 69
11 33 40
11 34 15
11 35 40
11 36 76
11 37 66
11 38 19
11 39 84
11 40 69
11 41 73
11 42 80
11 43 36
11 44 67
11 45 33
11 46 92
11 47 90
11 48 88
11 49 64
11 50 21
11 51 43
11 52 43
11 53 85
12 13 10
12 14 44
12 15 49
12 16 30
12 17 73
12 18 63
12 19 60
12 20 58
12 21 95
12 22 66
12 23 26
12 24 87
12 25 10
12 26 56
12 27 9
12 28 77
12 29 14
12 30 53
12 31 57
12 32 50
12 33 35
12 34 66
12 35 99
12 36 8
12 37 59
12 38 29
12 39 61
12 40 34
12 41 64
12 42 33
12 43 77
12 44 29
12 45 26
12 46 14
12 47 73
12 48 76
12 49 16
12 50 44
12 51 45
12 52 39
12 53 9
13 14 16
13 15 88
13 16 54
13 17 76
13 18 66
13 19 10
13 20 95
13 21 38
13 22 48
13 23 40
13 24 85
13 25 26
13 26 88
13 27 50
13 28 47
13 29 41
13 30 82
13 31 78
13 32 8
13 33 2
13 34 31
13 35 98
13 36 63
13 37 4
13 38 17
13 39 78
13 40 83
13 41 66
13 42 17
13 43 50
13 44 82
13 45 69
13 46 2
13 47 90
13 48 66
13 49 99
13 50 60
13 51 53
13 52 33
13 53 95
14 15 16
14 16 2
14 17 44
14 18 27
14 19 30
14 20 2
14 21 28
14 22 82
14 23 73
14 24 82
14 25 70
14 26 97
14 27 100
14 28 8
14 29 56
14 30 5
14 31 38
14 32 54
14 33 15
14 34 99
14 35 93
14 36 79
14 37 82
14 38 3
14 39 41
14 40 87
14 41 26
14 42 28
14 43 32
14 44 86
14 45 74
14 46 87
14 47 90
14 48 83
14 49 2
14 50 39
14 51 28
14 52 10
14 53 99
15 16 4
15 17 42
15 18 52
15 19 94
15 20 11
15 21 82
15 22 53
15 23 86
15 24 25
15 25 23
15 26 87
15 27 57
15 28 52
15 29 18
15 30 37
15 31 64
15 32 21
15 33 44
15 34 97
15 35 71
15 36 32
15 37 21
15 38 25
15 39 95
15 40 68
15 41 76
15 42 24
15 43 84
15 44 8
15 45 78
15 46 49
15 47 100
15 48 75
15 49 57
15 50 59
15 51 74
15 52 65
15 53 18
16 17 11
16 18 74
16 19 17
16 20 40
16 21 44
16 22 4
16 23 50
16 24 29
16 25 18
16 26 81
16 27 11
16 28 99
16 29 39
16 30 44
16 31 52
16 32 68
16 33 7
16 34 97
16 35 43
16 36 45
16 37 18
16 38 10
16 39 5
16 40 35
16 41 84
16 42 9
16 43 89
16 44 76
16 45 64
16 46 68
16 47 85
16 48 15
16 49 56
16 50 98
16 51 52
16 52 1
16 53 29
17 18 22
17 19 11
17 20 37
17 21 52
17 22 19
17 23 12
17 24 64
17 25 100
17 26 52
17 27 29
17 28 66
17 29 69
17 30 14
17 31 9
17 32 32
17 33 45
17 34 6
17 35 13
17 36 45
17 37 91
17 38 99
17 39 57
17 40 60
17 41 9
17 42 42
17 43 78
17 44 47
17 45 76
17 46 30
17 47 46
17 48 3
17 49 99
17 50 42
17 51 73
17 52 73
17 53 29
18 19 15
18 20 11
18 21 72
18 22 73
18 23 20
18 24 33
18 25 54
18 26 88
18 27 85
18 28 50
18 29 94
18 30 71
18 31 69
18 32 84
18 33 27
18 34 15
18 35 11
18 36 43
18 37 44
18 38 28
18 39 9
18 40 83
18 41 100
18 42 64
18 43 17
18 44 72
18 45 67
18 46 28
18 47 65
18 48 2
18 49 31
18 50 75
18 51 15
18 52 24
18 53 30
19 20 62
19 21 58
19 22 54
19 23 73
19 24 97
19 25 64
19 26 4
19 27 59
19 28 94
19 29 8
19 30 16
19 31 54
19 32 73
19 33 64
19 34 29
19 35 90
19 36 39
19 37 78
19 38 12
19 39 26
19 40 90
19 41 21
19 42 13
19 43 77
19 44 22
19 45 27
19 46 17
19 47 53
19 48 12
19 49 51
19 50 96
19 51 66
19 52 4
19 53 7
20 21 37
20 22 5
20 23 40
20 24 72
20 25 97
20 26 5
20 27 8
20 28 70
20 29 71
20 30 74
20 31 38
20 32 90
20 33 6
20 34 76
20 35 6
20 36 31
20 37 13
20 38 74
20 39 47
20 40 30
20 41 16
20 42 3
20 43 82
20 44 31
20 45 93
20 46 41
20 47 41
20 48 52
20 49 50
20 50 77
20 51 96
20 52 59
20 53 67
21 22 10
21 23 12
21 24 23
21 25 98
21 26 14
21 27 91
21 28 45
21 29 78
21 30 76
21 31 40
21 32 52
21 33 4
21 34 88
21 35 21
21 36 55
21 37 25
21 38 16
21 39 42
21 40 41
21 41 2
21 42 64
21 43 37
21 44 72
21 45 72
21 46 38
21 47 34
21 48 25
21 49 45
21 50 67
21 51 64
21 52 73
21 53 15
22 23 84
22 24 60
22 25 15
22 26 76
22 27 36
22 28 91
22 29 88
22 30 16
22 31 57
22 32 50
22 33 27
22 34 91
22 35 53
22 36 89
22 37 67
22 38 5
22 39 40
22 40 8
22 41 1
22 42 44
22 43 37
22 44 95
22 45 64
22 46 56
22 47 47
22 48 97
22 49 69
22 50 43
22 51 67
22 52 57
22 53 71
23 24 31
23 25 77
23 26 31
23 27 30
23 28 7
23 29 79
23 30 7
23 31 31
23 32 19
23 33 46
23 34 72
23 35 61
23 36 2
23 37 53
23 38 60
23 39 70
23 40 86
23 41 18
23 42 80
23 43 69
23 44 14
23 45 2
23 46 5
23 47 92
23 48 42
23 49 78
23 50 49
23 51 15
23 52 38
23 53 11
24 25 12
24 26 91
24 27 96
24 28 8
24 29 94
24 30 19
24 31 53
24 32 15
24 33 28
24 34 61
24 35 40
24 36 41
24 37 17
24 38 87
24 39 72
24 40 70
24 41 75
24 42 53
24 43 2
24 44 18
24 45 37
24 46 21
24 47 97
24 48 7
24 49 77
24 50 67
24 51 1
24 52 5
24 53 23
25 26 49
25 27 89
25 28 18
25 29 79
25 30 14
25 31 26
25 32 64
25 33 75
25 34 88
25 35 73
25 36 6
25 37 4
25 38 57
25 39 98
25 40 63
25 41 99
25 42 4
25 43 28
25 44 59
25 45 84
25 46 20
25 47 2
25 48 74
25 49 77
25 50 78
25 51 83
25 52 89
25 53 72
26 27 50
26 28 69
26 29 93
26 30 23
26 31 13
26 32 42
26 33 35
26 34 91
26 35 99
26 36 73
26 37 82
26 38 50
26 39 33
26 40 41
26 41 10
26 42 67
26 43 65
26 44 72
26 45 20
26 46 3
26 47 32
26 48 5
26 49 79
26 50 96
26 51 43
26 52 2
26 53 42
27 28 11
27 29 63
27 30 67
27 31 43
27 32 66
27 33 80
27 34 4
27 35 24
27 36 100
27 37 85
27 38 41
27 39 10
27 40 44
27 41 79
27 42 48
27 43 87
27 44 96
27 45 13
27 46 36
27 47 57
27 48 73
27 49 78
27 50 25
27 51 54
27 52 26
27 53 55
28 29 3
28 30 38
28 31 45
28 32 48
28 33 97
28 34 59
28 35 67
28 36 59
28 37 58
28 38 12
28 39 91
28 40 69
28 41 63
28 42 53
28 43 52
28 44 22
28 45 90
28 46 30
28 47 49
28 48 32
28 49 56
28 50 61
28 51 44
28 52 100
28 53 70
29 30 62
29 31 68
29 32 79
29 33 73
29 34 61
29 35 5
29 36 29
29 37 68
29 38 16
29 39 59
29 40 90
29 41 61
29 42 16
29 43 86
29 44 46
29 45 8
29 46 82
29 47 1
29 48 42
29 49 84
29 50 54
29 51 14
29 52 9
29 53 70
30 31 59
30 32 36
30 33 80
30 34 20
30 35 70
30 36 59
30 37 11
30 38 65
30 39 13
30 40 98
30 41 57
30 42 36
30 43 56
30 44 31
30 45 63
30 46 58
30 47 7
30 48 63
30 49 13
30 50 33
30 51 28
30 52 71
30 53 60
31 32 40
31 33 64
31 34 20
31 35 81
31 36 63
31 37 62
31 38 7
31 39 24
31 40 22
31 41 94
31 42 81
31 43 19
31 44 58
31 45 21
31 46 15
31 47 49
31 48 63
31 49 65
31 50 67
31 51 71
31 52 96
31 53 63
32 33 55
32 34 17
32 35 40
32 36 5
32 37 30
32 38 49
32 39 74
32 40 59
32 41 69
32 42 44
32 43 99
32 44 74
32 45 64
32 46 2
32 47 50
32 48 71
32 49 80
32 50 18
32 51 37
32 52 3
32 53 82
33 34 97
33 35 7
33 36 10
33 37 74
33 38 63
33 39 36
33 40 2
33 41 12
33 42 95
33 43 2
33 44 13
33 45 30
33 46 77
33 47 37
33 48 70
33 49 85
33 50 19
33 51 79
33 52 96
33 53 5
34 35 25
34 36 77
34 37 77
34 38 62
34 39 66
34 40 48
34 41 81
34 42 46
34 43 79
34 44 5
34 45 10
34 46 3
34 47 9
34 48 29
34 49 65
34 50 61
34 51 18
34 52 63
34 53 3
35 36 81
35 37 40
35 38 92
35 39 7
35 40 11
35 41 14
35 42 6
35 43 56
35 44 5
35 45 14
35 46 78
35 47 5
35 48 59
35 49 97
35 50 25
35 51 79
35 52 11
35 53 64
36 37 33
36 38 89
36 39 90
36 40 67
36 41 14
36 42 31
36 43 48
36 44 44
36 45 46
36 46 58
36 47 51
36 48 32
36 49 32
36 50 59
36 51 98
36 52 72
36 53 17
37 38 41
37 39 10
37 40 46
37 41 45
37 42 23
37 43 35
37 44 22
37 45 24
37 46 81
37 47 34
37 48 26
37 49 56
37 50 80
37 51 1
37 52 86
37 53 88
38 39 4
38 40 45
38 41 60
38 42 97
38 43 67
38 44 50
38 45 77
38 46 35
38 47 96
38 48 24
38 49 32
38 50 87
38 51 7
38 52 15
38 53 55
39 40 1
39 41 17
39 42 9
39 43 36
39 44 71
39 45 5
39 46 55
39 47 28
39 48 51
39 49 86
39 50 95
39 51 13
39 52 14
39 53 73
40 41 77
40 42 67
40 43 78
40 44 7
40 45 53
40 46 86
40 47 67
40 48 36
40 49 24
40 50 95
40 51 77
40 52 34
40 53 19
41 42 82
41 43 43
41 44 63
41 45 34
41 46 80
41 47 61
41 48 21
41 49 57
41 50 68
41 51 97
41 52 59
41 53 84
42 43 27
42 44 85
42 45 26
42 46 11
42 47 95
42 48 49
42 49 14
42 50 12
42 51 25
42 52 26
42 53 34
43 44 38
43 45 85
43 46 65
43 47 8
43 48 30
43 49 54
43 50 58
43 51 42
43 52 11
43 53 75
44 45 49
44 46 30
44 47 18
44 48 80
44 49 24
44 50 13
44 51 39
44 52 29
44 53 10
45 46 44
45 47 11
45 48 43
45 49 5
45 50 31
45 51 41
45 52 34
45 53 85
46 47 55
46 48 71
46 49 63
46 50 94
46 51 80
46 52 37
46 53 71
47 48 67
47 49 89
47 50 24
47 51 49
47 52 26
47 53 62
48 49 94
48 50 77
48 51 89
48 52 92
48 53 13
49 50 83
49 51 86
49 52 70
49 53 32
50 51 51
50 52 70
50 53 70
51 52 71
51 53 69
52 53 96
