110 5995 109
1 2 99
1 3 53
1 4 83
1 5 57
1 6 52
1 7 86
1 8 24
1 9 68
1 10 46
1 11 75
1 12 38
1 13 99
1 14 61
1 15 99
1 16 4
1 17 83
1 18 80
1 19 75
1 20 94
1 21 88
1 22 61
1 23 58
1 24 12
1 25 35
1 26 70
1 27 65
1 28 45
1 29 10
1 30 24
1 31 45
1 32 69
1 33 84
1 34 65
1 35 21
1 36 81
1 37 18
1 38 18
1 39 95
1 40 77
1 41 76
1 42 49
1 43 94
1 44 26
1 45 18
1 46 44
1 47 99
1 48 41
1 49 54
1 50 88
1 51 63
1 52 80
1 53 26
1 54 74
1 55 47
1 56 96
1 57 40
1 58 99
1 59 68
1 60 51
1 61 45
1 62 86
1 63 23
1 64 96
1 65 75
1 66 12
1 67 51
1 68 54
1 69 19
1 70 7
1 71 72
1 72 34
1 73 43
1 74 1
1 75 54
1 76 66
1 77 46
1 78 63
1 79 79
1 80 74
1 81 57
1 82 81
1 83 38
1 84 54
1 85 60
1 86 37
1 87 2
1 88 59
1 89 22
1 90 1
1 91 26
1 92 97
1 93 61
1 94 36
1 95 29
1 96 68
1 97 44
1 98 26
1 99 11
1 100 57
1 101 38
1 102 70
1 103 48
1 104 80
1 105 47
1 106 59
1 107 27
1 108 46
1 109 95
1 110 97
2 3 69
2 4 79
2 5 55
2 6 39
2 7 13
2 8 73
2 9 28
2 10 69
2 11 57
2 12 41
2 13 33
2 14 58
2 15 45
2 16 12
2 17 44
2 18 90
2 19 37
2 20 79
2 21 21
2 22 48
2 23 97
2 24 59
2 25 78
2 26 66
2 27 99
2 28 58
2 29 22
2 30 86
2 31 27
2 32 48
2 33 20
2 34 36
2 35 4
2 36 90
2 37 82
2 38 29
2 39 18
2 40 99
2 41 9
2 42 95
2 43 86
2 44 87
2 45 100
2 46 94
2 47 7
2 48 62
2 49 84
2 50 37
2 51 37
2 52 53
2 53 72
2 54 1
2 55 60
2 56 52
2 57 59
2 58 25
2 59 40
2 60 11
2 61 49
2 62 64
2 63 67
2 64 76
2 65 97
2 66 79
2 67 36
2 68 74
2 69 43
2 70 97
2 71 70
2 72 28
2 73 48
2 74 61
2 75 3
2 76 80
2 77 90
2 78 56
2 79 64
2 80 93
2 81 32
2 82 55
2 83 65
2 84 37
2 85 35
2 86 41
2 87 26
2 88 46
2 89 65
2 90 42
2 91 52
2 92 90
2 93 49
2 94 20
2 95 78
2 96 88
2 97 79
2 98 30
2 99 67
2 100 72
2 101 51
2 102 17
2 103 48
2 104 66
2 105 29
2 106 71
2 107 27
2 108 24
2 109 65
2 110 62
3 4 42
3 5 65
3 6 68
3 7 73
3 8 87
3 9 97
3 10 24
3 11 84
3 12 32
3 13 94
3 14 48
3 15 1
3 16 84
3 17 98
3 18 99
3 19 20
3 20 21
3 21 82
3 22 89
3 23 36
3 24 25
3 25 98
3 26 41
3 27 4
3 28 70
3 29 90
3 30 89
3 31 33
3 32 57
3 33 77
3 34 33
3 35 6
3 36 76
3 37 90
3 38 85
3 39 78
3 40 62
3 41 98
3 42 83
3 43 29
3 44 93
3 45 19
3 46 100
3 47 63
3 48 35
3 49 76
3 50 100
3 51 59
3 52 29
3 53 82
3 54 78
3 55 67
3 56 91
3 57 74
3 58 91
3 59 53
3 60 94
3 61 29
3 62 35
3 63 44
3 64 70
3 65 3
3 66 45
3 67 77
3 68 91
3 69 75
3 70 80
3 71 9
3 72 62
3 73 46
3 74 77
3 75 18
3 76 66
3 77 96
3 78 58
3 79 65
3 80 95
3 81 58
3 82 46
3 83 40
3 84 8
3 85 67
3 86 84
3 87 72
3 88 5
3 89 58
3 90 42
3 91 30
3 92 6
3 93 22
3 94 89
3 95 17
3 96 19
3 97 47
3 98 85
3 99 84
3 100 39
3 101 30
3 102 59
3 103 47
3 104 56
3 105 66
3 106 90
3 107 54
3 108 51
3 109 25
3 110 98
4 5 30
4 6 55
4 7 31
4 8 58
4 9 53
4 10 55
4 11 23
4 12 96
4 13 4
4 14 51
4 15 43
4 16 6
4 17 46
4 18 40
4 19 2
4 20 57
4 21 50
4 22 41
4 23 43
4 24 1
4 25 84
4 26 96
4 27 36
4 28 27
4 29 5
4 30 99
4 31 20
4 32 4
4 33 70
4 34 38
4 35 27
4 36 58
4 37 84
4 38 35
4 39 56
4 40 94
4 41 5
4 42 4
4 43 35
4 44 8
4 45 97
4 46 45
4 47 27
4 48 67
4 49 20
4 50 78
4 51 84
4 52 76
4 53 85
4 54 46
4 55 76
4 56 18
4 57 96
4 58 31
4 59 68
4 60 30
4 61 15
4 62 18
4 63 19
4 64 15
4 65 58
4 66 22
4 67 55
4 68 9
4 69 30
4 70 94
4 71 84
4 72 95
4 73 89
4 74 52
4 75 83
4 76 47
4 77 25
4 78 72
4 79 21
4 80 97
4 81 11
4 82 40
4 83 100
4 84 55
4 85 86
4 86 75
4 87 51
4 88 96
4 89 79
4 90 26
4 91 68
4 92 49
4 93 19
4 94 25
4 95 80
4 96 75
4 97 24
4 98 28
4 99 30
4 100 74
4 101 81
4 102 34
4 103 56
4 104 67
4 105 55
4 106 89
4 107 65
4 108 24
4 109 73
4 110 86
5 6 58
5 7 51
5 8 85
5 9 16
5 10 43
5 11 70
5 12 50
5 13 60
5 14 84
5 15 7
5 16 78
5 17 96
5 18 45
5 19 78
5 20 50
5 21 15
5 22 41
5 23 98
5 24 52
5 25 37
5 26 82
5 27 71
5 28 93
5 29 71
5 30 2
5 31 26
5 32 52
5 33 18
5 34 42
5 35 37
5 36 5
5 37 34
5 38 27
5 39 77
5 40 73
5 41 34
5 42 80
5 43 17
5 44 97
5 45 54
5 46 1
5 47 56
5 48 1
5 49 60
5 50 53
5 51 78
5 52 20
5 53 65
5 54 36
5 55 94
5 56 32
5 57 64
5 58 78
5 59 18
5 60 31
5 61 66
5 62 49
5 63 18
5 64 35
5 65 15
5 66 18
5 67 67
5 68 60
5 69 7
5 70 90
5 71 21
5 72 41
5 73 49
5 74 33
5 75 91
5 76 45
5 77 13
5 78 71
5 79 96
5 80 65
5 81 31
5 82 21
5 83 8
5 84 37
5 85 41
5 86 50
5 87 70
5 88 65
5 89 65
5 90 100
5 91 68
5 92 55
5 93 26
5 94 81
5 95 78
5 96 46
5 97 40
5 98 78
5 99 92
5 100 23
5 101 14
5 102 36
5 103 4
5 104 8
5 105 43
5 106 56
5 107 46
5 108 31
5 109 53
5 110 10
6 7 43
6 8 44
6 9 77
6 10 66
6 11 99
6 12 97
6 13 23
6 14 15
6 15 78
6 16 87
6 17 84
6 18 100
6 19 45
6 20 54
6 21 30
6 22 66
6 23 43
6 24 78
6 25 10
6 26 52
6 27 69
6 28 57
6 29 56
6 30 75
6 31 55
6 32 46
6 33 46
6 34 92
6 35 25
6 36 88
6 37 15
6 38 99
6 39 88
6 40 60
6 41 86
6 42 14
6 43 95
6 44 15
6 45 89
6 46 97
6 47 25
6 48 5
6 49 17
6 50 63
6 51 15
6 52 75
6 53 10
6 54 37
6 55 82
6 56 29
6 57 10
6 58 55
6 59 66
6 60 36
6 61 37
6 62 68
6 63 86
6 64 70
6 65 44
6 66 90
6 67 64
6 68 85
6 69 24
6 70 87
6 71 92
6 72 57
6 73 96
6 74 30
6 75 94
6 76 81
6 77 62
6 78 76
6 79 38
6 80 33
6 81 28
6 82 81
6 83 40
6 84 55
6 85 50
6 86 96
6 87 100
6 88 39
6 89 68
6 90 45
6 91 61
6 92 77
6 93 44
6 94 55
6 95 1
6 96 66
6 97 31
6 98 86
6 99 78
6 100 18
6 101 86
6 102 3
6 103 15
6 104 9
6 105 35
6 106 80
6 107 16
6 108 47
6 109 26
6 110 60
7 8 47
7 9 3
7 10 74
7 11 36
7 12 72
7 13 87
7 14 8
7 15 75
7 16 32
7 17 38
7 18 35
7 19 10
7 20 63
7 21 60
7 22 65
7 23 9
7 24 35
7 25 54
7 26 21
7 27 53
7 28 84
7 29 94
7 30 69
7 31 69
7 32 96
7 33 66
7 34 43
7 35 28
7 36 31
7 37 23
7 38 54
7 39 43
7 40 30
7 41 34
7 42 84
7 43 6
7 44 90
7 45 30
7 46 51
7 47 86
7 48 13
7 49 63
7 50 27
7 51 79
7 52 20
7 53 42
7 54 71
7 55 46
7 56 90
7 57 43
7 58 48
7 59 65
7 60 60
7 61 75
7 62 34
7 63 85
7 64 95
7 65 90
7 66 26
7 67 47
7 68 44
7 69 98
7 70 36
7 71 71
7 72 83
7 73 75
7 74 61
7 75 56
7 76 66
7 77 46
7 78 79
7 79 66
7 80 83
7 81 97
7 82 82
7 83 65
7 84 38
7 85 91
7 86 44
7 87 9
7 88 66
7 89 43
7 90 57
7 91 33
7 92 19
7 93 25
7 94 68
7 95 53
7 96 77
7 97 27
7 98 76
7 99 87
7 100 44
7 101 86
7 102 14
7 103 32
7 104 18
7 105 69
7 106 57
7 107 85
7 108 12
7 109 34
7 110 94
8 9 44
8 10 96
8 11 23
8 12 41
8 13 90
8 14 25
8 15 24
8 16 38
8 17 96
8 18 48
8 19 84
8 20 28
8 21 49
8 22 47
8 23 22
8 24 19
8 25 12
8 26 15
8 27 60
8 28 78
8 29 9
8 30 92
8 31 38
8 32 99
8 33 13
8 34 65
8 35 3
8 36 47
8 37 11
8 38 59
8 39 23
8 40 19
8 41 22
8 42 18
8 43 76
8 44 69
8 45 5
8 46 81
8 47 35
8 48 47
8 49 86
8 50 19
8 51 72
8 52 15
8 53 7
8 54 77
8 55 88
8 56 65
8 57 19
8 58 94
8 59 81
8 60 12
8 61 86
8 62 7
8 63 46
8 64 49
8 65 22
8 66 24
8 67 77
8 68 33
8 69 58
8 70 85
8 71 89
8 72 85
8 73 19
8 74 17
8 75 83
8 76 55
8 77 92
8 78 96
8 79 25
8 80 36
8 81 16
8 82 4
8 83 11
8 84 4
8 85 60
8 86 4
8 87 82
8 88 100
8 89 28
8 90 13
8 91 78
8 92 26
8 93 6
8 94 53
8 95 41
8 96 31
8 97 68
8 98 68
8 99 65
8 100 36
8 101 79
8 102 29
8 103 98
8 104 61
8 105 88
8 106 48
8 107 6
8 108 89
8 109 77
8 110 81
9 10 10
9 11 96
9 12 33
9 13 92
9 14 5
9 15 57
9 16 97
9 17 100
9 18 86
9 19 20
9 20 42
9 21 100
9 22 6
9 23 1
9 24 8
9 25 40
9 26 85
9 27 30
9 28 100
9 29 60
9 30 90
9 31 6
9 32 75
9 33 77
9 34 21
9 35 43
9 36 14
9 37 69
9 38 35
9 39 76
9 40 63
9 41 79
9 42 99
9 43 76
9 44 67
9 45 46
9 46 65
9 47 59
9 48 10
9 49 97
9 50 89
9 51 54
9 52 21
9 53 44
9 54 92
9 55 7
9 56 55
9 57 51
9 58 77
9 59 10
9 60 24
9 61 97
9 62 12
9 63 100
9 64 94
9 65 23
9 66 15
9 67 87
9 68 71
9 69 93
9 70 24
9 71 68
9 72 26
9 73 62
9 74 71
9 75 61
9 76 76
9 77 29
9 78 81
9 79 81
9 80 35
9 81 40
9 82 44
9 83 39
9 84 48
9 85 49
9 86 61
9 87 90
9 88 6
9 89 48
9 90 56
9 91 30
9 92 8
9 93 55
9 94 90
9 95 16
9 96 57
9 97 48
9 98 88
9 99 69
9 100 93
9 101 70
9 102 56
9 103 54
9 104 41
9 105 44
9 106 64
9 107 44
9 108 52
9 109 66
9 110 50
10 11 39
10 12 89
10 13 23
10 14 82
10 15 81
10 16 4
10 17 37
10 18 20
10 19 13
10 20 63
10 21 33
10 22 99
10 23 64
10 24 31
10 25 19
10 26 45
10 27 5
10 28 63
10 29 8
10 30 37
10 31 55
10 32 16
10 33 89
10 34 51
10 35 74
10 36 67
10 37 64
10 38 63
10 39 87
10 40 35
10 41 11
10 42 40
10 43 8
10 44 85
10 45 19
10 46 46
10 47 30
10 48 35
10 49 46
10 50 87
10 51 52
10 52 25
10 53 66
10 54 35
10 55 4
10 56 2
10 57 78
10 58 97
10 59 57
10 60 27
10 61 85
10 62 36
10 63 93
10 64 66
10 65 97
10 66 93
10 67 79
10 68 79
10 69 2
10 70 58
10 71 98
10 72 4
10 73 29
10 74 8
10 75 24
10 76 78
10 77 27
10 78 89
10 79 60
10 80 76
10 81 59
10 82 99
10 83 94
10 84 36
10 85 38
10 86 10
10 87 58
10 88 66
10 89 3
10 90 84
10 91 35
10 92 80
10 93 62
10 94 100
10 95 6
10 96 51
10 97 49
10 98 91
10 99 26
10 100 88
10 101 54
10 102 64
10 103 18
10 104 26
10 105 28
10 106 63
10 107 42
10 108 12
10 109 97
10 110 55
11 12 94
11 13 28
11 14 64
11 15 12
11 16 11
11 17 12
11 18 78
11 19 30
11 20 59
11 21 100
11 22 39
11 23 27
11 24 18
11 25 85
11 26 23
11 27 57
11 28 94
11 29 68
11 30 86
11 31 33
11 32 6
11 33 5
11 34 61
11 35 77
11 36 1
11 37 3
11 38 94
11 39 33
11 40 37
11 41 61
11 42 85
11 43 87
11 44 41
11 45 18
11 46 98
11 47 25
11 48 13
11 49 65
11 50 99
11 51 48
11 52 26
11 53 30
11 54 8
11 55 59
11 56 85
11 57 9
11 58 81
11 59 29
11 60 24
11 61 52
11 62 33
11 63 53
11 64 55
11 65 38
11 66 66
11 67 41
11 68 64
11 69 93
11 70 40
11 71 5
11 72 85
11 73 25
11 74 32
11 75 86
11 76 28
11 77 35
11 78 38
11 79 55
11 80 17
11 81 33
11 82 39
11 83 95
11 84 84
11 85 82
11 86 92
11 87 77
11 88 14
11 89 15
11 90 81
11 91 40
11 92 81
11 93 7
11 94 80
11 95 16
11 96 9
11 97 62
11 98 66
11 99 49
11 100 87
11 101 63
11 102 11
11 103 4
11 104 58
11 105 31
11 106 15
11 107 80
11 108 43
11 109 47
11 110 79
12 13 64
12 14 23
12 15 94
12 16 29
12 17 4
12 18 24
12 19 44
12 20 95
12 21 95
12 22 58
12 23 47
12 24 21
12 25 26
12 26 64
12 27 12
12 28 86
12 29 76
12 30 15
12 31 92
12 32 36
12 33 7
12 34 7
12 35 78
12 36 15
12 37 95
12 38 68
12 39 94
12 40 65
12 41 75
12 42 82
12 43 26
12 44 93
12 45 55
12 46 38
12 47 66
12 48 92
12 49 13
12 50 85
12 51 73
12 52 50
12 53 57
12 54 15
12 55 66
12 56 41
12 57 25
12 58 5
12 59 80
12 60 56
12 61 23
12 62 20
12 63 72
12 64 77
12 65 89
12 66 64
12 67 54
12 68 95
12 69 40
12 70 22
12 71 26
12 72 2
12 73 15
12 74 20
12 75 82
12 76 60
12 77 11
12 78 37
12 79 30
12 80 96
12 81 94
12 82 5
12 83 79
12 84 8
12 85 89
12 86 52
12 87 42
12 88 36
12 89 14
12 90 6
12 91 61
12 92 12
12 93 70
12 94 39
12 95 29
12 96 29
12 97 33
12 98 75
12 99 40
12 100 62
12 101 50
12 102 85
12 103 81
12 104 48
12 105 27
12 106 73
12 107 23
12 108 87
12 109 15
12 110 81
13 14 4
13 15 60
13 16 6
13 17 67
13 18 18
13 19 84
13 20 11
13 21 14
13 22 72
13 23 22
13 24 34
13 25 43
13 26 59
13 27 62
13 28 84
13 29 89
13 30 93
13 31 4
13 32 12
13 33 46
13 34 29
13 35 49
13 36 81
13 37 10
13 38 60
13 39 55
13 40 29
13 41 51
13 42 23
13 43 22
13 44 48
13 45 32
13 46 19
13 47 62
13 48 28
13 49 89
13 50 55
13 51 5
13 52 8
13 53 2
13 54 73
13 55 82
13 56 37
13 57 82
13 58 77
13 59 90
13 60 31
13 61 95
13 62 79
13 63 59
13 64 46
13 65 84
13 66 60
13 67 70
13 68 36
13 69 71
13 70 86
13 71 1
13 72 16
13 73 11
13 74 77
13 75 29
13 76 91
13 77 80
13 78 18
13 79 77
13 80 3
13 81 12
13 82 40
13 83 9
13 84 50
13 85 7
13 86 71
13 87 61
13 88 96
13 89 96
13 90 42
13 91 62
13 92 25
13 93 6
13 94 3
13 95 40
13 96 28
13 97 11
13 98 1
13 99 78
13 100 15
13 101 85
13 102 48
13 103 99
13 104 89
13 105 53
13 106 89
13 107 16
13 108 64
13 109 95
13 110 59
14 15 34
14 16 87
14 17 78
14 18 59
14 19 89
14 20 48
14 21 37
14 22 77
14 23 20
14 24 55
14 25 100
14 26 84
14 27 97
14 28 10
14 29 96
14 30 99
14 31 62
14 32 29
14 33 78
14 34 16
14 35 51
14 36 68
14 37 49
14 38 85
14 39 26
14 40 9
14 41 42
14 42 56
14 43 82
14 44 81
14 45 19
14 46 9
14 47 51
14 48 86
14 49 73
14 50 73
14 51 92
14 52 15
14 53 52
14 54 10
14 55 78
14 56 69
14 57 7
14 58 75
14 59 90
14 60 35
14 61 41
14 62 32
14 63 90
14 64 23
14 65 37
14 66 98
14 67 59
14 68 50
14 69 10
14 70 94
14 71 65
14 72 22
14 73 80
14 74 66
14 75 63
14 76 39
14 77 59
14 78 66
14 79 20
14 80 5
14 81 59
14 82 21
14 83 46
14 84 4
14 85 1
14 86 53
14 87 81
14 88 42
14 89 16
14 90 66
14 91 70
14 92 55
14 93 42
14 94 19
14 95 97
14 96 98
14 97 28
14 98 79
14 99 75
14 100 49
14 101 72
14 102 9
14 103 69
14 104 55
14 105 22
14 106 11
14 107 65
14 108 46
14 109 4
14 110 26
15 16 20
15 17 34
15 18 83
15 19 97
15 20 34
15 21 28
15 22 81
15 23 60
15 24 10
15 25 97
15 26 79
15 27 64
15 28 23
15 29 60
15 30 34
15 31 99
15 32 5
15 33 43
15 34 70
15 35 58
15 36 95
15 37 100
15 38 80
15 39 8
15 40 14
15 41 9
15 42 76
15 43 68
15 44 53
15 45 54
15 46 34
15 47 37
15 48 67
15 49 50
15 50 5
15 51 34
15 52 71
15 53 37
15 54 90
15 55 3
15 56 93
15 57 33
15 58 79
15 59 1
15 60 20
15 61 99
15 62 95
15 63 3
15 64 94
15 65 86
15 66 68
15 67 43
15 68 46
15 69 16
15 70 41
15 71 93
15 72 60
15 73 27
15 74 98
15 75 92
15 76 30
15 77 38
15 78 3
15 79 75
15 80 34
15 81 38
15 82 63
15 83 36
15 84 71
15 85 56
15 86 43
15 87 11
15 88 49
15 89 7
15 90 53
15 91 85
15 92 38
15 93 44
15 94 81
15 95 4
15 96 48
15 97 74
15 98 87
15 99 23
15 100 14
15 101 30
15 102 55
15 103 33
15 104 59
15 105 15
15 106 85
15 107 60
15 108 33
15 109 88
15 110 7
16 17 63
16 18 89
16 19 37
16 20 30
16 21 36
16 22 92
16 23 2
16 24 88
16 25 71
16 26 13
16 27 72
16 28 72
16 29 9
16 30 31
16 31 58
16 32 55
16 33 90
16 34 65
16 35 68
16 36 39
16 37 16
16 38 79
16 39 28
16 40 44
16 41 53
16 42 2
16 43 36
16 44 61
16 45 67
16 46 55
16 47 26
16 48 44
16 49 42
16 50 9
16 51 13
16 52 30
16 53 88
16 54 61
16 55 65
16 56 42
16 57 62
16 58 9
16 59 30
16 60 51
16 61 38
16 62 45
16 63 13
16 64 37
16 65 41
16 66 41
16 67 4
16 68 49
16 69 38
16 70 43
16 71 43
16 72 10
16 73 76
16 74 42
16 75 84
16 76 92
16 77 15
16 78 52
16 79 30
16 80 6
16 81 62
16 82 90
16 83 39
16 84 35
16 85 71
16 86 98
16 87 10
16 88 10
16 89 80
16 90 83
16 91 70
16 92 31
16 93 22
16 94 83
16 95 18
16 96 40
16 97 8
16 98 33
16 99 69
16 100 14
16 101 61
16 102 40
16 103 51
16 104 68
16 105 87
16 106 71
16 107 18
16 108 41
16 109 77
16 110 84
17 18 98
17 19 38
17 20 41
17 21 56
17 22 9
17 23 96
17 24 84
17 25 39
17 26 48
17 27 56
17 28 64
17 29 83
17 30 12
17 31 63
17 32 24
17 33 5
17 34 9
17 35 79
17 36 76
17 37 35
17 38 91
17 39 31
17 40 58
17 41 45
17 42 35
17 43 16
17 44 100
17 45 33
17 46 54
17 47 17
17 48 72
17 49 64
17 50 96
17 51 14
17 52 15
17 53 78
17 54 49
17 55 4
17 56 69
17 57 66
17 58 13
17 59 14
17 60 95
17 61 91
17 62 33
17 63 86
17 64 78
17 65 51
17 66 100
17 67 82
17 68 36
17 69 83
17 70 25
17 71 16
17 72 63
17 73 9
17 74 23
17 75 36
17 76 36
17 77 21
17 78 75
17 79 5
17 80 51
17 81 56
17 82 30
17 83 20
17 84 94
17 85 66
17 86 44
17 87 70
17 88 12
17 89 82
17 90 79
17 91 9
17 92 72
17 93 37
17 94 2
17 95 36
17 96 97
17 97 5
17 98 32
17 99 38
17 100 33
17 101 15
17 102 29
17 103 87
17 104 85
17 105 26
17 106 63
17 107 49
17 108 55
17 109 28
17 110 37
18 19 82
18 20 86
18 21 30
18 22 55
18 23 70
18 24 60
18 25 32
18 26 69
18 27 91
18 28 98
18 29 77
18 30 62
18 31 62
18 32 11
18 33 45
18 34 58
18 35 68
18 36 92
18 37 9
18 38 62
18 39 50
18 40 7
18 41 27
18 42 32
18 43 92
18 44 41
18 45 79
18 46 10
18 47 48
18 48 95
18 49 82
18 50 88
18 51 13
18 52 12
18 53 99
18 54 29
18 55 23
18 56 42
18 57 94
18 58 89
18 59 4
18 60 42
18 61 43
18 62 33
18 63 76
18 64 2
18 65 85
18 66 59
18 67 48
18 68 15
18 69 63
18 70 44
18 71 71
18 72 30
18 73 72
18 74 80
18 75 55
18 76 42
18 77 59
18 78 7
18 79 22
18 80 1
18 81 31
18 82 94
18 83 57
18 84 80
18 85 17
18 86 98
18 87 77
18 88 95
18 89 91
18 90 33
18 91 4
18 92 67
18 93 88
18 94 41
18 95 60
18 96 5
18 97 79
18 98 7
18 99 54
18 100 96
18 101 32
18 102 13
18 103 52
18 104 77
18 105 10
18 106 43
18 107 55
18 108 61
18 109 67
18 110 63
19 20 63
19 21 59
19 22 9
19 23 53
19 24 78
19 25 21
19 26 1
19 27 77
19 28 39
19 29 64
19 30 53
19 31 47
19 32 92
19 33 98
19 34 45
19 35 36
19 36 1
19 37 33
19 38 62
19 39 82
19 40 31
19 41 32
19 42 59
19 43 45
19 44 32
19 45 99
19 46 50
19 47 91
19 48 32
19 49 87
19 50 39
19 51 27
19 52 21
19 53 42
19 54 100
19 55 87
19 56 25
19 57 76
19 58 66
19 59 54
19 60 95
19 61 56
19 62 10
19 63 54
19 64 39
19 65 18
19 66 69
19 67 19
19 68 79
19 69 10
19 70 15
19 71 59
19 72 43
19 73 96
19 74 29
19 75 77
19 76 7
19 77 92
19 78 97
19 79 78
19 80 63
19 81 75
19 82 33
19 83 13
19 84 99
19 85 20
19 86 24
19 87 52
19 88 54
19 89 45
19 90 10
19 91 100
19 92 94
19 93 92
19 94 4
19 95 27
19 96 74
19 97 83
19 98 66
19 99 70
19 100 50
19 101 14
19 102 41
19 103 16
19 104 93
19 105 74
19 106 22
19 107 15
19 108 70
19 109 29
19 110 85
20 21 52
20 22 13
20 23 43
20 24 51
20 25 84
20 26 32
20 27 81
20 28 79
20 29 6
20 30 58
20 31 68
20 32 97
20 33 71
20 34 37
20 35 5
20 36 51
20 37 71
20 38 19
20 39 12
20 40 71
20 41 38
20 42 97
20 43 85
20 44 61
20 45 55
20 46 36
20 47 99
20 48 95
20 49 76
20 50 38
20 51 44
20 52 7
20 53 60
20 54 30
20 55 1
20 56 58
20 57 66
20 58 65
20 59 4
20 60 1
20 61 91
20 62 72
20 63 21
20 64 7
20 65 97
20 66 73
20 67 14
20 68 81
20 69 31
20 70 97
20 71 24
20 72 44
20 73 86
20 74 29
20 75 90
20 76 55
20 77 37
20 78 71
20 79 29
20 80 40
20 81 7
20 82 33
20 83 30
20 84 97
20 85 80
20 86 88
20 87 5
20 88 71
20 89 20
20 90 91
20 91 78
20 92 58
20 93 79
20 94 48
20 95 54
20 96 30
20 97 87
20 98 63
20 99 12
20 100 52
20 101 66
20 102 46
20 103 47
20 104 55
20 105 100
20 106 5
20 107 88
20 108 68
20 109 27
20 110 76
21 22 15
21 23 95
21 24 78
21 25 61
21 26 29
21 27 55
21 28 94
21 29 85
21 30 32
21 31 6
21 32 98
21 33 70
21 34 4
21 35 40
21 36 24
21 37 76
21 38 75
21 39 52
21 40 39
21 41 86
21 42 82
21 43 19
21 44 26
21 45 25
21 46 90
21 47 38
21 48 15
21 49 48
21 50 74
21 51 6
21 52 98
21 53 58
21 54 41
21 55 3
21 56 39
21 57 96
21 58 10
21 59 33
21 60 70
21 61 82
21 62 22
21 63 4
21 64 18
21 65 68
21 66 99
21 67 49
21 68 13
21 69 61
21 70 31
21 71 45
21 72 60
21 73 13
21 74 29
21 75 14
21 76 7
21 77 7
21 78 53
21 79 52
21 80 44
21 81 79
21 82 31
21 83 57
21 84 25
21 85 79
21 86 43
21 87 61
21 88 15
21 89 9
21 90 4
21 91 17
21 92 18
21 93 3
21 94 34
21 95 96
21 96 68
21 97 29
21 98 73
21 99 39
21 100 72
21 101 14
21 102 75
21 103 93
21 104 39
21 105 29
21 106 35
21 107 27
21 108 80
21 109 26
21 110 37
22 23 49
22 24 86
22 25 60
22 26 41
22 27 50
22 28 21
22 29 33
22 30 35
22 31 98
22 32 95
22 33 12
22 34 72
22 35 13
22 36 68
22 37 55
22 38 28
22 39 32
22 40 22
22 41 29
22 42 2
22 43 47
22 44 6
22 45 73
22 46 14
22 47 87
22 48 26
22 49 49
22 50 29
22 51 71
22 52 2
22 53 34
22 54 36
22 55 64
22 56 96
22 57 56
22 58 40
22 59 13
22 60 34
22 61 74
22 62 4
22 63 29
22 64 1
22 65 9
22 66 80
22 67 86
22 68 20
22 69 78
22 70 44
22 71 89
22 72 58
22 73 79
22 74 54
22 75 36
22 76 34
22 77 21
22 78 50
22 79 62
22 80 63
22 81 80
22 82 17
22 83 13
22 84 18
22 85 81
22 86 98
22 87 86
22 88 65
22 89 3
22 90 12
22 91 54
22 92 61
22 93 2
22 94 5
22 95 44
22 96 25
22 97 3
22 98 30
22 99 63
22 100 84
22 101 76
22 102 47
22 103 32
22 104 74
22 105 48
22 106 65
22 107 70
22 108 95
22 109 83
22 110 54
23 24 50
23 25 38
23 26 77
23 27 36
23 28 7
23 29 21
23 30 84
23 31 69
23 32 66
23 33 22
23 34 11
23 35 12
23 36 88
23 37 55
23 38 89
23 39 62
23 40 94
23 41 18
23 42 21
23 43 70
23 44 49
23 45 28
23 46 27
23 47 7
23 48 52
23 49 78
23 50 91
23 51 69
23 52 92
23 53 34
23 54 100
23 55 38
23 56 20
23 57 75
23 58 51
23 59 16
23 60 65
23 61 5
23 62 93
23 63 29
23 64 87
23 65 56
23 66 18
23 67 34
23 68 77
23 69 21
23 70 78
23 71 6
23 72 17
23 73 64
23 74 83
23 75 52
23 76 16
23 77 16
23 78 24
23 79 63
23 80 59
23 81 45
23 82 42
23 83 6
23 84 52
23 85 14
23 86 57
23 87 28
23 88 14
23 89 71
23 90 22
23 91 42
23 92 81
23 93 24
23 94 75
23 95 66
23 96 1
23 97 13
23 98 91
23 99 16
23 100 99
23 101 18
23 102 88
23 103 10
23 104 65
23 105 24
23 106 60
23 107 10
23 108 77
23 109 37
23 110 74
24 25 71
24 26 75
24 27 76
24 28 48
24 29 55
24 30 36
24 31 26
24 32 25
24 33 13
24 34 69
24 35 72
24 36 81
24 37 46
24 38 53
24 39 1
24 40 8
24 41 9
24 42 11
24 43 45
24 44 2
24 45 64
24 46 31
24 47 29
24 48 39
24 49 40
24 50 56
24 51 97
24 52 60
24 53 97
24 54 34
24 55 82
24 56 33
24 57 46
24 58 53
24 59 93
24 60 51
24 61 37
24 62 55
24 63 63
24 64 51
24 65 57
24 66 65
24 67 94
24 68 10
24 69 27
24 70 8
24 71 78
24 72 88
24 73 8
24 74 84
24 75 43
24 76 60
24 77 41
24 78 93
24 79 80
24 80 91
24 81 64
24 82 19
24 83 54
24 84 95
24 85 69
24 86 2
24 87 40
24 88 31
24 89 91
24 90 25
24 91 69
24 92 99
24 93 47
24 94 78
24 95 13
24 96 10
24 97 42
24 98 96
24 99 8
24 100 21
24 101 10
24 102 87
24 103 32
24 104 30
24 105 60
24 106 10
24 107 83
24 108 18
24 109 30
24 110 85
25 26 8
25 27 61
25 28 61
25 29 95
25 30 16
25 31 35
25 32 58
25 33 35
25 34 35
25 35 44
25 36 24
25 37 31
25 38 13
25 39 4
25 40 73
25 41 3
25 42 43
25 43 64
25 44 60
25 45 34
25 46 82
25 47 19
25 48 47
25 49 81
25 50 21
25 51 81
25 52 30
25 53 48
25 54 21
25 55 2
25 56 78
25 57 23
25 58 74
25 59 23
25 60 70
25 61 77
25 62 85
25 63 82
25 64 40
25 65 69
25 66 39
25 67 39
25 68 89
25 69 31
25 70 38
25 71 1
25 72 26
25 73 97
25 74 34
25 75 49
25 76 50
25 77 98
25 78 30
25 79 10
25 80 6
25 81 3
25 82 41
25 83 96
25 84 61
25 85 54
25 86 13
25 87 8
25 88 24
25 89 8
25 90 77
25 91 73
25 92 14
25 93 78
25 94 48
25 95 34
25 96 37
25 97 74
25 98 38
25 99 43
25 100 55
25 101 11
25 102 11
25 103 67
25 104 30
25 105 64
25 106 17
25 107 85
25 108 55
25 109 28
25 110 70
26 27 55
26 28 55
26 29 5
26 30 69
26 31 53
26 32 52
26 33 51
26 34 5
26 35 55
26 36 23
26 37 70
26 38 83
26 39 70
26 40 8
26 41 4
26 42 14
26 43 28
26 44 47
26 45 81
26 46 77
26 47 80
26 48 57
26 49 41
26 50 81
26 51 26
26 52 6
26 53 50
26 54 53
26 55 81
26 56 94
26 57 10
26 58 70
26 59 6
26 60 7
26 61 32
26 62 17
26 63 92
26 64 76
26 65 19
26 66 26
26 67 17
26 68 7
26 69 51
26 70 72
26 71 1
26 72 12
26 73 60
26 74 62
26 75 88
26 76 52
26 77 13
26 78 75
26 79 3
26 80 82
26 81 96
26 82 82
26 83 83
26 84 52
26 85 84
26 86 19
26 87 19
26 88 98
26 89 63
26 90 81
26 91 57
26 92 85
26 93 1
26 94 26
26 95 57
26 96 7
26 97 81
26 98 29
26 99 36
26 100 8
26 101 48
26 102 75
26 103 75
26 104 89
26 105 61
26 106 73
26 107 35
26 108 38
26 109 94
26 110 48
27 28 68
27 29 76
27 30 91
27 31 59
27 32 67
27 33 52
27 34 36
27 35 57
27 36 31
27 37 42
27 38 28
27 39 47
27 40 91
27 41 19
27 42 85
27 43 71
27 44 23
27 45 8
27 46 43
27 47 87
27 48 52
27 49 6
27 50 88
27 51 48
27 52 3
27 53 42
27 54 64
27 55 82
27 56 54
27 57 46
27 58 71
27 59 11
27 60 32
27 61 10
27 62 26
27 63 90
27 64 43
27 65 47
27 66 84
27 67 44
27 68 41
27 69 20
27 70 50
27 71 79
27 72 65
27 73 19
27 74 62
27 75 29
27 76 56
27 77 66
27 78 17
27 79 6
27 80 60
27 81 60
27 82 83
27 83 98
27 84 18
27 85 99
27 86 19
27 87 19
27 88 90
27 89 61
27 90 95
27 91 13
27 92 69
27 93 22
27 94 67
27 95 64
27 96 40
27 97 11
27 98 62
27 99 73
27 100 89
27 101 63
27 102 41
27 103 46
27 104 28
27 105 92
27 106 92
27 107 84
27 108 3
27 109 82
27 110 51
28 29 22
28 30 90
28 31 24
28 32 18
28 33 21
28 34 70
28 35 48
28 36 7
28 37 81
28 38 59
28 39 8
28 40 42
28 41 77
28 42 28
28 43 42
28 44 31
28 45 63
28 46 92
28 47 84
28 48 73
28 49 62
28 50 58
28 51 9
28 52 87
28 53 84
28 54 46
28 55 27
28 56 66
28 57 32
28 58 20
28 59 29
28 60 51
28 61 66
28 62 36
28 63 40
28 64 8
28 65 30
28 66 67
28 67 62
28 68 91
28 69 57
28 70 44
28 71 81
28 72 71
28 73 62
28 74 33
28 75 45
28 76 6
28 77 67
28 78 10
28 79 57
28 80 37
28 81 32
28 82 33
28 83 14
28 84 46
28 85 21
28 86 90
28 87 55
28 88 34
28 89 53
28 90 2
28 91 91
28 92 99
28 93 53
28 94 46
28 95 71
28 96 17
28 97 60
28 98 28
28 99 51
28 100 87
28 101 72
28 102 60
28 103 1
28 104 29
28 105 65
28 106 44
28 107 3
28 108 40
28 109 1
28 110 51
29 30 81
29 31 68
29 32 25
29 33 52
29 34 51
29 35 36
29 36 85
29 37 71
29 38 50
29 39 91
29 40 61
29 41 50
29 42 57
29 43 11
29 44 75
29 45 28
29 46 20
29 47 27
29 48 86
29 49 84
29 50 5
29 51 100
29 52 61
29 53 1
29 54 29
29 55 46
29 56 44
29 57 66
29 58 42
29 59 85
29 60 93
29 61 47
29 62 50
29 63 100
29 64 63
29 65 12
29 66 45
29 67 55
29 68 2
29 69 13
29 70 37
29 71 19
29 72 68
29 73 75
29 74 42
29 75 79
29 76 85
29 77 11
29 78 16
29 79 89
29 80 50
29 81 94
29 82 51
29 83 21
29 84 90
29 85 70
29 86 75
29 87 30
29 88 82
29 89 19
29 90 46
29 91 75
29 92 84
29 93 77
29 94 95
29 95 69
29 96 43
29 97 49
29 98 96
29 99 67
29 100 25
29 101 33
29 102 31
29 103 71
29 104 32
29 105 84
29 106 52
29 107 22
29 108 34
29 109 10
29 110 82
30 31 27
30 32 73
30 33 47
30 34 61
30 35 80
30 36 21
30 37 97
30 38 8
30 39 42
30 40 21
30 41 44
30 42 7
30 43 11
30 44 56
30 45 34
30 46 3
30 47 80
30 48 83
30 49 46
30 50 27
30 51 1
30 52 58
30 53 89
30 54 46
30 55 49
30 56 80
30 57 31
30 58 2
30 59 17
30 60 84
30 61 69
30 62 58
30 63 17
30 64 80
30 65 36
30 66 55
30 67 87
30 68 39
30 69 25
30 70 100
30 71 99
30 72 28
30 73 18
30 74 53
30 75 36
30 76 83
30 77 54
30 78 2
30 79 68
30 80 36
30 81 28
30 82 3
30 83 14
30 84 94
30 85 83
30 86 80
30 87 76
30 88 60
30 89 97
30 90 61
30 91 94
30 92 20
30 93 78
30 94 58
30 95 20
30 96 7
30 97 34
30 98 27
30 99 63
30 100 88
30 101 31
30 102 3
30 103 24
30 104 79
30 105 38
30 106 69
30 107 62
30 108 10
30 109 94
30 110 99
31 32 96
31 33 53
31 34 64
31 35 71
31 36 80
31 37 60
31 38 76
31 39 31
31 40 16
31 41 40
31 42 44
31 43 39
31 44 12
31 45 28
31 46 79
31 47 54
31 48 89
31 49 94
31 50 88
31 51 36
31 52 28
31 53 40
31 54 34
31 55 29
31 56 83
31 57 54
31 58 57
31 59 1
31 60 28
31 61 57
31 62 94
31 63 17
31 64 79
31 65 45
31 66 69
31 67 26
31 68 17
31 69 73
31 70 30
31 71 75
31 72 62
31 73 77
31 74 28
31 75 96
31 76 32
31 77 62
31 78 6
31 79 76
31 80 73
31 81 98
31 82 10
31 83 36
31 84 7
31 85 8
31 86 38
31 87 68
31 88 71
31 89 57
31 90 70
31 91 24
31 92 10
31 93 85
31 94 88
31 95 68
31 96 44
31 97 27
31 98 11
31 99 57
31 100 4
31 101 72
31 102 60
31 103 1
31 104 77
31 105 59
31 106 6
31 107 43
31 108 81
31 109 77
31 110 48
32 33 49
32 34 53
32 35 35
32 36 77
32 37 51
32 38 29
32 39 34
32 40 89
32 41 82
32 42 7
32 43 31
32 44 34
32 45 57
32 46 80
32 47 33
32 48 98
32 49 48
32 50 61
32 51 22
32 52 16
32 53 88
32 54 32
32 55 91
32 56 66
32 57 4
32 58 20
32 59 33
32 60 65
32 61 25
32 62 7
32 63 41
32 64 25
32 65 77
32 66 52
32 67 59
32 68 76
32 69 46
32 70 7
32 71 21
32 72 100
32 73 54
32 74 68
32 75 66
32 76 63
32 77 73
32 78 50
32 79 52
32 80 28
32 81 99
32 82 67
32 83 14
32 84 25
32 85 22
32 86 49
32 87 9
32 88 58
32 89 67
32 90 68
32 91 58
32 92 84
32 93 78
32 94 24
32 95 60
32 96 89
32 97 36
32 98 100
32 99 28
32 100 17
32 101 24
32 102 13
32 103 11
32 104 47
32 105 55
32 106 10
32 107 56
32 108 79
32 109 9
32 110 50
33 34 87
33 35 93
33 36 32
33 37 68
33 38 27
33 39 74
33 40 72
33 41 93
33 42 25
33 43 60
33 44 74
33 45 74
33 46 60
33 47 33
33 48 82
33 49 66
33 50 87
33 51 33
33 52 50
33 53 98
33 54 95
33 55 5
33 56 82
33 57 98
33 58 95
33 59 24
33 60 62
33 61 14
33 62 53
33 63 92
33 64 81
33 65 70
33 66 100
33 67 84
33 68 32
33 69 87
33 70 97
33 71 71
33 72 56
33 73 94
33 74 12
33 75 75
33 76 38
33 77 64
33 78 74
33 79 26
33 80 36
33 81 99
33 82 75
33 83 21
33 84 29
33 85 31
33 86 7
33 87 36
33 88 8
33 89 20
33 90 19
33 91 77
33 92 48
33 93 18
33 94 53
33 95 24
33 96 86
33 97 18
33 98 37
33 99 31
33 100 100
33 101 37
33 102 52
33 103 5
33 104 32
33 105 55
33 106 54
33 107 68
33 108 81
33 109 73
33 110 58
34 35 44
34 36 81
34 37 11
34 38 2
34 39 27
34 40 82
34 41 88
34 42 21
34 43 66
34 44 9
34 45 15
34 46 57
34 47 34
34 48 97
34 49 45
34 50 16
34 51 59
34 52 65
34 53 76
34 54 25
34 55 55
34 56 61
34 57 35
34 58 90
34 59 84
34 60 89
34 61 73
34 62 71
34 63 17
34 64 82
34 65 34
34 66 23
34 67 43
34 68 89
34 69 9
34 70 83
34 71 76
34 72 1
34 73 71
34 74 99
34 75 28
34 76 34
34 77 3
34 78 98
34 79 25
34 80 12
34 81 45
34 82 24
34 83 53
34 84 79
34 85 60
34 86 53
34 87 19
34 88 70
34 89 75
34 90 33
34 91 36
34 92 84
34 93 90
34 94 29
34 95 5
34 96 15
34 97 34
34 98 14
34 99 32
34 100 85
34 101 32
34 102 10
34 103 39
34 104 20
34 105 52
34 106 45
34 107 15
34 108 37
34 109 41
34 110 87
35 36 80
35 37 37
35 38 67
35 39 100
35 40 44
35 41 48
35 42 25
35 43 16
35 44 46
35 45 28
35 46 36
35 47 48
35 48 33
35 49 27
35 50 57
35 51 79
35 52 10
35 53 56
35 54 30
35 55 30
35 56 91
35 57 7
35 58 2
35 59 87
35 60 66
35 61 35
35 62 51
35 63 68
35 64 32
35 65 52
35 66 10
35 67 72
35 68 48
35 69 77
35 70 17
35 71 52
35 72 8
35 73 5
35 74 80
35 75 6
35 76 15
35 77 35
35 78 34
35 79 47
35 80 72
35 81 23
35 82 34
35 83 14
35 84 73
35 85 94
35 86 36
35 87 49
35 88 27
35 89 69
35 90 44
35 91 15
35 92 90
35 93 11
35 94 68
35 95 33
35 96 44
35 97 33
35 98 53
35 99 35
35 100 47
35 101 51
35 102 64
35 103 16
35 104 7
35 105 50
35 106 86
35 107 57
35 108 70
35 109 24
35 110 49
36 37 26
36 38 49
36 39 93
36 40 86
36 41 51
36 42 24
36 43 99
36 44 71
36 45 99
36 46 10
36 47 45
36 48 30
36 49 4
36 50 65
36 51 8
36 52 92
36 53 29
36 54 3
36 55 17
36 56 28
36 57 18
36 58 88
36 59 24
36 60 51
36 61 81
36 62 74
36 63 19
36 64 9
36 65 29
36 66 27
36 67 79
36 68 36
36 69 91
36 70 28
36 71 59
36 72 90
36 73 51
36 74 39
36 75 39
36 76 34
36 77 40
36 78 36
36 79 77
36 80 26
36 81 12
36 82 96
36 83 41
36 84 60
36 85 39
36 86 88
36 87 59
36 88 47
36 89 41
36 90 70
36 91 72
36 92 38
36 93 54
36 94 83
36 95 63
36 96 74
36 97 3
36 98 98
36 99 67
36 100 61
36 101 21
36 102 68
36 103 65
36 104 55
36 105 73
36 106 80
36 107 35
36 108 63
36 109 12
36 110 82
37 38 49
37 39 83
37 40 10
37 41 36
37 42 23
37 43 74
37 44 15
37 45 99
37 46 20
37 47 75
37 48 27
37 49 87
37 50 100
37 51 82
37 52 52
37 53 56
37 54 96
37 55 33
37 56 43
37 57 65
37 58 100
37 59 65
37 60 83
37 61 57
37 62 54
37 63 49
37 64 41
37 65 64
37 66 40
37 67 42
37 68 73
37 69 35
37 70 83
37 71 23
37 72 61
37 73 14
37 74 97
37 75 71
37 76 35
37 77 77
37 78 32
37 79 40
37 80 60
37 81 33
37 82 81
37 83 26
37 84 57
37 85 33
37 86 84
37 87 8
37 88 51
37 89 35
37 90 70
37 91 61
37 92 83
37 93 76
37 94 21
37 95 30
37 96 76
37 97 87
37 98 77
37 99 29
37 100 30
37 101 9
37 102 65
37 103 49
37 104 13
37 105 93
37 106 26
37 107 44
37 108 53
37 109 54
37 110 28
38 39 41
38 40 62
38 41 61
38 42 10
38 43 85
38 44 65
38 45 30
38 46 56
38 47 41
38 48 46
38 49 50
38 50 52
38 51 54
38 52 36
38 53 61
38 54 25
38 55 64
38 56 51
38 57 35
38 58 76
38 59 26
38 60 5
38 61 31
38 62 78
38 63 21
38 64 51
38 65 79
38 66 92
38 67 52
38 68 54
38 69 65
38 70 17
38 71 9
38 72 67
38 73 66
38 74 82
38 75 64
38 76 6
38 77 8
38 78 6
38 79 98
38 80 66
38 81 38
38 82 1
38 83 80
38 84 4
38 85 1
38 86 48
38 87 49
38 88 69
38 89 69
38 90 41
38 91 40
38 92 59
38 93 99
38 94 54
38 95 14
38 96 99
38 97 85
38 98 57
38 99 31
38 100 22
38 101 6
38 102 84
38 103 27
38 104 66
38 105 79
38 106 30
38 107 98
38 108 24
38 109 30
38 110 99
39 40 46
39 41 23
39 42 59
39 43 89
39 44 37
39 45 63
39 46 58
39 47 15
39 48 10
39 49 16
39 50 89
39 51 76
39 52 35
39 53 28
39 54 93
39 55 49
39 56 55
39 57 6
39 58 12
39 59 91
39 60 13
39 61 23
39 62 72
39 63 80
39 64 22
39 65 47
39 66 88
39 67 29
39 68 27
39 69 58
39 70 33
39 71 4
39 72 33
39 73 8
39 74 8
39 75 31
39 76 84
39 77 32
39 78 87
39 79 32
39 80 89
39 81 63
39 82 35
39 83 65
39 84 70
39 85 66
39 86 70
39 87 31
39 88 41
39 89 55
39 90 54
39 91 60
39 92 71
39 93 57
39 94 100
39 95 64
39 96 62
39 97 68
39 98 47
39 99 1
39 100 22
39 101 35
39 102 72
39 103 15
39 104 4
39 105 76
39 106 22
39 107 50
39 108 79
39 109 60
39 110 25
40 41 38
40 42 68
40 43 78
40 44 22
40 45 76
40 46 12
40 47 6
40 48 84
40 49 27
40 50 67
40 51 4
40 52 39
40 53 95
40 54 11
40 55 87
40 56 35
40 57 37
40 58 55
40 59 81
40 60 97
40 61 81
40 62 58
40 63 89
40 64 59
40 65 39
40 66 18
40 67 56
40 68 57
40 69 36
40 70 47
40 71 13
40 72 51
40 73 68
40 74 12
40 75 81
40 76 86
40 77 99
40 78 95
40 79 1
40 80 75
40 81 92
40 82 85
40 83 68
40 84 86
40 85 39
40 86 99
40 87 60
40 88 71
40 89 18
40 90 54
40 91 72
40 92 23
40 93 8
40 94 37
40 95 22
40 96 13
40 97 84
40 98 91
40 99 92
40 100 48
40 101 98
40 102 40
40 103 20
40 104 42
40 105 63
40 106 1
40 107 45
40 108 72
40 109 91
40 110 18
41 42 89
41 43 87
41 44 45
41 45 68
41 46 43
41 47 82
41 48 19
41 49 51
41 50 20
41 51 35
41 52 27
41 53 18
41 54 62
41 55 69
41 56 50
41 57 40
41 58 5
41 59 86
41 60 52
41 61 4
41 62 96
41 63 13
41 64 89
41 65 94
41 66 90
41 67 43
41 68 56
41 69 13
41 70 34
41 71 98
41 72 56
41 73 7
41 74 35
41 75 75
41 76 18
41 77 73
41 78 70
41 79 91
41 80 41
41 81 25
41 82 30
41 83 12
41 84 49
41 85 91
41 86 48
41 87 100
41 88 11
41 89 4
41 90 88
41 91 35
41 92 45
41 93 59
41 94 71
41 95 30
41 96 91
41 97 36
41 98 13
41 99 73
41 100 93
41 101 75
41 102 100
41 103 5
41 104 11
41 105 59
41 106 23
41 107 100
41 108 96
41 109 19
41 110 87
42 43 1
42 44 42
42 45 92
42 46 34
42 47 19
42 48 88
42 49 76
42 50 21
42 51 36
42 52 16
42 53 41
42 54 89
42 55 31
42 56 5
42 57 62
42 58 56
42 59 70
42 60 16
42 61 10
42 62 69
42 63 37
42 64 36
42 65 40
42 66 75
42 67 81
42 68 93
42 69 80
42 70 41
42 71 94
42 72 24
42 73 37
42 74 54
42 75 32
42 76 14
42 77 58
42 78 39
42 79 12
42 80 97
42 81 19
42 82 10
42 83 39
42 84 37
42 85 51
42 86 18
42 87 79
42 88 35
42 89 21
42 90 57
42 91 61
42 92 24
42 93 12
42 94 54
42 95 4
42 96 5
42 97 63
42 98 68
42 99 84
42 100 83
42 101 57
42 102 16
42 103 73
42 104 60
42 105 18
42 106 34
42 107 4
42 108 100
42 109 100
42 110 16
43 44 7
43 45 5
43 46 95
43 47 99
43 48 96
43 49 63
43 50 39
43 51 94
43 52 73
43 53 62
43 54 16
43 55 54
43 56 79
43 57 46
43 58 47
43 59 29
43 60 78
43 61 24
43 62 87
43 63 75
43 64 30
43 65 66
43 66 37
43 67 13
43 68 42
43 69 61
43 70 60
43 71 71
43 72 42
43 73 6
43 74 44
43 75 18
43 76 40
43 77 90
43 78 100
43 79 28
43 80 85
43 81 30
43 82 49
43 83 48
43 84 81
43 85 60
43 86 27
43 87 72
43 88 49
43 89 44
43 90 5
43 91 95
43 92 60
43 93 58
43 94 74
43 95 78
43 96 76
43 97 34
43 98 97
43 99 27
43 100 76
43 101 68
43 102 33
43 103 61
43 104 7
43 105 98
43 106 54
43 107 49
43 108 61
43 109 2
43 110 43
44 45 23
44 46 77
44 47 56
44 48 12
44 49 43
44 50 6
44 51 20
44 52 57
44 53 67
44 54 71
44 55 25
44 56 77
44 57 33
44 58 44
44 59 38
44 60 56
44 61 49
44 62 22
44 63 57
44 64 10
44 65 9
44 66 77
44 67 5
44 68 7
44 69 14
44 70 26
44 71 80
44 72 12
44 73 63
44 74 1
44 75 69
44 76 23
44 77 61
44 78 68
44 79 75
44 80 41
44 81 12
44 82 15
44 83 67
44 84 20
44 85 1
44 86 65
44 87 52
44 88 55
44 89 83
44 90 96
44 91 25
44 92 88
44 93 44
44 94 20
44 95 2
44 96 2
44 97 27
44 98 56
44 99 100
44 100 89
44 101 63
44 102 83
44 103 15
44 104 88
44 105 54
44 106 46
44 107 12
44 108 88
44 109 74
44 110 9
45 46 90
45 47 59
45 48 77
45 49 37
45 50 61
45 51 36
45 52 32
45 53 84
45 54 84
45 55 26
45 56 5
45 57 93
45 58 4
45 59 45
45 60 44
45 61 99
45 62 2
45 63 40
45 64 3
45 65 7
45 66 48
45 67 69
45 68 95
45 69 15
45 70 42
45 71 28
45 72 80
45 73 12
45 74 83
45 75 46
45 76 75
45 77 42
45 78 69
45 79 85
45 80 36
45 81 74
45 82 64
45 83 89
45 84 11
45 85 48
45 86 60
45 87 71
45 88 49
45 89 46
45 90 14
45 91 37
45 92 48
45 93 83
45 94 88
45 95 17
45 96 46
45 97 52
45 98 35
45 99 76
45 100 46
45 101 49
45 102 95
45 103 65
45 104 78
45 105 46
45 106 22
45 107 68
45 108 3
45 109 93
45 110 38
46 47 11
46 48 19
46 49 22
46 50 87
46 51 57
46 52 31
46 53 98
46 54 5
46 55 11
46 56 66
46 57 22
46 58 82
46 59 91
46 60 100
46 61 15
46 62 44
46 63 85
46 64 95
46 65 91
46 66 27
46 67 24
46 68 75
46 69 27
46 70 2
46 71 82
46 72 25
46 73 38
46 74 98
46 75 95
46 76 49
46 77 10
46 78 71
46 79 25
46 80 1
46 81 51
46 82 61
46 83 36
46 84 32
46 85 38
46 86 8
46 87 62
46 88 50
46 89 44
46 90 73
46 91 28
46 92 59
46 93 7
46 94 50
46 95 68
46 96 94
46 97 9
46 98 9
46 99 30
46 100 69
46 101 47
46 102 47
46 103 20
46 104 42
46 105 72
46 106 1
46 107 17
46 108 41
46 109 59
46 110 18
47 48 77
47 49 2
47 50 37
47 51 56
47 52 90
47 53 68
47 54 36
47 55 4
47 56 4
47 57 44
47 58 12
47 59 100
47 60 15
47 61 49
47 62 4
47 63 44
47 64 29
47 65 52
47 66 82
47 67 97
47 68 92
47 69 42
47 70 65
47 71 89
47 72 15
47 73 89
47 74 60
47 75 59
47 76 32
47 77 65
47 78 72
47 79 75
47 80 34
47 81 67
47 82 83
47 83 75
47 84 81
47 85 1
47 86 36
47 87 68
47 88 3
47 89 30
47 90 92
47 91 62
47 92 78
47 93 83
47 94 52
47 95 52
47 96 81
47 97 60
47 98 59
47 99 3
47 100 99
47 101 89
47 102 34
47 103 2
47 104 90
47 105 76
47 106 11
47 107 84
47 108 51
47 109 85
47 110 96
48 49 65
48 50 65
48 51 32
48 52 89
48 53 43
48 54 96
48 55 56
48 56 1
48 57 49
48 58 61
48 59 84
48 60 53
48 61 29
48 62 85
48 63 92
48 64 23
48 65 11
48 66 77
48 67 3
48 68 7
48 69 42
48 70 1
48 71 56
48 72 94
48 73 79
48 74 11
48 75 90
48 76 78
48 77 15
48 78 67
48 79 36
48 80 34
48 81 3
48 82 34
48 83 13
48 84 33
48 85 61
48 86 1
48 87 44
48 88 51
48 89 55
48 90 30
48 91 59
48 92 2
48 93 91
48 94 87
48 95 75
48 96 1
48 97 83
48 98 50
48 99 14
48 100 22
48 101 38
48 102 16
48 103 89
48 104 70
48 105 8
48 106 83
48 107 94
48 108 67
48 109 89
48 110 24
49 50 92
49 51 61
49 52 66
49 53 19
49 54 86
49 55 53
49 56 26
49 57 61
49 58 30
49 59 92
49 60 44
49 61 69
49 62 11
49 63 88
49 64 4
49 65 91
49 66 31
49 67 61
49 68 38
49 69 9
49 70 25
49 71 27
49 72 43
49 73 28
49 74 41
49 75 58
49 76 62
49 77 100
49 78 83
49 79 100
49 80 99
49 81 45
49 82 9
49 83 58
49 84 7
49 85 67
49 86 35
49 87 14
49 88 17
49 89 23
49 90 52
49 91 21
49 92 13
49 93 72
49 94 79
49 95 86
49 96 96
49 97 43
49 98 20
49 99 30
49 100 56
49 101 92
49 102 81
49 103 3
49 104 100
49 105 14
49 106 34
49 107 91
49 108 54
49 109 77
49 110 4
50 51 82
50 52 90
50 53 18
50 54 24
50 55 16
50 56 39
50 57 31
50 58 72
50 59 90
50 60 11
50 61 6
50 62 32
50 63 32
50 64 41
50 65 81
50 66 61
50 67 71
50 68 9
50 69 81
50 70 75
50 71 86
50 72 64
50 73 34
50 74 89
50 75 47
50 76 10
50 77 66
50 78 18
50 79 65
50 80 21
50 81 60
50 82 22
50 83 20
50 84 66
50 85 97
50 86 81
50 87 56
50 88 17
50 89 94
50 90 50
50 91 53
50 92 84
50 93 32
50 94 75
50 95 17
50 96 24
50 97 48
50 98 88
50 99 57
50 100 43
50 101 91
50 102 53
50 103 41
50 104 80
50 105 12
50 106 30
50 107 64
50 108 68
50 109 9
50 110 23
51 52 87
51 53 94
51 54 97
51 55 79
51 56 14
51 57 100
51 58 13
51 59 40
51 60 31
51 61 78
51 62 17
51 63 82
51 64 88
51 65 44
51 66 85
51 67 79
51 68 89
51 69 82
51 70 50
51 71 34
51 72 89
51 73 27
51 74 98
51 75 14
51 76 43
51 77 19
51 78 81
51 79 18
51 80 57
51 81 38
51 82 89
51 83 3
51 84 57
51 85 98
51 86 61
51 87 76
51 88 14
51 89 45
51 90 53
51 91 33
51 92 22
51 93 43
51 94 98
51 95 2
51 96 61
51 97 52
51 98 100
51 99 56
51 100 72
51 101 50
51 102 67
51 103 73
51 104 91
51 105 74
51 106 9
51 107 39
51 108 13
51 109 44
51 110 82
52 53 62
52 54 80
52 55 81
52 56 48
52 57 4
52 58 43
52 59 25
52 60 37
52 61 22
52 62 48
52 63 26
52 64 89
52 65 2
52 66 27
52 67 96
52 68 93
52 69 53
52 70 70
52 71 53
52 72 49
52 73 23
52 74 20
52 75 79
52 76 63
52 77 68
52 78 7
52 79 61
52 80 60
52 81 40
52 82 94
52 83 24
52 84 72
52 85 59
52 86 2
52 87 100
52 88 43
52 89 72
52 90 7
52 91 26
52 92 92
52 93 50
52 94 80
52 95 77
52 96 30
52 97 65
52 98 26
52 99 33
52 100 42
52 101 76
52 102 60
52 103 83
52 104 99
52 105 7
52 106 51
52 107 32
52 108 29
52 109 54
52 110 98
53 54 55
53 55 28
53 56 93
53 57 68
53 58 59
53 59 61
53 60 7
53 61 41
53 62 70
53 63 5
53 64 94
53 65 92
53 66 37
53 67 22
53 68 86
53 69 75
53 70 2
53 71 33
53 72 95
53 73 41
53 74 71
53 75 62
53 76 53
53 77 65
53 78 42
53 79 54
53 80 44
53 81 15
53 82 42
53 83 100
53 84 6
53 85 73
53 86 5
53 87 43
53 88 100
53 89 33
53 90 22
53 91 50
53 92 88
53 93 2
53 94 67
53 95 82
53 96 95
53 97 80
53 98 40
53 99 45
53 100 10
53 101 100
53 102 28
53 103 9
53 104 66
53 105 88
53 106 33
53 107 56
53 108 30
53 109 88
53 110 41
54 55 23
54 56 13
54 57 91
54 58 95
54 59 50
54 60 2
54 61 71
54 62 45
54 63 5
54 64 21
54 65 55
54 66 66
54 67 11
54 68 86
54 69 14
54 70 46
54 71 93
54 72 61
54 73 30
54 74 87
54 75 97
54 76 7
54 77 12
54 78 55
54 79 55
54 80 73
54 81 37
54 82 16
54 83 93
54 84 83
54 85 17
54 86 80
54 87 20
54 88 47
54 89 65
54 90 28
54 91 35
54 92 50
54 93 2
54 94 50
54 95 63
54 96 6
54 97 1
54 98 12
54 99 87
54 100 36
54 101 37
54 102 76
54 103 78
54 104 42
54 105 52
54 106 34
54 107 2
54 108 3
54 109 28
54 110 17
55 56 88
55 57 7
55 58 41
55 59 95
55 60 74
55 61 51
55 62 30
55 63 7
55 64 38
55 65 62
55 66 3
55 67 95
55 68 2
55 69 75
55 70 50
55 71 75
55 72 5
55 73 76
55 74 29
55 75 74
55 76 63
55 77 72
55 78 56
55 79 77
55 80 55
55 81 64
55 82 91
55 83 31
55 84 54
55 85 45
55 86 58
55 87 17
55 88 86
55 89 49
55 90 78
55 91 23
55 92 31
55 93 63
55 94 45
55 95 44
55 96 26
55 97 9
55 98 11
55 99 75
55 100 91
55 101 61
55 102 8
55 103 61
55 104 21
55 105 9
55 106 73
55 107 67
55 108 35
55 109 82
55 110 3
56 57 84
56 58 64
56 59 88
56 60 39
56 61 98
56 62 62
56 63 89
56 64 91
56 65 37
56 66 81
56 67 51
56 68 4
56 69 62
56 70 1
56 71 97
56 72 53
56 73 88
56 74 73
56 75 74
56 76 83
56 77 47
56 78 34
56 79 50
56 80 57
56 81 31
56 82 52
56 83 87
56 84 27
56 85 91
56 86 53
56 87 4
56 88 78
56 89 15
56 90 43
56 91 92
56 92 97
56 93 77
56 94 65
56 95 6
56 96 73
56 97 24
56 98 20
56 99 30
56 100 16
56 101 89
56 102 71
56 103 47
56 104 35
56 105 47
56 106 78
56 107 53
56 108 83
56 109 28
56 110 91
57 58 20
57 59 83
57 60 7
57 61 75
57 62 7
57 63 10
57 64 99
57 65 49
57 66 13
57 67 83
57 68 3
57 69 21
57 70 92
57 71 73
57 72 46
57 73 1
57 74 22
57 75 35
57 76 6
57 77 90
57 78 87
57 79 40
57 80 54
57 81 63
57 82 45
57 83 79
57 84 15
57 85 12
57 86 17
57 87 79
57 88 18
57 89 4
57 90 81
57 91 57
57 92 91
57 93 73
57 94 80
57 95 33
57 96 26
57 97 66
57 98 32
57 99 61
57 100 64
57 101 92
57 102 43
57 103 67
57 104 83
57 105 96
57 106 96
57 107 1
57 108 38
57 109 40
57 110 96
58 59 37
58 60 8
58 61 29
58 62 37
58 63 34
58 64 31
58 65 26
58 66 19
58 67 38
58 68 7
58 69 15
58 70 91
58 71 51
58 72 82
58 73 19
58 74 60
58 75 58
58 76 87
58 77 98
58 78 67
58 79 17
58 80 71
58 81 26
58 82 15
58 83 78
58 84 12
58 85 91
58 86 49
58 87 88
58 88 33
58 89 11
58 90 13
58 91 45
58 92 27
58 93 22
58 94 12
58 95 17
58 96 58
58 97 76
58 98 36
58 99 25
58 100 32
58 101 95
58 102 15
58 103 26
58 104 52
58 105 53
58 106 81
58 107 15
58 108 31
58 109 63
58 110 39
59 60 18
59 61 17
59 62 47
59 63 14
59 64 49
59 65 87
59 66 83
59 67 57
59 68 32
59 69 29
59 70 7
59 71 97
59 72 88
59 73 92
59 74 27
59 75 60
59 76 82
59 77 21
59 78 48
59 79 41
59 80 57
59 81 47
59 82 41
59 83 15
59 84 39
59 85 34
59 86 90
59 87 32
59 88 28
59 89 82
59 90 44
59 91 77
59 92 62
59 93 6
59 94 35
59 95 29
59 96 93
59 97 71
59 98 25
59 99 37
59 100 87
59 101 80
59 102 12
59 103 70
59 104 38
59 105 41
59 106 92
59 107 26
59 108 49
59 109 13
59 110 34
60 61 83
60 62 47
60 63 68
60 64 23
60 65 34
60 66 48
60 67 43
60 68 93
60 69 69
60 70 18
60 71 17
60 72 70
60 73 43
60 74 16
60 75 53
60 76 83
60 77 26
60 78 22
60 79 28
60 80 4
60 81 36
60 82 68
60 83 50
60 84 10
60 85 8
60 86 33
60 87 60
60 88 30
60 89 85
60 90 95
60 91 67
60 92 58
60 93 38
60 94 68
60 95 28
60 96 49
60 97 61
60 98 46
60 99 89
60 100 18
60 101 83
60 102 91
60 103 51
60 104 38
60 105 21
60 106 15
60 107 67
60 108 28
60 109 78
60 110 93
61 62 29
61 63 10
61 64 84
61 65 65
61 66 71
61 67 36
61 68 43
61 69 55
61 70 15
61 71 9
61 72 5
61 73 8
61 74 16
61 75 63
61 76 88
61 77 78
61 78 28
61 79 65
61 80 34
61 81 10
61 82 83
61 83 3
61 84 36
61 85 5
61 86 8
61 87 1
61 88 56
61 89 84
61 90 30
61 91 18
61 92 33
61 93 79
61 94 66
61 95 41
61 96 3
61 97 84
61 98 40
61 99 45
61 100 90
61 101 68
61 102 35
61 103 22
61 104 63
61 105 92
61 106 95
61 107 3
61 108 83
61 109 60
61 110 44
62 63 64
62 64 63
62 65 20
62 66 24
62 67 59
62 68 20
62 69 26
62 70 31
62 71 11
62 72 91
62 73 81
62 74 4
62 75 52
62 76 5
62 77 33
62 78 88
62 79 22
62 80 8
62 81 73
62 82 45
62 83 66
62 84 22
62 85 23
62 86 37
62 87 55
62 88 51
62 89 14
62 90 61
62 91 93
62 92 57
62 93 94
62 94 25
62 95 27
62 96 8
62 97 22
62 98 29
62 99 83
62 100 7
62 101 82
62 102 3
62 103 73
62 104 47
62 105 49
62 106 78
62 107 94
62 108 58
62 109 70
62 110 47
63 64 52
63 65 38
63 66 78
63 67 28
63 68 92
63 69 33
63 70 8
63 71 98
63 72 41
63 73 83
63 74 75
63 75 74
63 76 30
63 77 83
63 78 96
63 79 38
63 80 50
63 81 45
63 82 94
63 83 54
63 84 34
63 85 51
63 86 66
63 87 52
63 88 20
63 89 84
63 90 59
63 91 36
63 92 28
63 93 94
63 94 5
63 95 22
63 96 62
63 97 53
63 98 29
63 99 39
63 100 85
63 101 79
63 102 95
63 103 48
63 104 27
63 105 30
63 106 44
63 107 35
63 108 5
63 109 85
63 110 2
64 65 19
64 66 40
64 67 71
64 68 11
64 69 15
64 70 64
64 71 40
64 72 39
64 73 19
64 74 7
64 75 18
64 76 49
64 77 33
64 78 94
64 79 40
64 80 100
64 81 84
64 82 22
64 83 92
64 84 21
64 85 74
64 86 93
64 87 45
64 88 61
64 89 97
64 90 22
64 91 84
64 92 53
64 93 80
64 94 49
64 95 34
64 96 41
64 97 56
64 98 25
64 99 31
64 100 100
64 101 86
64 102 22
64 103 1
64 104 31
64 105 36
64 106 34
64 107 2
64 108 52
64 109 43
64 110 99
65 66 8
65 67 6
65 68 4
65 69 92
65 70 30
65 71 34
65 72 22
65 73 99
65 74 64
65 75 84
65 76 49
65 77 31
65 78 84
65 79 43
65 80 95
65 81 99
65 82 52
65 83 67
65 84 56
65 85 70
65 86 87
65 87 65
65 88 30
65 89 51
65 90 87
65 91 28
65 92 58
65 93 42
65 94 86
65 95 64
65 96 70
65 97 3
65 98 3
65 99 64
65 100 40
65 101 20
65 102 89
65 103 100
65 104 13
65 105 94
65 106 64
65 107 40
65 108 11
65 109 43
65 110 84
66 67 69
66 68 30
66 69 14
66 70 25
66 71 6
66 72 44
66 73 82
66 74 78
66 75 11
66 76 40
66 77 84
66 78 26
66 79 13
66 80 22
66 81 45
66 82 86
66 83 4
66 84 3
66 85 41
66 86 16
66 87 23
66 88 35
66 89 89
66 90 50
66 91 85
66 92 82
66 93 61
66 94 62
66 95 64
66 96 28
66 97 2
66 98 58
66 99 12
66 100 19
66 101 85
66 102 56
66 103 93
66 104 16
66 105 42
66 106 56
66 107 23
66 108 53
66 109 18
66 110 61
67 68 75
67 69 25
67 70 24
67 71 70
67 72 1
67 73 88
67 74 9
67 75 17
67 76 17
67 77 16
67 78 35
67 79 54
67 80 87
67 81 70
67 82 17
67 83 3
67 84 44
67 85 17
67 86 70
67 87 91
67 88 68
67 89 79
67 90 69
67 91 59
67 92 60
67 93 43
67 94 31
67 95 68
67 96 60
67 97 55
67 98 54
67 99 65
67 100 74
67 101 85
67 102 80
67 103 25
67 104 83
67 105 99
67 106 67
67 107 85
67 108 79
67 109 57
67 110 37
68 69 47
68 70 18
68 71 96
68 72 31
68 73 61
68 74 30
68 75 15
68 76 23
68 77 23
68 78 15
68 79 59
68 80 67
68 81 16
68 82 91
68 83 30
68 84 56
68 85 98
68 86 69
68 87 21
68 88 9
68 89 26
68 90 39
68 91 62
68 92 34
68 93 61
68 94 88
68 95 17
68 96 67
68 97 95
68 98 15
68 99 65
68 100 74
68 101 3
68 102 65
68 103 35
68 104 61
68 105 38
68 106 78
68 107 99
68 108 85
68 109 88
68 110 36
69 70 78
69 71 37
69 72 5
69 73 33
69 74 88
69 75 68
69 76 3
69 77 44
69 78 86
69 79 84
69 80 6
69 81 5
69 82 49
69 83 97
69 84 64
69 85 97
69 86 21
69 87 19
69 88 13
69 89 69
69 90 22
69 91 50
69 92 34
69 93 27
69 94 93
69 95 65
69 96 17
69 97 96
69 98 31
69 99 34
69 100 87
69 101 77
69 102 51
69 103 25
69 104 62
69 105 59
69 106 56
69 107 75
69 108 80
69 109 26
69 110 21
70 71 56
70 72 19
70 73 32
70 74 57
70 75 62
70 76 75
70 77 83
70 78 33
70 79 77
70 80 86
70 81 18
70 82 62
70 83 2
70 84 84
70 85 72
70 86 29
70 87 66
70 88 65
70 89 12
70 90 91
70 91 86
70 92 23
70 93 99
70 94 35
70 95 29
70 96 89
70 97 14
70 98 37
70 99 64
70 100 25
70 101 3
70 102 25
70 103 75
70 104 26
70 105 97
70 106 60
70 107 52
70 108 87
70 109 5
70 110 96
71 72 64
71 73 28
71 74 44
71 75 21
71 76 9
71 77 48
71 78 31
71 79 8
71 80 60
71 81 40
71 82 72
71 83 2
71 84 17
71 85 98
71 86 24
71 87 51
71 88 49
71 89 45
71 90 17
71 91 99
71 92 62
71 93 56
71 94 3
71 95 100
71 96 25
71 97 87
71 98 58
71 99 75
71 100 81
71 101 69
71 102 88
71 103 54
71 104 25
71 105 31
71 106 28
71 107 6
71 108 89
71 109 75
71 110 57
72 73 32
72 74 90
72 75 64
72 76 75
72 77 14
72 78 80
72 79 95
72 80 20
72 81 41
72 82 74
72 83 86
72 84 27
72 85 13
72 86 65
72 87 44
72 88 76
72 89 59
72 90 37
72 91 53
72 92 46
72 93 26
72 94 89
72 95 55
72 96 37
72 97 75
72 98 52
72 99 76
72 100 78
72 101 51
72 102 16
72 103 79
72 104 32
72 105 48
72 106 64
72 107 50
72 108 23
72 109 90
72 110 94
73 74 67
73 75 81
73 76 9
73 77 47
73 78 26
73 79 35
73 80 98
73 81 47
73 82 72
73 83 16
73 84 59
73 85 4
73 86 1
73 87 86
73 88 25
73 89 3
73 90 66
73 91 8
73 92 51
73 93 19
73 94 34
73 95 60
73 96 78
73 97 97
73 98 7
73 99 44
73 100 74
73 101 41
73 102 37
73 103 27
73 104 84
73 105 83
73 106 16
73 107 13
73 108 8
73 109 50
73 110 56
74 75 4
74 76 22
74 77 82
74 78 56
74 79 42
74 80 7
74 81 30
74 82 70
74 83 58
74 84 68
74 85 21
74 86 68
74 87 53
74 88 23
74 89 84
74 90 40
74 91 80
74 92 96
74 93 72
74 94 70
74 95 6
74 96 17
74 97 70
74 98 50
74 99 17
74 100 79
74 101 69
74 102 18
74 103 57
74 104 61
74 105 15
74 106 91
74 107 75
74 108 21
74 109 61
74 110 28
75 76 45
75 77 44
75 78 94
75 79 48
75 80 99
75 81 36
75 82 85
75 83 83
75 84 99
75 85 53
75 86 98
75 87 31
75 88 85
75 89 7
75 90 55
75 91 30
75 92 26
75 93 80
75 94 73
75 95 71
75 96 52
75 97 30
75 98 74
75 99 87
75 100 82
75 101 33
75 102 43
75 103 4
75 104 38
75 105 12
75 106 87
75 107 95
75 108 71
75 109 25
75 110 41
76 77 62
76 78 70
76 79 61
76 80 79
76 81 29
76 82 84
76 83 13
76 84 100
76 85 54
76 86 59
76 87 40
76 88 4
76 89 12
76 90 75
76 91 57
76 92 60
76 93 33
76 94 47
76 95 28
76 96 12
76 97 66
76 98 89
76 99 36
76 100 37
76 101 4
76 102 80
76 103 80
76 104 31
76 105 76
76 106 72
76 107 14
76 108 25
76 109 43
76 110 13
77 78 78
77 79 68
77 80 36
77 81 27
77 82 41
77 83 44
77 84 4
77 85 3
77 86 83
77 87 6
77 88 93
77 89 22
77 90 33
77 91 46
77 92 73
77 93 44
77 94 50
77 95 18
77 96 70
77 97 38
77 98 29
77 99 26
77 100 96
77 101 6
77 102 60
77 103 17
77 104 39
77 105 89
77 106 17
77 107 59
77 108 50
77 109 7
77 110 7
78 79 55
78 80 21
78 81 14
78 82 89
78 83 17
78 84 93
78 85 48
78 86 90
78 87 7
78 88 33
78 89 31
78 90 92
78 91 74
78 92 98
78 93 88
78 94 7
78 95 24
78 96 8
78 97 53
78 98 92
78 99 63
78 100 88
78 101 99
78 102 52
78 103 91
78 104 11
78 105 39
78 106 78
78 107 54
78 108 88
78 109 22
78 110 51
79 80 49
79 81 69
79 82 66
79 83 23
79 84 96
79 85 68
79 86 5
79 87 29
79 88 41
79 89 34
79 90 74
79 91 48
79 92 83
79 93 42
79 94 8
79 95 95
79 96 5
79 97 59
79 98 13
79 99 47
79 100 93
79 101 1
79 102 95
79 103 60
79 104 18
79 105 9
79 106 73
79 107 13
79 108 89
79 109 6
79 110 2
80 81 10
80 82 56
80 83 59
80 84 73
80 85 71
80 86 12
80 87 51
80 88 6
80 89 97
80 90 36
80 91 82
80 92 3
80 93 14
80 94 66
80 95 36
80 96 53
80 97 86
80 98 45
80 99 61
80 100 73
80 101 60
80 102 82
80 103 63
80 104 65
80 105 24
80 106 84
80 107 45
80 108 82
80 109 41
80 110 67
81 82 77
81 83 9
81 84 31
81 85 31
81 86 78
81 87 25
81 88 31
81 89 69
81 90 5
81 91 30
81 92 41
81 93 77
81 94 66
81 95 73
81 96 73
81 97 45
81 98 55
81 99 26
81 100 97
81 101 88
81 102 82
81 103 57
81 104 69
81 105 38
81 106 82
81 107 96
81 108 63
81 109 2
81 110 3
82 83 64
82 84 32
82 85 16
82 86 82
82 87 22
82 88 45
82 89 60
82 90 76
82 91 66
82 92 3
82 93 15
82 94 36
82 95 87
82 96 78
82 97 94
82 98 87
82 99 86
82 100 9
82 101 16
82 102 81
82 103 95
82 104 33
82 105 42
82 106 89
82 107 54
82 108 73
82 109 2
82 110 22
83 84 54
83 85 63
83 86 25
83 87 70
83 88 90
83 89 42
83 90 17
83 91 82
83 92 38
83 93 49
83 94 45
83 95 19
83 96 6
83 97 49
83 98 43
83 99 4
83 100 56
83 101 75
83 102 47
83 103 46
83 104 35
83 105 17
83 106 15
83 107 57
83 108 49
83 109 44
83 110 60
84 85 66
84 86 45
84 87 16
84 88 81
84 89 48
84 90 56
84 91 9
84 92 11
84 93 61
84 94 72
84 95 54
84 96 92
84 97 91
84 98 23
84 99 1
84 100 46
84 101 96
84 102 2
84 103 12
84 104 79
84 105 100
84 106 92
84 107 52
84 108 39
84 109 32
84 110 56
85 86 36
85 87 4
85 88 17
85 89 85
85 90 97
85 91 11
85 92 22
85 93 9
85 94 30
85 95 69
85 96 60
85 97 35
85 98 12
85 99 20
85 100 9
85 101 28
85 102 79
85 103 67
85 104 30
85 105 1
85 106 57
85 107 60
85 108 56
85 109 28
85 110 64
86 87 86
86 88 61
86 89 89
86 90 19
86 91 84
86 92 45
86 93 6
86 94 16
86 95 63
86 96 22
86 97 38
86 98 13
86 99 93
86 100 13
86 101 85
86 102 44
86 103 24
86 104 62
86 105 73
86 106 100
86 107 26
86 108 65
86 109 42
86 110 10
87 88 23
87 89 55
87 90 42
87 91 54
87 92 3
87 93 99
87 94 44
87 95 17
87 96 71
87 97 47
87 98 1
87 99 35
87 100 94
87 101 33
87 102 9
87 103 18
87 104 19
87 105 13
87 106 40
87 107 80
87 108 75
87 109 47
87 110 57
88 89 21
88 90 82
88 91 9
88 92 46
88 93 20
88 94 25
88 95 29
88 96 10
88 97 83
88 98 87
88 99 34
88 100 100
88 101 43
88 102 9
88 103 1
88 104 19
88 105 10
88 106 89
88 107 89
88 108 6
88 109 34
88 110 20
89 90 70
89 91 94
89 92 7
89 93 20
89 94 96
89 95 95
89 96 79
89 97 38
89 98 74
89 99 33
89 100 18
89 101 65
89 102 4
89 103 84
89 104 55
89 105 37
89 106 32
89 107 42
89 108 61
89 109 74
89 110 43
90 91 19
90 92 97
90 93 46
90 94 28
90 95 63
90 96 40
90 97 9
90 98 84
90 99 61
90 100 90
90 101 97
90 102 23
90 103 54
90 104 52
90 105 99
90 106 71
90 107 99
90 108 39
90 109 64
90 110 19
91 92 39
91 93 33
91 94 77
91 95 4
91 96 41
91 97 31
91 98 38
91 99 87
91 100 73
91 101 48
91 102 54
91 103 7
91 104 48
91 105 88
91 106 14
91 107 69
91 108 91
91 109 27
91 110 36
92 93 29
92 94 47
92 95 25
92 96 2
92 97 71
92 98 96
92 99 95
92 100 62
92 101 77
92 102 25
92 103 95
92 104 13
92 105 62
92 106 33
92 107 92
92 108 13
92 109 82
92 110 44
93 94 44
93 95 19
93 96 99
93 97 57
93 98 80
93 99 16
93 100 74
93 101 69
93 102 99
93 103 84
93 104 77
93 105 36
93 106 53
93 107 68
93 108 22
93 109 46
93 110 98
94 95 65
94 96 88
94 97 73
94 98 48
94 99 1
94 100 44
94 101 16
94 102 20
94 103 79
94 104 97
94 105 24
94 106 80
94 107 25
94 108 41
94 109 13
94 110 30
95 96 8
95 97 93
95 98 25
95 99 90
95 100 62
95 101 70
95 102 15
95 103 65
95 104 97
95 105 77
95 106 3
95 107 17
95 108 81
95 109 17
95 110 88
96 97 54
96 98 48
96 99 37
96 100 34
96 101 51
96 102 95
96 103 65
96 104 1
96 105 54
96 106 82
96 107 42
96 108 44
96 109 31
96 110 21
97 98 99
97 99 45
97 100 54
97 101 76
97 102 69
97 103 61
97 104 43
97 105 53
97 106 19
97 107 89
97 108 87
97 109 50
97 110 14
98 99 46
98 100 42
98 101 80
98 102 53
98 103 54
98 104 53
98 105 64
98 106 69
98 107 38
98 108 82
98 109 29
98 110 24
99 100 87
99 101 80
99 102 74
99 103 10
99 104 9
99 105 83
99 106 27
99 107 76
99 108 89
99 109 24
99 110 25
100 101 91
100 102 65
100 103 86
100 104 22
100 105 88
100 106 41
100 107 13
100 108 11
100 109 39
100 110 66
101 102 65
101 103 93
101 104 27
101 105 48
101 106 25
101 107 72
101 108 83
101 109 80
101 110 27
102 103 5
102 104 63
102 105 22
102 106 67
102 107 41
102 108 93
102 109 85
102 110 57
103 104 31
103 105 5
103 106 24
103 107 3
103 108 71
103 109 13
103 110 12
104 105 7
104 106 31
104 107 91
104 108 77
104 109 95
104 110 61
105 106 12
105 107 72
105 108 88
105 109 29
105 110 59
106 107 23
106 108 47
106 109 39
106 110 69
107 108 89
107 109 16
107 110 58
108 109 21
108 110 86
109 110 68
