35 595 34
1 2 92
1 3 23
1 4 31
1 5 9
1 6 48
1 7 51
1 8 81
1 9 27
1 10 59
1 11 79
1 12 20
1 13 91
1 14 82
1 15 51
1 16 72
1 17 82
1 18 53
1 19 37
1 20 20
1 21 16
1 22 54
1 23 21
1 24 54
1 25 100
1 26 26
1 27 15
1 28 18
1 29 25
1 30 68
1 31 26
1 32 94
1 33 1
1 34 51
1 35 35
2 3 47
2 4 76
2 5 45
2 6 34
2 7 45
2 8 22
2 9 65
2 10 37
2 11 82
2 12 25
2 13 70
2 14 5
2 15 47
2 16 73
2 17 56
2 18 44
2 19 57
2 20 81
2 21 71
2 22 80
2 23 90
2 24 12
2 25 17
2 26 44
2 27 68
2 28 18
2 29 10
2 30 58
2 31 36
2 32 95
2 33 14
2 34 70
2 35 12
3 4 63
3 5 18
3 6 82
3 7 8
3 8 21
3 9 21
3 10 49
3 11 18
3 12 19
3 13 90
3 14 57
3 15 24
3 16 90
3 17 81
3 18 91
3 19 13
3 20 38
3 21 34
3 22 48
3 23 58
3 24 1
3 25 6
3 26 14
3 27 49
3 28 52
3 29 43
3 30 47
3 31 40
3 32 66
3 33 48
3 34 2
3 35 9
4 5 71
4 6 76
4 7 12
4 8 16
4 9 33
4 10 29
4 11 94
4 12 56
4 13 75
4 14 88
4 15 96
4 16 96
4 17 64
4 18 5
4 19 80
4 20 97
4 21 77
4 22 2
4 23 50
4 24 90
4 25 80
4 26 85
4 27 77
4 28 77
4 29 96
4 30 12
4 31 43
4 32 4
4 33 8
4 34 91
4 35 28
5 6 23
5 7 37
5 8 35
5 9 6
5 10 39
5 11 11
5 12 91
5 13 61
5 14 95
5 15 20
5 16 87
5 17 99
5 18 16
5 19 51
5 20 100
5 21 13
5 22 34
5 23 40
5 24 59
5 25 34
5 26 83
5 27 6
5 28 17
5 29 20
5 30 5
5 31 68
5 32 60
5 33 48
5 34 3
5 35 80
6 7 12
6 8 29
6 9 99
6 10 34
6 11 56
6 12 77
6 13 40
6 14 89
6 15 57
6 16 94
6 17 41
6 18 87
6 19 15
6 20 91
6 21 47
6 22 61
6 23 33
6 24 24
6 25 27
6 26 9
6 27 53
6 28 95
6 29 74
6 30 89
6 31 12
6 32 90
6 33 79
6 34 25
6 35 7
7 8 27
7 9 71
7 10 88
7 11 69
7 12 62
7 13 29
7 14 55
7 15 80
7 16 40
7 17 18
7 18 16
7 19 6
7 20 5
7 21 47
7 22 66
7 23 72
7 24 42
7 25 97
7 26 22
7 27 6
7 28 70
7 29 54
7 30 27
7 31 73
7 32 78
7 33 81
7 34 95
7 35 65
8 9 68
8 10 48
8 11 91
8 12 74
8 13 91
8 14 93
8 15 37
8 16 25
8 17 75
8 18 16
8 19 99
8 20 32
8 21 68
8 22 63
8 23 90
8 24 95
8 25 63
8 26 90
8 27 67
8 28 12
8 29 59
8 30 84
8 31 31
8 32 23
8 33 57
8 34 27
8 35 14
9 10 8
9 11 85
9 12 8
9 13 60
9 14 82
9 15 4
9 16 72
9 17 98
9 18 44
9 19 11
9 20 59
9 21 39
9 22 58
9 23 45
9 24 20
9 25 61
9 26 12
9 27 75
9 28 21
9 29 28
9 30 73
9 31 57
9 32 91
9 33 88
9 34 10
9 35 5
10 11 29
10 12 85
10 13 70
10 14 11
10 15 83
10 16 42
10 17 81
10 18 40
10 19 84
10 20 48
10 21 35
10 22 66
10 23 89
10 24 2
10 25 58
10 26 70
10 27 30
10 28 99
10 29 73
10 30 70
10 31 40
10 32 5
10 33 79
10 34 44
10 35 62
11 12 86
11 13 58
11 14 69
11 15 15
11 16 38
11 17 22
11 18 97
11 19 76
11 20 46
11 21 40
11 22 63
11 23 25
11 24 35
11 25 6
11 26 97
11 27 4
11 28 58
11 29 50
11 30 20
11 31 10
11 32 28
11 33 93
11 34 93
11 35 17
12 13 4
12 14 23
12 15 69
12 16 28
12 17 69
12 18 46
12 19 76
12 20 77
12 21 33
12 22 10
12 23 79
12 24 40
12 25 97
12 26 28
12 27 83
12 28 9
12 29 72
12 30 31
12 31 55
12 32 2
12 33 33
12 34 85
12 35 100
13 14 95
13 15 68
13 16 91
13 17 10
13 18 52
13 19 6
13 20 28
13 21 81
13 22 50
13 23 65
13 24 61
13 25 89
13 26 79
13 27 82
13 28 25
13 29 38
13 30 94
13 31 49
13 32 71
13 33 61
13 34 63
13 35 60
14 15 77
14 16 24
14 17 22
14 18 60
14 19 31
14 20 83
14 21 24
14 22 54
14 23 1
14 24 42
14 25 19
14 26 16
14 27 85
14 28 43
14 29 74
14 30 13
14 31 41
14 32 92
14 33 12
14 34 32
14 35 5
15 16 61
15 17 100
15 18 48
15 19 64
15 20 57
15 21 55
15 22 78
15 23 54
15 24 66
15 25 18
15 26 38
15 27 13
15 28 59
15 29 12
15 30 40
15 31 38
15 32 16
15 33 100
15 34 91
15 35 43
16 17 43
16 18 38
16 19 13
16 20 13
16 21 23
16 22 33
16 23 9
16 24 87
16 25 49
16 26 85
16 27 73
16 28 21
16 29 58
16 30 57
16 31 19
16 32 10
16 33 61
16 34 51
16 35 67
17 18 76
17 19 35
17 20 100
17 21 61
17 22 77
17 23 81
17 24 29
17 25 15
17 26 94
17 27 18
17 28 11
17 29 64
17 30 50
17 31 44
17 32 53
17 33 23
17 34 19
17 35 58
18 19 36
18 20 20
18 21 48
18 22 78
18 23 13
18 24 72
18 25 57
18 26 47
18 27 86
18 28 61
18 29 5
18 30 74
18 31 31
18 32 59
18 33 21
18 34 81
18 35 60
19 20 34
19 21 20
19 22 87
19 23 64
19 24 78
19 25 30
19 26 32
19 27 54
19 28 9
19 29 97
19 30 72
19 31 36
19 32 85
19 33 93
19 34 66
19 35 46
20 21 26
20 22 84
20 23 36
20 24 74
20 25 30
20 26 41
20 27 91
20 28 8
20 29 90
20 30 69
20 31 80
20 32 46
20 33 61
20 34 23
20 35 3
21 22 73
21 23 20
21 24 48
21 25 56
21 26 47
21 27 36
21 28 83
21 29 39
21 30 78
21 31 62
21 32 65
21 33 69
21 34 96
21 35 79
22 23 32
22 24 70
22 25 43
22 26 27
22 27 9
22 28 47
22 29 99
22 30 27
22 31 48
22 32 6
22 33 92
22 34 57
22 35 94
23 24 12
23 25 90
23 26 15
23 27 37
23 28 86
23 29 65
23 30 28
23 31 56
23 32 89
23 33 61
23 34 60
23 35 71
24 25 76
24 26 70
24 27 25
24 28 4
24 29 58
24 30 14
24 31 73
24 32 55
24 33 76
24 34 68
24 35 92
25 26 32
25 27 67
25 28 89
25 29 5
25 30 24
25 31 99
25 32 20
25 33 69
25 34 52
25 35 31
26 27 71
26 28 74
26 29 61
26 30 87
26 31 87
26 32 27
26 33 69
26 34 44
26 35 5
27 28 42
27 29 9
27 30 88
27 31 18
27 32 13
27 33 7
27 34 26
27 35 27
28 29 9
28 30 4
28 31 93
28 32 48
28 33 78
28 34 87
28 35 50
29 30 78
29 31 45
29 32 82
29 33 93
29 34 5
29 35 38
30 31 76
30 32 58
30 33 20
30 34 18
30 35 46
31 32 34
31 33 12
31 34 5
31 35 61
32 33 51
32 34 71
32 35 9
33 34 14
33 35 42
34 35 44
