64 2016 63
1 2 25
1 3 70
1 4 24
1 5 94
1 6 45
1 7 99
1 8 38
1 9 38
1 10 73
1 11 85
1 12 70
1 13 55
1 14 93
1 15 49
1 16 15
1 17 83
1 18 60
1 19 89
1 20 92
1 21 23
1 22 57
1 23 21
1 24 18
1 25 96
1 26 43
1 27 60
1 28 53
1 29 97
1 30 90
1 31 20
1 32 55
1 33 19
1 34 29
1 35 4
1 36 2
1 37 7
1 38 19
1 39 1
1 40 31
1 41 11
1 42 77
1 43 43
1 44 42
1 45 7
1 46 62
1 47 19
1 48 51
1 49 8
1 50 100
1 51 73
1 52 2
1 53 49
1 54 27
1 55 21
1 56 43
1 57 29
1 58 11
1 59 21
1 60 15
1 61 61
1 62 64
1 63 46
1 64 18
2 3 39
2 4 4
2 5 95
2 6 83
2 7 68
2 8 72
2 9 84
2 10 43
2 11 88
2 12 17
2 13 49
2 14 82
2 15 90
2 16 46
2 17 61
2 18 47
2 19 44
2 20 46
2 21 13
2 22 23
2 23 92
2 24 39
2 25 90
2 26 95
2 27 79
2 28 78
2 29 52
2 30 27
2 31 7
2 32 33
2 33 74
2 34 45
2 35 68
2 36 27
2 37 95
2 38 37
2 39 19
2 40 76
2 41 49
2 42 59
2 43 95
2 44 61
2 45 75
2 46 83
2 47 34
2 48 87
2 49 14
2 50 39
2 51 60
2 52 75
2 53 13
2 54 96
2 55 15
2 56 51
2 57 71
2 58 29
2 59 3
2 60 13
2 61 20
2 62 5
2 63 13
2 64 48
3 4 79
3 5 50
3 6 82
3 7 44
3 8 53
3 9 49
3 10 59
3 11 24
3 12 28
3 13 47
3 14 87
3 15 17
3 16 54
3 17 36
3 18 8
3 19 76
3 20 45
3 21 59
3 22 69
3 23 79
3 24 49
3 25 90
3 26 42
3 27 35
3 28 35
3 29 93
3 30 49
3 31 62
3 32 8
3 33 98
3 34 98
3 35 77
3 36 41
3 37 59
3 38 35
3 39 28
3 40 54
3 41 61
3 42 8
3 43 60
3 44 18
3 45 29
3 46 21
3 47 83
3 48 67
3 49 64
3 50 47
3 51 78
3 52 54
3 53 61
3 54 90
3 55 63
3 56 14
3 57 4
3 58 53
3 59 52
3 60 6
3 61 55
3 62 99
3 63 23
3 64 47
4 5 86
4 6 49
4 7 94
4 8 11
4 9 11
4 10 72
4 11 60
4 12 18
4 13 76
4 14 71
4 15 48
4 16 17
4 17 46
4 18 54
4 19 68
4 20 21
4 21 63
4 22 25
4 23 81
4 24 67
4 25 78
4 26 42
4 27 35
4 28 33
4 29 50
4 30 84
4 31 4
4 32 31
4 33 99
4 34 23
4 35 58
4 36 56
4 37 66
4 38 16
4 39 72
4 40 78
4 41 22
4 42 28
4 43 39
4 44 99
4 45 97
4 46 81
4 47 81
4 48 29
4 49 64
4 50 72
4 51 8
4 52 73
4 53 73
4 54 18
4 55 31
4 56 32
4 57 12
4 58 62
4 59 81
4 60 9
4 61 63
4 62 86
4 63 5
4 64 76
5 6 100
5 7 71
5 8 96
5 9 16
5 10 11
5 11 91
5 12 65
5 13 9
5 14 17
5 15 74
5 16 32
5 17 24
5 18 56
5 19 14
5 20 20
5 21 69
5 22 3
5 23 1
5 24 42
5 25 70
5 26 45
5 27 100
5 28 64
5 29 41
5 30 41
5 31 69
5 32 49
5 33 98
5 34 94
5 35 64
5 36 32
5 37 18
5 38 64
5 39 59
5 40 76
5 41 96
5 42 76
5 43 58
5 44 42
5 45 3
5 46 54
5 47 36
5 48 22
5 49 69
5 50 87
5 51 14
5 52 23
5 53 60
5 54 29
5 55 23
5 56 93
5 57 97
5 58 71
5 59 19
5 60 65
5 61 28
5 62 21
5 63 88
5 64 40
6 7 36
6 8 82
6 9 83
6 10 13
6 11 33
6 12 35
6 13 78
6 14 45
6 15 93
6 16 56
6 17 91
6 18 62
6 19 29
6 20 32
6 21 28
6 22 3
6 23 24
6 24 68
6 25 20
6 26 8
6 27 37
6 28 22
6 29 10
6 30 31
6 31 89
6 32 96
6 33 82
6 34 26
6 35 58
6 36 60
6 37 30
6 38 18
6 39 44
6 40 59
6 41 98
6 42 22
6 43 63
6 44 99
6 45 75
6 46 61
6 47 16
6 48 19
6 49 47
6 50 11
6 51 16
6 52 56
6 53 26
6 54 21
6 55 48
6 56 7
6 57 64
6 58 44
6 59 37
6 60 59
6 61 11
6 62 88
6 63 71
6 64 57
7 8 26
7 9 22
7 10 51
7 11 69
7 12 35
7 13 36
7 14 66
7 15 95
7 16 10
7 17 16
7 18 76
7 19 50
7 20 85
7 21 41
7 22 90
7 23 2
7 24 92
7 25 64
7 26 82
7 27 16
7 28 8
7 29 33
7 30 81
7 31 46
7 32 26
7 33 48
7 34 48
7 35 80
7 36 64
7 37 36
7 38 98
7 39 14
7 40 88
7 41 66
7 42 95
7 43 76
7 44 50
7 45 42
7 46 10
7 47 64
7 48 51
7 49 76
7 50 5
7 51 35
7 52 21
7 53 82
7 54 51
7 55 45
7 56 74
7 57 65
7 58 59
7 59 15
7 60 5
7 61 49
7 62 28
7 63 28
7 64 76
8 9 80
8 10 56
8 11 21
8 12 25
8 13 3
8 14 57
8 15 40
8 16 49
8 17 45
8 18 15
8 19 99
8 20 90
8 21 5
8 22 39
8 23 61
8 24 4
8 25 2
8 26 46
8 27 1
8 28 66
8 29 21
8 30 70
8 31 97
8 32 37
8 33 60
8 34 90
8 35 20
8 36 85
8 37 73
8 38 9
8 39 37
8 40 38
8 41 90
8 42 2
8 43 56
8 44 24
8 45 28
8 46 6
8 47 38
8 48 4
8 49 49
8 50 89
8 51 52
8 52 2
8 53 8
8 54 2
8 55 76
8 56 42
8 57 90
8 58 17
8 59 59
8 60 4
8 61 56
8 62 49
8 63 88
8 64 66
9 10 76
9 11 82
9 12 92
9 13 99
9 14 55
9 15 57
9 16 68
9 17 44
9 18 15
9 19 28
9 20 29
9 21 91
9 22 68
9 23 39
9 24 39
9 25 6
9 26 36
9 27 34
9 28 40
9 29 28
9 30 50
9 31 44
9 32 15
9 33 52
9 34 36
9 35 85
9 36 20
9 37 53
9 38 96
9 39 32
9 40 56
9 41 16
9 42 52
9 43 27
9 44 83
9 45 87
9 46 94
9 47 25
9 48 8
9 49 82
9 50 46
9 51 3
9 52 53
9 53 44
9 54 56
9 55 2
9 56 79
9 57 13
9 58 41
9 59 72
9 60 48
9 61 53
9 62 57
9 63 79
9 64 16
10 11 16
10 12 17
10 13 24
10 14 15
10 15 59
10 16 29
10 17 100
10 18 85
10 19 16
10 20 99
10 21 24
10 22 49
10 23 82
10 24 50
10 25 61
10 26 81
10 27 16
10 28 98
10 29 6
10 30 50
10 31 68
10 32 80
10 33 32
10 34 88
10 35 21
10 36 74
10 37 4
10 38 81
10 39 85
10 40 98
10 41 70
10 42 2
10 43 12
10 44 28
10 45 43
10 46 41
10 47 88
10 48 68
10 49 23
10 50 18
10 51 9
10 52 48
10 53 28
10 54 60
10 55 75
10 56 17
10 57 25
10 58 9
10 59 47
10 60 58
10 61 97
10 62 60
10 63 54
10 64 70
11 12 9
11 13 80
11 14 86
11 15 28
11 16 29
11 17 35
11 18 65
11 19 88
11 20 52
11 21 28
11 22 62
11 23 76
11 24 38
11 25 62
11 26 62
11 27 14
11 28 36
11 29 73
11 30 85
11 31 33
11 32 55
11 33 36
11 34 51
11 35 28
11 36 59
11 37 78
11 38 98
11 39 3
11 40 66
11 41 41
11 42 43
11 43 29
11 44 66
11 45 62
11 46 78
11 47 35
11 48 18
11 49 32
11 50 90
11 51 1
11 52 43
11 53 21
11 54 63
11 55 35
11 56 57
11 57 16
11 58 98
11 59 61
11 60 61
11 61 17
11 62 72
11 63 15
11 64 52
12 13 84
12 14 44
12 15 33
12 16 25
12 17 18
12 18 6
12 19 95
12 20 53
12 21 56
12 22 51
12 23 57
12 24 78
12 25 38
12 26 98
12 27 64
12 28 97
12 29 16
12 30 60
12 31 13
12 32 47
12 33 64
12 34 8
12 35 68
12 36 88
12 37 67
12 38 82
12 39 80
12 40 92
12 41 37
12 42 9
12 43 91
12 44 4
12 45 82
12 46 53
12 47 95
12 48 76
12 49 9
12 50 66
12 51 72
12 52 50
12 53 66
12 54 77
12 55 25
12 56 55
12 57 90
12 58 42
12 59 29
12 60 95
12 61 76
12 62 16
12 63 89
12 64 44
13 14 43
13 15 69
13 16 61
13 17 87
13 18 19
13 19 45
13 20 95
13 21 15
13 22 20
13 23 30
13 24 53
13 25 41
13 26 60
13 27 90
13 28 27
13 29 2
13 30 85
13 31 17
13 32 62
13 33 7
13 34 75
13 35 32
13 36 45
13 37 97
13 38 46
13 39 12
13 40 98
13 41 69
13 42 36
13 43 45
13 44 12
13 45 35
13 46 6
13 47 92
13 48 90
13 49 60
13 50 78
13 51 99
13 52 60
13 53 26
13 54 65
13 55 12
13 56 92
13 57 60
13 58 28
13 59 45
13 60 32
13 61 90
13 62 13
13 63 17
13 64 69
14 15 30
14 16 7
14 17 15
14 18 12
14 19 62
14 20 12
14 21 52
14 22 34
14 23 46
14 24 30
14 25 55
14 26 91
14 27 79
14 28 89
14 29 9
14 30 2
14 31 50
14 32 34
14 33 11
14 34 51
14 35 94
14 36 3
14 37 92
14 38 65
14 39 21
14 40 65
14 41 39
14 42 76
14 43 52
14 44 57
14 45 74
14 46 93
14 47 17
14 48 4
14 49 14
14 50 15
14 51 47
14 52 98
14 53 61
14 54 32
14 55 7
14 56 61
14 57 57
14 58 80
14 59 70
14 60 77
14 61 42
14 62 90
14 63 1
14 64 79
15 16 73
15 17 44
15 18 66
15 19 84
15 20 94
15 21 43
15 22 100
15 23 72
15 24 80
15 25 63
15 26 72
15 27 39
15 28 54
15 29 67
15 30 68
15 31 62
15 32 10
15 33 13
15 34 77
15 35 69
15 36 1
15 37 75
15 38 66
15 39 49
15 40 95
15 41 54
15 42 83
15 43 66
15 44 47
15 45 21
15 46 87
15 47 82
15 48 5
15 49 74
15 50 38
15 51 56
15 52 20
15 53 47
15 54 41
15 55 90
15 56 9
15 57 24
15 58 83
15 59 41
15 60 58
15 61 11
15 62 12
15 63 64
15 64 5
16 17 38
16 18 19
16 19 1
16 20 18
16 21 52
16 22 49
16 23 80
16 24 79
16 25 23
16 26 24
16 27 59
16 28 56
16 29 8
16 30 2
16 31 72
16 32 57
16 33 38
16 34 13
16 35 95
16 36 66
16 37 56
16 38 93
16 39 7
16 40 65
16 41 2
16 42 31
16 43 36
16 44 82
16 45 45
16 46 83
16 47 2
16 48 18
16 49 42
16 50 7
16 51 52
16 52 7
16 53 40
16 54 38
16 55 7
16 56 27
16 57 7
16 58 89
16 59 65
16 60 57
16 61 96
16 62 33
16 63 1
16 64 8
17 18 35
17 19 81
17 20 63
17 21 4
17 22 50
17 23 89
17 24 69
17 25 98
17 26 61
17 27 44
17 28 29
17 29 16
17 30 63
17 31 9
17 32 91
17 33 73
17 34 4
17 35 33
17 36 79
17 37 84
17 38 13
17 39 22
17 40 16
17 41 97
17 42 99
17 43 67
17 44 89
17 45 43
17 46 30
17 47 72
17 48 16
17 49 98
17 50 15
17 51 58
17 52 71
17 53 87
17 54 69
17 55 22
17 56 77
17 57 88
17 58 56
17 59 68
17 60 74
17 61 3
17 62 59
17 63 60
17 64 74
18 19 48
18 20 26
18 21 10
18 22 32
18 23 49
18 24 59
18 25 65
18 26 39
18 27 25
18 28 14
18 29 67
18 30 97
18 31 78
18 32 32
18 33 66
18 34 70
18 35 42
18 36 92
18 37 61
18 38 41
18 39 49
18 40 80
18 41 60
18 42 1
18 43 25
18 44 27
18 45 76
18 46 10
18 47 4
18 48 1
18 49 74
18 50 51
18 51 46
18 52 51
18 53 25
18 54 43
18 55 83
18 56 81
18 57 81
18 58 76
18 59 34
18 60 92
18 61 11
18 62 58
18 63 47
18 64 41
19 20 65
19 21 31
19 22 27
19 23 26
19 24 33
19 25 73
19 26 85
19 27 47
19 28 85
19 29 62
19 30 57
19 31 26
19 32 19
19 33 65
19 34 25
19 35 30
19 36 23
19 37 25
19 38 54
19 39 71
19 40 53
19 41 52
19 42 10
19 43 67
19 44 55
19 45 96
19 46 14
19 47 67
19 48 83
19 49 15
19 50 9
19 51 74
19 52 17
19 53 14
19 54 3
19 55 6
19 56 88
19 57 59
19 58 1
19 59 71
19 60 94
19 61 78
19 62 64
19 63 79
19 64 89
20 21 7
20 22 86
20 23 29
20 24 13
20 25 72
20 26 14
20 27 15
20 28 87
20 29 40
20 30 30
20 31 87
20 32 41
20 33 4
20 34 61
20 35 78
20 36 39
20 37 91
20 38 66
20 39 53
20 40 45
20 41 94
20 42 27
20 43 36
20 44 94
20 45 94
20 46 51
20 47 63
20 48 29
20 49 1
20 50 100
20 51 7
20 52 66
20 53 27
20 54 1
20 55 70
20 56 25
20 57 7
20 58 20
20 59 1
20 60 25
20 61 54
20 62 11
20 63 16
20 64 52
21 22 100
21 23 11
21 24 40
21 25 62
21 26 24
21 27 83
21 28 92
21 29 59
21 30 20
21 31 5
21 32 92
21 33 1
21 34 16
21 35 97
21 36 27
21 37 94
21 38 85
21 39 3
21 40 59
21 41 58
21 42 46
21 43 13
21 44 100
21 45 51
21 46 71
21 47 61
21 48 52
21 49 71
21 50 39
21 51 86
21 52 26
21 53 56
21 54 21
21 55 69
21 56 23
21 57 35
21 58 97
21 59 94
21 60 84
21 61 89
21 62 51
21 63 81
21 64 21
22 23 96
22 24 21
22 25 33
22 26 46
22 27 48
22 28 28
22 29 45
22 30 97
22 31 16
22 32 48
22 33 64
22 34 13
22 35 47
22 36 100
22 37 52
22 38 20
22 39 51
22 40 18
22 41 3
22 42 67
22 43 9
22 44 74
22 45 47
22 46 95
22 47 1
22 48 30
22 49 60
22 50 52
22 51 80
22 52 13
22 53 19
22 54 37
22 55 50
22 56 37
22 57 100
22 58 93
22 59 60
22 60 47
22 61 5
22 62 81
22 63 69
22 64 13
23 24 65
23 25 69
23 26 5
23 27 84
23 28 37
23 29 55
23 30 53
23 31 45
23 32 88
23 33 40
23 34 18
23 35 69
23 36 39
23 37 86
23 38 18
23 39 91
23 40 70
23 41 47
23 42 60
23 43 42
23 44 3
23 45 23
23 46 8
23 47 53
23 48 89
23 49 78
23 50 3
23 51 69
23 52 34
23 53 4
23 54 19
23 55 67
23 56 9
23 57 9
23 58 23
23 59 2
23 60 15
23 61 56
23 62 100
23 63 67
23 64 69
24 25 49
24 26 51
24 27 60
24 28 33
24 29 18
24 30 14
24 31 98
24 32 52
24 33 15
24 34 78
24 35 45
24 36 4
24 37 53
24 38 49
24 39 79
24 40 32
24 41 34
24 42 41
24 43 60
24 44 8
24 45 43
24 46 87
24 47 30
24 48 73
24 49 27
24 50 70
24 51 62
24 52 72
24 53 27
24 54 31
24 55 70
24 56 35
24 57 68
24 58 36
24 59 15
24 60 86
24 61 33
24 62 76
24 63 66
24 64 3
25 26 65
25 27 37
25 28 3
25 29 5
25 30 76
25 31 17
25 32 6
25 33 18
25 34 2
25 35 86
25 36 92
25 37 70
25 38 50
25 39 94
25 40 60
25 41 80
25 42 55
25 43 48
25 44 60
25 45 77
25 46 5
25 47 22
25 48 79
25 49 35
25 50 85
25 51 11
25 52 44
25 53 24
25 54 52
25 55 98
25 56 15
25 57 92
25 58 82
25 59 69
25 60 10
25 61 63
25 62 3
25 63 99
25 64 94
26 27 38
26 28 30
26 29 44
26 30 43
26 31 63
26 32 100
26 33 22
26 34 92
26 35 38
26 36 86
26 37 69
26 38 35
26 39 30
26 40 3
26 41 41
26 42 45
26 43 30
26 44 62
26 45 7
26 46 31
26 47 25
26 48 89
26 49 1
26 50 11
26 51 61
26 52 19
26 53 17
26 54 8
26 55 10
26 56 13
26 57 59
26 58 38
26 59 15
26 60 64
26 61 14
26 62 81
26 63 59
26 64 20
27 28 17
27 29 45
27 30 50
27 31 33
27 32 87
27 33 54
27 34 18
27 35 24
27 36 47
27 37 18
27 38 47
27 39 64
27 40 43
27 41 42
27 42 77
27 43 10
27 44 67
27 45 68
27 46 21
27 47 82
27 48 54
27 49 54
27 50 64
27 51 30
27 52 35
27 53 66
27 54 66
27 55 23
27 56 54
27 57 14
27 58 43
27 59 59
27 60 35
27 61 46
27 62 61
27 63 31
27 64 67
28 29 70
28 30 68
28 31 81
28 32 100
28 33 50
28 34 54
28 35 36
28 36 17
28 37 44
28 38 26
28 39 60
28 40 54
28 41 24
28 42 53
28 43 59
28 44 36
28 45 19
28 46 13
28 47 11
28 48 21
28 49 71
28 50 56
28 51 73
28 52 73
28 53 96
28 54 11
28 55 65
28 56 57
28 57 18
28 58 84
28 59 64
28 60 54
28 61 80
28 62 29
28 63 84
28 64 79
29 30 16
29 31 33
29 32 27
29 33 21
29 34 48
29 35 41
29 36 80
29 37 16
29 38 38
29 39 1
29 40 39
29 41 49
29 42 63
29 43 51
29 44 83
29 45 8
29 46 30
29 47 54
29 48 23
29 49 82
29 50 96
29 51 60
29 52 60
29 53 78
29 54 28
29 55 36
29 56 31
29 57 60
29 58 79
29 59 76
29 60 18
29 61 27
29 62 97
29 63 65
29 64 38
30 31 59
30 32 78
30 33 35
30 34 15
30 35 31
30 36 81
30 37 8
30 38 80
30 39 63
30 40 31
30 41 20
30 42 37
30 43 15
30 44 74
30 45 18
30 46 55
30 47 80
30 48 32
30 49 69
30 50 23
30 51 90
30 52 72
30 53 37
30 54 31
30 55 29
30 56 54
30 57 88
30 58 70
30 59 1
30 60 58
30 61 45
30 62 55
30 63 26
30 64 20
31 32 73
31 33 33
31 34 20
31 35 67
31 36 39
31 37 62
31 38 44
31 39 12
31 40 22
31 41 9
31 42 83
31 43 24
31 44 65
31 45 63
31 46 37
31 47 77
31 48 1
31 49 7
31 50 53
31 51 13
31 52 100
31 53 63
31 54 5
31 55 2
31 56 71
31 57 90
31 58 22
31 59 93
31 60 78
31 61 61
31 62 74
31 63 69
31 64 28
32 33 89
32 34 71
32 35 78
32 36 41
32 37 10
32 38 23
32 39 36
32 40 59
32 41 92
32 42 96
32 43 95
32 44 72
32 45 74
32 46 39
32 47 72
32 48 35
32 49 75
32 50 9
32 51 95
32 52 36
32 53 77
32 54 75
32 55 35
32 56 97
32 57 19
32 58 32
32 59 74
32 60 78
32 61 42
32 62 27
32 63 98
32 64 6
33 34 26
33 35 64
33 36 58
33 37 70
33 38 52
33 39 69
33 40 99
33 41 31
33 42 80
33 43 77
33 44 34
33 45 17
33 46 17
33 47 14
33 48 91
33 49 87
33 50 83
33 51 74
33 52 53
33 53 18
33 54 88
33 55 15
33 56 84
33 57 25
33 58 72
33 59 50
33 60 36
33 61 15
33 62 76
33 63 7
33 64 20
34 35 74
34 36 30
34 37 96
34 38 9
34 39 84
34 40 72
34 41 68
34 42 57
34 43 65
34 44 46
34 45 81
34 46 37
34 47 73
34 48 25
34 49 90
34 50 89
34 51 79
34 52 94
34 53 22
34 54 8
34 55 48
34 56 48
34 57 36
34 58 24
34 59 41
34 60 4
34 61 3
34 62 20
34 63 89
34 64 8
35 36 53
35 37 17
35 38 92
35 39 47
35 40 86
35 41 74
35 42 30
35 43 100
35 44 96
35 45 30
35 46 45
35 47 79
35 48 97
35 49 75
35 50 43
35 51 100
35 52 37
35 53 95
35 54 43
35 55 52
35 56 37
35 57 47
35 58 70
35 59 25
35 60 27
35 61 19
35 62 63
35 63 89
35 64 68
36 37 59
36 38 76
36 39 87
36 40 22
36 41 63
36 42 19
36 43 58
36 44 78
36 45 46
36 46 52
36 47 68
36 48 72
36 49 26
36 50 2
36 51 43
36 52 48
36 53 56
36 54 64
36 55 43
36 56 20
36 57 100
36 58 34
36 59 49
36 60 36
36 61 2
36 62 36
36 63 21
36 64 25
37 38 20
37 39 2
37 40 72
37 41 69
37 42 25
37 43 92
37 44 67
37 45 17
37 46 53
37 47 34
37 48 49
37 49 35
37 50 78
37 51 33
37 52 49
37 53 80
37 54 64
37 55 34
37 56 69
37 57 14
37 58 92
37 59 30
37 60 95
37 61 7
37 62 77
37 63 64
37 64 17
38 39 45
38 40 85
38 41 19
38 42 87
38 43 56
38 44 3
38 45 20
38 46 35
38 47 87
38 48 55
38 49 93
38 50 99
38 51 45
38 52 6
38 53 73
38 54 79
38 55 40
38 56 66
38 57 59
38 58 47
38 59 69
38 60 85
38 61 69
38 62 94
38 63 52
38 64 18
39 40 28
39 41 13
39 42 50
39 43 5
39 44 59
39 45 63
39 46 89
39 47 29
39 48 66
39 49 63
39 50 56
39 51 32
39 52 1
39 53 25
39 54 77
39 55 54
39 56 83
39 57 91
39 58 68
39 59 85
39 60 44
39 61 27
39 62 76
39 63 70
39 64 15
40 41 17
40 42 72
40 43 37
40 44 16
40 45 96
40 46 38
40 47 27
40 48 43
40 49 86
40 50 47
40 51 41
40 52 95
40 53 48
40 54 27
40 55 78
40 56 49
40 57 18
40 58 6
40 59 36
40 60 62
40 61 28
40 62 97
40 63 26
40 64 60
41 42 48
41 43 82
41 44 87
41 45 30
41 46 90
41 47 2
41 48 84
41 49 5
41 50 100
41 51 94
41 52 13
41 53 48
41 54 94
41 55 76
41 56 29
41 57 82
41 58 91
41 59 17
41 60 96
41 61 94
41 62 21
41 63 6
41 64 40
42 43 39
42 44 51
42 45 17
42 46 26
42 47 92
42 48 89
42 49 7
42 50 57
42 51 92
42 52 93
42 53 44
42 54 70
42 55 57
42 56 65
42 57 10
42 58 4
42 59 71
42 60 96
42 61 11
42 62 55
42 63 31
42 64 95
43 44 51
43 45 41
43 46 15
43 47 24
43 48 52
43 49 15
43 50 47
43 51 36
43 52 39
43 53 35
43 54 97
43 55 42
43 56 97
43 57 84
43 58 80
43 59 99
43 60 7
43 61 42
43 62 60
43 63 76
43 64 18
44 45 22
44 46 12
44 47 54
44 48 90
44 49 3
44 50 65
44 51 75
44 52 30
44 53 45
44 54 33
44 55 48
44 56 35
44 57 41
44 58 65
44 59 1
44 60 9
44 61 41
44 62 90
44 63 90
44 64 51
45 46 71
45 47 43
45 48 32
45 49 75
45 50 19
45 51 39
45 52 77
45 53 39
45 54 31
45 55 44
45 56 11
45 57 99
45 58 38
45 59 30
45 60 32
45 61 98
45 62 94
45 63 99
45 64 75
46 47 38
46 48 78
46 49 8
46 50 30
46 51 14
46 52 27
46 53 95
46 54 43
46 55 91
46 56 30
46 57 52
46 58 7
46 59 75
46 60 60
46 61 68
46 62 15
46 63 4
46 64 60
47 48 53
47 49 11
47 50 68
47 51 32
47 52 58
47 53 36
47 54 7
47 55 47
47 56 51
47 57 4
47 58 84
47 59 34
47 60 86
47 61 61
47 62 22
47 63 71
47 64 16
48 49 30
48 50 96
48 51 15
48 52 94
48 53 29
48 54 6
48 55 62
48 56 86
48 57 30
48 58 20
48 59 34
48 60 42
48 61 58
48 62 59
48 63 85
48 64 78
49 50 90
49 51 85
49 52 21
49 53 24
49 54 84
49 55 27
49 56 24
49 57 11
49 58 7
49 59 78
49 60 49
49 61 86
49 62 13
49 63 93
49 64 31
50 51 25
50 52 79
50 53 45
50 54 3
50 55 67
50 56 59
50 57 94
50 58 96
50 59 1
50 60 83
50 61 89
50 62 50
50 63 91
50 64 57
51 52 19
51 53 28
51 54 24
51 55 90
51 56 28
51 57 31
51 58 76
51 59 18
51 60 42
51 61 24
51 62 41
51 63 82
51 64 91
52 53 22
52 54 35
52 55 56
52 56 88
52 57 34
52 58 85
52 59 9
52 60 64
52 61 87
52 62 97
52 63 51
52 64 19
53 54 41
53 55 41
53 56 64
53 57 85
53 58 31
53 59 95
53 60 47
53 61 63
53 62 29
53 63 71
53 64 54
54 55 54
54 56 78
54 57 50
54 58 45
54 59 47
54 60 95
54 61 85
54 62 79
54 63 43
54 64 45
55 56 77
55 57 3
55 58 26
55 59 66
55 60 3
55 61 56
55 62 80
55 63 26
55 64 19
56 57 35
56 58 63
56 59 95
56 60 62
56 61 7
56 62 18
56 63 61
56 64 57
57 58 6
57 59 54
57 60 11
57 61 59
57 62 2
57 63 56
57 64 11
58 59 32
58 60 55
58 61 73
58 62 78
58 63 28
58 64 69
59 60 45
59 61 88
59 62 34
59 63 48
59 64 48
60 61 24
60 62 91
60 63 24
60 64 52
61 62 85
61 63 98
61 64 94
62 63 90
62 64 13
63 64 59
