51 1275 50
1 2 3
1 3 3
1 4 21
1 5 65
1 6 73
1 7 10
1 8 91
1 9 75
1 10 91
1 11 53
1 12 69
1 13 83
1 14 43
1 15 48
1 16 46
1 17 99
1 18 40
1 19 68
1 20 68
1 21 1
1 22 38
1 23 80
1 24 92
1 25 71
1 26 59
1 27 22
1 28 90
1 29 92
1 30 41
1 31 29
1 32 15
1 33 82
1 34 3
1 35 22
1 36 73
1 37 64
1 38 26
1 39 37
1 40 56
1 41 1
1 42 69
1 43 56
1 44 57
1 45 97
1 46 66
1 47 12
1 48 29
1 49 56
1 50 58
1 51 8
2 3 59
2 4 4
2 5 89
2 6 69
2 7 49
2 8 40
2 9 88
2 10 14
2 11 94
2 12 69
2 13 11
2 14 90
2 15 93
2 16 41
2 17 78
2 18 37
2 19 65
2 20 54
2 21 9
2 22 88
2 23 70
2 24 59
2 25 65
2 26 66
2 27 13
2 28 85
2 29 52
2 30 40
2 31 87
2 32 13
2 33 49
2 34 36
2 35 71
2 36 35
2 37 91
2 38 87
2 39 24
2 40 7
2 41 99
2 42 40
2 43 85
2 44 83
2 45 92
2 46 61
2 47 51
2 48 67
2 49 16
2 50 83
2 51 83
3 4 12
3 5 13
3 6 77
3 7 90
3 8 34
3 9 6
3 10 71
3 11 44
3 12 71
3 13 65
3 14 41
3 15 56
3 16 58
3 17 42
3 18 9
3 19 67
3 20 29
3 21 26
3 22 90
3 23 76
3 24 91
3 25 59
3 26 55
3 27 38
3 28 57
3 29 85
3 30 34
3 31 48
3 32 76
3 33 31
3 34 23
3 35 50
3 36 21
3 37 35
3 38 4
3 39 25
3 40 24
3 41 63
3 42 35
3 43 43
3 44 18
3 45 41
3 46 5
3 47 46
3 48 2
3 49 32
3 50 5
3 51 63
4 5 22
4 6 48
4 7 11
4 8 64
4 9 17
4 10 45
4 11 63
4 12 51
4 13 11
4 14 37
4 15 49
4 16 6
4 17 68
4 18 66
4 19 58
4 20 45
4 21 15
4 22 46
4 23 46
4 24 65
4 25 100
4 26 25
4 27 1
4 28 85
4 29 6
4 30 54
4 31 68
4 32 86
4 33 61
4 34 23
4 35 98
4 36 73
4 37 62
4 38 78
4 39 61
4 40 64
4 41 39
4 42 39
4 43 56
4 44 17
4 45 24
4 46 54
4 47 3
4 48 60
4 49 72
4 50 93
4 51 5
5 6 6
5 7 89
5 8 25
5 9 76
5 10 61
5 11 13
5 12 11
5 13 74
5 14 39
5 15 62
5 16 88
5 17 94
5 18 2
5 19 93
5 20 64
5 21 94
5 22 72
5 23 63
5 24 70
5 25 88
5 26 99
5 27 28
5 28 88
5 29 47
5 30 7
5 31 82
5 32 60
5 33 41
5 34 17
5 35 77
5 36 68
5 37 46
5 38 95
5 39 39
5 40 38
5 41 100
5 42 27
5 43 41
5 44 66
5 45 41
5 46 71
5 47 65
5 48 48
5 49 34
5 50 96
5 51 9
6 7 87
6 8 83
6 9 61
6 10 43
6 11 31
6 12 4
6 13 46
6 14 96
6 15 62
6 16 13
6 17 3
6 18 80
6 19 13
6 20 61
6 21 13
6 22 29
6 23 41
6 24 61
6 25 61
6 26 98
6 27 67
6 28 71
6 29 84
6 30 6
6 31 50
6 32 3
6 33 51
6 34 62
6 35 51
6 36 79
6 37 58
6 38 46
6 39 63
6 40 39
6 41 61
6 42 86
6 43 85
6 44 16
6 45 31
6 46 5
6 47 58
6 48 31
6 49 47
6 50 17
6 51 20
7 8 53
7 9 36
7 10 30
7 11 52
7 12 100
7 13 59
7 14 49
7 15 14
7 16 1
7 17 60
7 18 44
7 19 40
7 20 22
7 21 66
7 22 82
7 23 96
7 24 27
7 25 50
7 26 8
7 27 89
7 28 36
7 29 10
7 30 20
7 31 11
7 32 7
7 33 85
7 34 83
7 35 67
7 36 57
7 37 16
7 38 91
7 39 22
7 40 43
7 41 35
7 42 73
7 43 25
7 44 8
7 45 56
7 46 70
7 47 13
7 48 97
7 49 42
7 50 23
7 51 97
8 9 69
8 10 70
8 11 73
8 12 79
8 13 18
8 14 4
8 15 88
8 16 65
8 17 55
8 18 30
8 19 44
8 20 90
8 21 59
8 22 5
8 23 21
8 24 24
8 25 22
8 26 6
8 27 59
8 28 6
8 29 63
8 30 62
8 31 80
8 32 99
8 33 17
8 34 26
8 35 19
8 36 40
8 37 27
8 38 20
8 39 62
8 40 28
8 41 75
8 42 36
8 43 39
8 44 92
8 45 29
8 46 87
8 47 100
8 48 24
8 49 48
8 50 89
8 51 95
9 10 53
9 11 84
9 12 99
9 13 16
9 14 44
9 15 45
9 16 86
9 17 11
9 18 60
9 19 65
9 20 11
9 21 42
9 22 57
9 23 29
9 24 5
9 25 99
9 26 34
9 27 96
9 28 43
9 29 5
9 30 10
9 31 48
9 32 37
9 33 58
9 34 73
9 35 21
9 36 42
9 37 70
9 38 53
9 39 62
9 40 12
9 41 44
9 42 29
9 43 98
9 44 58
9 45 47
9 46 59
9 47 77
9 48 7
9 49 41
9 50 99
9 51 89
10 11 27
10 12 20
10 13 48
10 14 89
10 15 80
10 16 32
10 17 25
10 18 37
10 19 30
10 20 25
10 21 41
10 22 4
10 23 26
10 24 36
10 25 85
10 26 68
10 27 7
10 28 90
10 29 71
10 30 1
10 31 83
10 32 26
10 33 79
10 34 60
10 35 45
10 36 22
10 37 1
10 38 59
10 39 45
10 40 100
10 41 35
10 42 45
10 43 49
10 44 81
10 45 89
10 46 93
10 47 14
10 48 54
10 49 14
10 50 82
10 51 55
11 12 48
11 13 39
11 14 96
11 15 81
11 16 86
11 17 59
11 18 8
11 19 27
11 20 90
11 21 100
11 22 27
11 23 70
11 24 41
11 25 96
11 26 85
11 27 45
11 28 59
11 29 42
11 30 95
11 31 20
11 32 46
11 33 83
11 34 7
11 35 83
11 36 24
11 37 75
11 38 13
11 39 40
11 40 30
11 41 26
11 42 66
11 43 79
11 44 31
11 45 56
11 46 71
11 47 85
11 48 61
11 49 42
11 50 89
11 51 33
12 13 3
12 14 26
12 15 21
12 16 5
12 17 21
12 18 18
12 19 27
12 20 7
12 21 55
12 22 64
12 23 8
12 24 4
12 25 9
12 26 15
12 27 57
12 28 99
12 29 83
12 30 97
12 31 19
12 32 61
12 33 26
12 34 54
12 35 42
12 36 72
12 37 48
12 38 95
12 39 79
12 40 32
12 41 59
12 42 17
12 43 94
12 44 36
12 45 36
12 46 42
12 47 38
12 48 23
12 49 13
12 50 99
12 51 73
13 14 77
13 15 24
13 16 85
13 17 79
13 18 89
13 19 42
13 20 27
13 21 91
13 22 51
13 23 79
13 24 55
13 25 49
13 26 36
13 27 32
13 28 36
13 29 52
13 30 24
13 31 67
13 32 12
13 33 25
13 34 28
13 35 47
13 36 60
13 37 46
13 38 70
13 39 29
13 40 26
13 41 24
13 42 57
13 43 63
13 44 99
13 45 46
13 46 16
13 47 52
13 48 63
13 49 5
13 50 88
13 51 5
14 15 6
14 16 26
14 17 72
14 18 19
14 19 39
14 20 60
14 21 22
14 22 55
14 23 18
14 24 8
14 25 94
14 26 38
14 27 19
14 28 28
14 29 49
14 30 39
14 31 87
14 32 55
14 33 7
14 34 37
14 35 71
14 36 13
14 37 15
14 38 26
14 39 97
14 40 1
14 41 16
14 42 69
14 43 14
14 44 71
14 45 26
14 46 38
14 47 96
14 48 63
14 49 48
14 50 55
14 51 10
15 16 76
15 17 78
15 18 20
15 19 48
15 20 32
15 21 48
15 22 71
15 23 35
15 24 78
15 25 7
15 26 92
15 27 35
15 28 91
15 29 86
15 30 72
15 31 42
15 32 24
15 33 81
15 34 46
15 35 89
15 36 34
15 37 52
15 38 81
15 39 52
15 40 69
15 41 32
15 42 75
15 43 86
15 44 31
15 45 98
15 46 80
15 47 2
15 48 25
15 49 3
15 50 58
15 51 87
16 17 2
16 18 39
16 19 40
16 20 61
16 21 46
16 22 15
16 23 39
16 24 85
16 25 87
16 26 47
16 27 98
16 28 42
16 29 68
16 30 63
16 31 47
16 32 94
16 33 84
16 34 29
16 35 57
16 36 6
16 37 16
16 38 38
16 39 79
16 40 8
16 41 63
16 42 33
16 43 96
16 44 71
16 45 99
16 46 32
16 47 45
16 48 86
16 49 61
16 50 14
16 51 60
17 18 95
17 19 67
17 20 98
17 21 84
17 22 87
17 23 36
17 24 16
17 25 60
17 26 42
17 27 82
17 28 23
17 29 78
17 30 64
17 31 51
17 32 36
17 33 10
17 34 47
17 35 37
17 36 75
17 37 27
17 38 72
17 39 16
17 40 64
17 41 57
17 42 30
17 43 25
17 44 82
17 45 28
17 46 49
17 47 28
17 48 28
17 49 47
17 50 13
17 51 27
18 19 14
18 20 30
18 21 56
18 22 56
18 23 55
18 24 23
18 25 99
18 26 20
18 27 23
18 28 19
18 29 39
18 30 17
18 31 39
18 32 69
18 33 100
18 34 21
18 35 29
18 36 18
18 37 90
18 38 71
18 39 53
18 40 40
18 41 64
18 42 94
18 43 27
18 44 11
18 45 43
18 46 36
18 47 37
18 48 30
18 49 56
18 50 100
18 51 37
19 20 17
19 21 16
19 22 100
19 23 7
19 24 65
19 25 31
19 26 96
19 27 34
19 28 49
19 29 5
19 30 49
19 31 93
19 32 51
19 33 54
19 34 79
19 35 7
19 36 54
19 37 92
19 38 2
19 39 51
19 40 88
19 41 65
19 42 5
19 43 51
19 44 77
19 45 30
19 46 64
19 47 87
19 48 45
19 49 18
19 50 79
19 51 74
20 21 90
20 22 88
20 23 93
20 24 32
20 25 97
20 26 67
20 27 51
20 28 78
20 29 31
20 30 41
20 31 1
20 32 87
20 33 1
20 34 22
20 35 40
20 36 53
20 37 58
20 38 50
20 39 68
20 40 60
20 41 33
20 42 31
20 43 60
20 44 48
20 45 13
20 46 15
20 47 94
20 48 57
20 49 1
20 50 89
20 51 27
21 22 50
21 23 69
21 24 17
21 25 98
21 26 52
21 27 53
21 28 33
21 29 53
21 30 64
21 31 10
21 32 41
21 33 91
21 34 11
21 35 14
21 36 41
21 37 44
21 38 72
21 39 31
21 40 68
21 41 97
21 42 61
21 43 40
21 44 16
21 45 89
21 46 33
21 47 47
21 48 71
21 49 78
21 50 15
21 51 66
22 23 56
22 24 84
22 25 76
22 26 52
22 27 1
22 28 56
22 29 73
22 30 37
22 31 91
22 32 64
22 33 17
22 34 22
22 35 43
22 36 39
22 37 81
22 38 46
22 39 47
22 40 38
22 41 48
22 42 71
22 43 15
22 44 6
22 45 63
22 46 14
22 47 91
22 48 43
22 49 37
22 50 71
22 51 62
23 24 98
23 25 10
23 26 52
23 27 13
23 28 57
23 29 85
23 30 16
23 31 23
23 32 83
23 33 89
23 34 13
23 35 95
23 36 33
23 37 54
23 38 7
23 39 17
23 40 47
23 41 12
23 42 28
23 43 46
23 44 5
23 45 1
23 46 18
23 47 22
23 48 51
23 49 13
23 50 48
23 51 46
24 25 4
24 26 11
24 27 27
24 28 4
24 29 10
24 30 20
24 31 6
24 32 30
24 33 93
24 34 69
24 35 43
24 36 21
24 37 36
24 38 65
24 39 92
24 40 43
24 41 17
24 42 81
24 43 88
24 44 82
24 45 25
24 46 52
24 47 91
24 48 88
24 49 41
24 50 10
24 51 13
25 26 22
25 27 4
25 28 93
25 29 30
25 30 74
25 31 55
25 32 74
25 33 92
25 34 48
25 35 88
25 36 1
25 37 66
25 38 89
25 39 53
25 40 40
25 41 56
25 42 45
25 43 86
25 44 59
25 45 23
25 46 71
25 47 94
25 48 44
25 49 52
25 50 18
25 51 9
26 27 39
26 28 39
26 29 34
26 30 9
26 31 45
26 32 61
26 33 15
26 34 50
26 35 45
26 36 55
26 37 13
26 38 85
26 39 65
26 40 93
26 41 44
26 42 1
26 43 44
26 44 17
26 45 4
26 46 82
26 47 97
26 48 68
26 49 86
26 50 46
26 51 75
27 28 89
27 29 30
27 30 69
27 31 56
27 32 87
27 33 8
27 34 3
27 35 91
27 36 84
27 37 44
27 38 45
27 39 61
27 40 37
27 41 57
27 42 29
27 43 39
27 44 30
27 45 12
27 46 45
27 47 53
27 48 68
27 49 67
27 50 1
27 51 93
28 29 51
28 30 1
28 31 96
28 32 4
28 33 16
28 34 28
28 35 50
28 36 39
28 37 61
28 38 68
28 39 17
28 40 87
28 41 32
28 42 47
28 43 26
28 44 17
28 45 53
28 46 15
28 47 10
28 48 63
28 49 91
28 50 74
28 51 74
29 30 22
29 31 26
29 32 56
29 33 83
29 34 25
29 35 96
29 36 78
29 37 74
29 38 70
29 39 81
29 40 11
29 41 57
29 42 56
29 43 60
29 44 5
29 45 91
29 46 9
29 47 64
29 48 1
29 49 90
29 50 87
29 51 4
30 31 12
30 32 98
30 33 12
30 34 52
30 35 30
30 36 48
30 37 9
30 38 58
30 39 51
30 40 26
30 41 53
30 42 8
30 43 20
30 44 40
30 45 48
30 46 46
30 47 92
30 48 51
30 49 26
30 50 3
30 51 75
31 32 54
31 33 71
31 34 88
31 35 11
31 36 60
31 37 8
31 38 3
31 39 10
31 40 2
31 41 13
31 42 13
31 43 75
31 44 8
31 45 48
31 46 13
31 47 97
31 48 17
31 49 91
31 50 40
31 51 50
32 33 76
32 34 76
32 35 46
32 36 86
32 37 2
32 38 79
32 39 20
32 40 59
32 41 7
32 42 64
32 43 42
32 44 86
32 45 35
32 46 66
32 47 92
32 48 97
32 49 75
32 50 90
32 51 11
33 34 5
33 35 77
33 36 44
33 37 1
33 38 16
33 39 15
33 40 74
33 41 30
33 42 44
33 43 47
33 44 5
33 45 61
33 46 89
33 47 48
33 48 52
33 49 25
33 50 3
33 51 95
34 35 70
34 36 50
34 37 82
34 38 74
34 39 86
34 40 43
34 41 21
34 42 68
34 43 64
34 44 23
34 45 89
34 46 25
34 47 14
34 48 6
34 49 25
34 50 6
34 51 43
35 36 23
35 37 78
35 38 12
35 39 87
35 40 10
35 41 59
35 42 20
35 43 86
35 44 91
35 45 100
35 46 95
35 47 8
35 48 47
35 49 48
35 50 6
35 51 58
36 37 48
36 38 1
36 39 63
36 40 5
36 41 28
36 42 91
36 43 48
36 44 47
36 45 45
36 46 24
36 47 3
36 48 10
36 49 47
36 50 1
36 51 96
37 38 22
37 39 38
37 40 36
37 41 10
37 42 53
37 43 72
37 44 23
37 45 88
37 46 42
37 47 17
37 48 65
37 49 47
37 50 49
37 51 98
38 39 93
38 40 75
38 41 49
38 42 20
38 43 76
38 44 19
38 45 95
38 46 49
38 47 35
38 48 59
38 49 4
38 50 1
38 51 72
39 40 85
39 41 95
39 42 5
39 43 76
39 44 88
39 45 20
39 46 6
39 47 88
39 48 25
39 49 33
39 50 65
39 51 64
40 41 96
40 42 99
40 43 91
40 44 22
40 45 84
40 46 12
40 47 98
40 48 35
40 49 1
40 50 84
40 51 100
41 42 33
41 43 40
41 44 95
41 45 40
41 46 63
41 47 97
41 48 25
41 49 14
41 50 9
41 51 12
42 43 24
42 44 99
42 45 83
42 46 8
42 47 53
42 48 90
42 49 9
42 50 50
42 51 50
43 44 15
43 45 8
43 46 72
43 47 37
43 48 7
43 49 78
43 50 28
43 51 30
44 45 87
44 46 10
44 47 93
44 48 30
44 49 40
44 50 41
44 51 91
45 46 99
45 47 56
45 48 71
45 49 14
45 50 60
45 51 72
46 47 47
46 48 87
46 49 20
46 50 34
46 51 40
47 48 81
47 49 56
47 50 95
47 51 32
48 49 41
48 50 21
48 51 30
49 50 96
49 51 22
50 51 73
