24 276 23
1 2 90
1 3 60
1 4 10
1 5 7
1 6 83
1 7 23
1 8 58
1 9 64
1 10 43
1 11 59
1 12 35
1 13 76
1 14 3
1 15 41
1 16 56
1 17 45
1 18 91
1 19 51
1 20 87
1 21 87
1 22 90
1 23 77
1 24 88
2 3 79
2 4 29
2 5 69
2 6 42
2 7 49
2 8 30
2 9 65
2 10 79
2 11 45
2 12 82
2 13 12
2 14 90
2 15 4
2 16 88
2 17 49
2 18 42
2 19 4
2 20 60
2 21 97
2 22 57
2 23 47
2 24 17
3 4 61
3 5 61
3 6 98
3 7 84
3 8 76
3 9 7
3 10 17
3 11 44
3 12 71
3 13 16
3 14 21
3 15 50
3 16 25
3 17 20
3 18 73
3 19 89
3 20 79
3 21 70
3 22 19
3 23 40
3 24 15
4 5 48
4 6 56
4 7 32
4 8 34
4 9 52
4 10 25
4 11 27
4 12 6
4 13 92
4 14 78
4 15 12
4 16 65
4 17 79
4 18 32
4 19 70
4 20 80
4 21 45
4 22 62
4 23 63
4 24 16
5 6 22
5 7 16
5 8 78
5 9 68
5 10 3
5 11 46
5 12 5
5 13 53
5 14 58
5 15 73
5 16 68
5 17 26
5 18 92
5 19 11
5 20 89
5 21 75
5 22 29
5 23 79
5 24 25
6 7 13
6 8 57
6 9 38
6 10 64
6 11 91
6 12 74
6 13 72
6 14 51
6 15 3
6 16 18
6 17 90
6 18 95
6 19 86
6 20 15
6 21 14
6 22 2
6 23 93
6 24 65
7 8 90
7 9 22
7 10 74
7 11 88
7 12 37
7 13 91
7 14 19
7 15 93
7 16 67
7 17 47
7 18 58
7 19 31
7 20 12
7 21 24
7 22 40
7 23 39
7 24 66
8 9 83
8 10 53
8 11 55
8 12 71
8 13 33
8 14 74
8 15 81
8 16 18
8 17 56
8 18 79
8 19 77
8 20 87
8 21 36
8 22 34
8 23 58
8 24 48
9 10 47
9 11 83
9 12 91
9 13 38
9 14 20
9 15 41
9 16 67
9 17 27
9 18 25
9 19 52
9 20 25
9 21 29
9 22 5
9 23 19
9 24 77
10 11 94
10 12 89
10 13 10
10 14 87
10 15 28
10 16 93
10 17 45
10 18 38
10 19 19
10 20 55
10 21 92
10 22 8
10 23 5
10 24 75
11 12 13
11 13 46
11 14 3
11 15 58
11 16 71
11 17 18
11 18 13
11 19 77
11 20 16
11 21 83
11 22 77
11 23 84
11 24 39
12 13 5
12 14 73
12 15 99
12 16 13
12 17 44
12 18 35
12 19 28
12 20 75
12 21 78
12 22 38
12 23 30
12 24 11
13 14 39
13 15 83
13 16 29
13 17 43
13 18 11
13 19 11
13 20 50
13 21 54
13 22 4
13 23 56
13 24 30
14 15 86
14 16 3
14 17 31
14 18 17
14 19 97
14 20 18
14 21 43
14 22 9
14 23 18
14 24 81
15 16 34
15 17 24
15 18 33
15 19 12
15 20 7
15 21 40
15 22 31
15 23 97
15 24 41
16 17 88
16 18 49
16 19 35
16 20 69
16 21 68
16 22 11
16 23 63
16 24 23
17 18 34
17 19 2
17 20 31
17 21 98
17 22 34
17 23 48
17 24 80
18 19 17
18 20 24
18 21 77
18 22 23
18 23 98
18 24 54
19 20 70
19 21 81
19 22 88
19 23 39
19 24 42
20 21 46
20 22 87
20 23 92
20 24 81
21 22 72
21 23 62
21 24 94
22 23 89
22 24 1
23 24 83
