23 253 22
1 2 96
1 3 79
1 4 59
1 5 49
1 6 22
1 7 47
1 8 28
1 9 10
1 10 99
1 11 5
1 12 21
1 13 24
1 14 17
1 15 30
1 16 78
1 17 18
1 18 74
1 19 65
1 20 66
1 21 69
1 22 17
1 23 26
2 3 57
2 4 37
2 5 14
2 6 11
2 7 86
2 8 6
2 9 91
2 10 50
2 11 83
2 12 65
2 13 48
2 14 47
2 15 40
2 16 18
2 17 43
2 18 67
2 19 56
2 20 29
2 21 81
2 22 46
2 23 43
3 4 55
3 5 90
3 6 40
3 7 34
3 8 89
3 9 97
3 10 15
3 11 62
3 12 23
3 13 80
3 14 33
3 15 71
3 16 20
3 17 24
3 18 79
3 19 20
3 20 63
3 21 17
3 22 34
3 23 14
4 5 32
4 6 82
4 7 63
4 8 71
4 9 45
4 10 85
4 11 57
4 12 17
4 13 80
4 14 54
4 15 16
4 16 55
4 17 29
4 18 100
4 19 3
4 20 64
4 21 75
4 22 26
4 23 10
5 6 41
5 7 63
5 8 89
5 9 90
5 10 74
5 11 74
5 12 25
5 13 27
5 14 87
5 15 61
5 16 29
5 17 100
5 18 99
5 19 49
5 20 26
5 21 49
5 22 72
5 23 37
6 7 42
6 8 69
6 9 50
6 10 23
6 11 100
6 12 42
6 13 11
6 14 66
6 15 64
6 16 69
6 17 10
6 18 4
6 19 82
6 20 22
6 21 34
6 22 20
6 23 49
7 8 66
7 9 11
7 10 16
7 11 97
7 12 30
7 13 21
7 14 95
7 15 14
7 16 30
7 17 65
7 18 76
7 19 15
7 20 77
7 21 100
7 22 77
7 23 36
8 9 80
8 10 21
8 11 99
8 12 78
8 13 99
8 14 63
8 15 15
8 16 3
8 17 10
8 18 12
8 19 90
8 20 83
8 21 57
8 22 26
8 23 29
9 10 9
9 11 33
9 12 69
9 13 1
9 14 64
9 15 79
9 16 59
9 17 18
9 18 68
9 19 33
9 20 90
9 21 73
9 22 66
9 23 28
10 11 98
10 12 43
10 13 42
10 14 15
10 15 26
10 16 99
10 17 72
10 18 72
10 19 76
10 20 51
10 21 9
10 22 88
10 23 12
11 12 91
11 13 96
11 14 74
11 15 14
11 16 69
11 17 51
11 18 95
11 19 33
11 20 53
11 21 55
11 22 61
11 23 50
12 13 6
12 14 90
12 15 1
12 16 65
12 17 83
12 18 21
12 19 6
12 20 73
12 21 43
12 22 31
12 23 53
13 14 15
13 15 73
13 16 62
13 17 80
13 18 67
13 19 53
13 20 66
13 21 69
13 22 39
13 23 26
14 15 28
14 16 24
14 17 67
14 18 33
14 19 49
14 20 68
14 21 60
14 22 39
14 23 38
15 16 58
15 17 34
15 18 27
15 19 66
15 20 66
15 21 71
15 22 42
15 23 5
16 17 95
16 18 64
16 19 11
16 20 99
16 21 72
16 22 58
16 23 86
17 18 49
17 19 8
17 20 78
17 21 17
17 22 55
17 23 3
18 19 78
18 20 46
18 21 74
18 22 33
18 23 78
19 20 74
19 21 58
19 22 18
19 23 56
20 21 46
20 22 76
20 23 59
21 22 86
21 23 24
22 23 14
