40 780 39
1 2 44
1 3 87
1 4 89
1 5 16
1 6 23
1 7 64
1 8 7
1 9 41
1 10 54
1 11 63
1 12 30
1 13 82
1 14 38
1 15 49
1 16 91
1 17 90
1 18 5
1 19 30
1 20 1
1 21 34
1 22 92
1 23 45
1 24 44
1 25 14
1 26 86
1 27 72
1 28 45
1 29 17
1 30 58
1 31 78
1 32 37
1 33 18
1 34 11
1 35 2
1 36 5
1 37 74
1 38 37
1 39 19
1 40 6
2 3 12
2 4 27
2 5 33
2 6 26
2 7 86
2 8 52
2 9 71
2 10 72
2 11 35
2 12 88
2 13 63
2 14 94
2 15 24
2 16 100
2 17 36
2 18 24
2 19 67
2 20 33
2 21 36
2 22 70
2 23 69
2 24 77
2 25 18
2 26 36
2 27 40
2 28 59
2 29 3
2 30 63
2 31 84
2 32 2
2 33 16
2 34 64
2 35 25
2 36 27
2 37 46
2 38 67
2 39 70
2 40 2
3 4 55
3 5 56
3 6 7
3 7 24
3 8 13
3 9 67
3 10 22
3 11 28
3 12 58
3 13 83
3 14 100
3 15 99
3 16 45
3 17 17
3 18 11
3 19 18
3 20 80
3 21 22
3 22 62
3 23 80
3 24 49
3 25 63
3 26 35
3 27 70
3 28 87
3 29 89
3 30 90
3 31 48
3 32 24
3 33 74
3 34 41
3 35 71
3 36 42
3 37 59
3 38 50
3 39 74
3 40 4
4 5 30
4 6 76
4 7 2
4 8 50
4 9 43
4 10 49
4 11 6
4 12 67
4 13 11
4 14 37
4 15 99
4 16 60
4 17 30
4 18 76
4 19 69
4 20 11
4 21 90
4 22 6
4 23 10
4 24 74
4 25 66
4 26 86
4 27 35
4 28 10
4 29 79
4 30 1
4 31 5
4 32 50
4 33 44
4 34 17
4 35 77
4 36 35
4 37 10
4 38 9
4 39 64
4 40 8
5 6 90
5 7 15
5 8 17
5 9 59
5 10 93
5 11 53
5 12 58
5 13 2
5 14 8
5 15 73
5 16 28
5 17 65
5 18 62
5 19 18
5 20 29
5 21 84
5 22 17
5 23 23
5 24 68
5 25 28
5 26 82
5 27 74
5 28 24
5 29 26
5 30 27
5 31 17
5 32 7
5 33 30
5 34 65
5 35 74
5 36 27
5 37 15
5 38 37
5 39 96
5 40 53
6 7 10
6 8 87
6 9 92
6 10 39
6 11 68
6 12 75
6 13 7
6 14 74
6 15 5
6 16 83
6 17 13
6 18 23
6 19 77
6 20 59
6 21 14
6 22 82
6 23 27
6 24 25
6 25 23
6 26 2
6 27 84
6 28 52
6 29 33
6 30 22
6 31 92
6 32 46
6 33 20
6 34 73
6 35 4
6 36 5
6 37 28
6 38 6
6 39 63
6 40 80
7 8 34
7 9 81
7 10 82
7 11 85
7 12 20
7 13 94
7 14 6
7 15 78
7 16 25
7 17 45
7 18 71
7 19 7
7 20 24
7 21 16
7 22 16
7 23 97
7 24 52
7 25 8
7 26 5
7 27 9
7 28 65
7 29 76
7 30 26
7 31 42
7 32 18
7 33 64
7 34 67
7 35 2
7 36 42
7 37 52
7 38 89
7 39 87
7 40 52
8 9 46
8 10 81
8 11 49
8 12 2
8 13 95
8 14 85
8 15 40
8 16 93
8 17 54
8 18 23
8 19 29
8 20 90
8 21 68
8 22 73
8 23 47
8 24 28
8 25 17
8 26 54
8 27 9
8 28 93
8 29 50
8 30 67
8 31 79
8 32 39
8 33 53
8 34 86
8 35 11
8 36 81
8 37 24
8 38 72
8 39 26
8 40 91
9 10 28
9 11 30
9 12 85
9 13 15
9 14 96
9 15 97
9 16 14
9 17 65
9 18 47
9 19 79
9 20 100
9 21 44
9 22 74
9 23 90
9 24 47
9 25 99
9 26 35
9 27 30
9 28 51
9 29 96
9 30 78
9 31 22
9 32 28
9 33 17
9 34 21
9 35 7
9 36 59
9 37 16
9 38 35
9 39 38
9 40 84
10 11 9
10 12 57
10 13 57
10 14 63
10 15 78
10 16 12
10 17 90
10 18 57
10 19 66
10 20 46
10 21 31
10 22 22
10 23 56
10 24 84
10 25 24
10 26 76
10 27 46
10 28 65
10 29 85
10 30 78
10 31 96
10 32 11
10 33 16
10 34 84
10 35 27
10 36 13
10 37 57
10 38 63
10 39 98
10 40 94
11 12 43
11 13 26
11 14 95
11 15 89
11 16 45
11 17 18
11 18 23
11 19 69
11 20 66
11 21 5
11 22 88
11 23 93
11 24 80
11 25 56
11 26 37
11 27 18
11 28 41
11 29 54
11 30 1
11 31 19
11 32 100
11 33 52
11 34 41
11 35 64
11 36 88
11 37 48
11 38 26
11 39 56
11 40 12
12 13 97
12 14 70
12 15 8
12 16 85
12 17 39
12 18 78
12 19 88
12 20 44
12 21 74
12 22 30
12 23 40
12 24 54
12 25 88
12 26 34
12 27 47
12 28 96
12 29 11
12 30 90
12 31 4
12 32 54
12 33 4
12 34 72
12 35 53
12 36 41
12 37 98
12 38 86
12 39 62
12 40 3
13 14 15
13 15 71
13 16 46
13 17 59
13 18 34
13 19 2
13 20 81
13 21 75
13 22 56
13 23 38
13 24 1
13 25 63
13 26 91
13 27 81
13 28 48
13 29 99
13 30 17
13 31 23
13 32 12
13 33 84
13 34 32
13 35 95
13 36 43
13 37 88
13 38 96
13 39 9
13 40 23
14 15 14
14 16 11
14 17 65
14 18 37
14 19 72
14 20 73
14 21 43
14 22 53
14 23 95
14 24 14
14 25 5
14 26 59
14 27 21
14 28 78
14 29 42
14 30 10
14 31 68
14 32 62
14 33 8
14 34 38
14 35 30
14 36 32
14 37 97
14 38 74
14 39 74
14 40 16
15 16 46
15 17 63
15 18 23
15 19 9
15 20 54
15 21 37
15 22 30
15 23 45
15 24 76
15 25 15
15 26 97
15 27 15
15 28 42
15 29 10
15 30 69
15 31 61
15 32 10
15 33 53
15 34 65
15 35 83
15 36 60
15 37 69
15 38 90
15 39 38
15 40 10
16 17 99
16 18 55
16 19 24
16 20 36
16 21 76
16 22 49
16 23 28
16 24 42
16 25 98
16 26 40
16 27 41
16 28 30
16 29 74
16 30 9
16 31 50
16 32 47
16 33 46
16 34 37
16 35 34
16 36 33
16 37 28
16 38 87
16 39 73
16 40 93
17 18 49
17 19 56
17 20 33
17 21 71
17 22 5
17 23 38
17 24 60
17 25 55
17 26 67
17 27 72
17 28 76
17 29 20
17 30 1
17 31 37
17 32 37
17 33 52
17 34 89
17 35 78
17 36 99
17 37 91
17 38 37
17 39 69
17 40 8
18 19 86
18 20 32
18 21 63
18 22 9
18 23 11
18 24 53
18 25 72
18 26 1
18 27 22
18 28 40
18 29 94
18 30 78
18 31 50
18 32 67
18 33 93
18 34 3
18 35 37
18 36 74
18 37 72
18 38 47
18 39 58
18 40 61
19 20 99
19 21 21
19 22 76
19 23 42
19 24 17
19 25 70
19 26 32
19 27 71
19 28 45
19 29 75
19 30 98
19 31 25
19 32 100
19 33 69
19 34 72
19 35 60
19 36 62
19 37 54
19 38 30
19 39 16
19 40 100
20 21 27
20 22 22
20 23 42
20 24 34
20 25 47
20 26 1
20 27 93
20 28 50
20 29 88
20 30 57
20 31 94
20 32 77
20 33 85
20 34 52
20 35 35
20 36 88
20 37 97
20 38 52
20 39 33
20 40 32
21 22 49
21 23 72
21 24 39
21 25 82
21 26 16
21 27 21
21 28 29
21 29 66
21 30 95
21 31 9
21 32 5
21 33 72
21 34 29
21 35 12
21 36 9
21 37 95
21 38 75
21 39 61
21 40 51
22 23 35
22 24 52
22 25 52
22 26 94
22 27 45
22 28 95
22 29 51
22 30 78
22 31 3
22 32 68
22 33 64
22 34 29
22 35 7
22 36 50
22 37 72
22 38 96
22 39 51
22 40 6
23 24 25
23 25 98
23 26 19
23 27 12
23 28 3
23 29 80
23 30 53
23 31 18
23 32 55
23 33 97
23 34 3
23 35 39
23 36 68
23 37 21
23 38 86
23 39 76
23 40 27
24 25 14
24 26 11
24 27 40
24 28 91
24 29 19
24 30 2
24 31 56
24 32 10
24 33 35
24 34 37
24 35 23
24 36 26
24 37 84
24 38 72
24 39 61
24 40 89
25 26 30
25 27 34
25 28 59
25 29 66
25 30 12
25 31 13
25 32 23
25 33 55
25 34 10
25 35 18
25 36 98
25 37 9
25 38 91
25 39 10
25 40 24
26 27 11
26 28 15
26 29 67
26 30 71
26 31 35
26 32 45
26 33 97
26 34 36
26 35 8
26 36 39
26 37 80
26 38 65
26 39 57
26 40 37
27 28 46
27 29 44
27 30 32
27 31 1
27 32 74
27 33 45
27 34 87
27 35 92
27 36 12
27 37 1
27 38 15
27 39 45
27 40 83
28 29 19
28 30 54
28 31 9
28 32 37
28 33 77
28 34 97
28 35 80
28 36 81
28 37 64
28 38 68
28 39 29
28 40 69
29 30 20
29 31 2
29 32 46
29 33 36
29 34 51
29 35 84
29 36 32
29 37 91
29 38 43
29 39 36
29 40 80
30 31 42
30 32 48
30 33 34
30 34 11
30 35 49
30 36 54
30 37 30
30 38 72
30 39 31
30 40 99
31 32 48
31 33 14
31 34 40
31 35 85
31 36 45
31 37 37
31 38 25
31 39 93
31 40 69
32 33 86
32 34 66
32 35 65
32 36 35
32 37 47
32 38 77
32 39 80
32 40 78
33 34 6
33 35 47
33 36 6
33 37 53
33 38 34
33 39 36
33 40 34
34 35 99
34 36 8
34 37 17
34 38 77
34 39 99
34 40 66
35 36 12
35 37 98
35 38 24
35 39 92
35 40 54
36 37 94
36 38 17
36 39 81
36 40 59
37 38 44
37 39 43
37 40 82
38 39 56
38 40 45
39 40 26
