21 210 20
1 2 28
1 3 85
1 4 23
1 5 89
1 6 33
1 7 68
1 8 35
1 9 73
1 10 28
1 11 37
1 12 76
1 13 22
1 14 42
1 15 86
1 16 23
1 17 49
1 18 32
1 19 85
1 20 41
1 21 75
2 3 94
2 4 86
2 5 12
2 6 42
2 7 54
2 8 98
2 9 66
2 10 27
2 11 77
2 12 21
2 13 14
2 14 69
2 15 13
2 16 11
2 17 79
2 18 26
2 19 50
2 20 15
2 21 23
3 4 43
3 5 30
3 6 63
3 7 2
3 8 24
3 9 1
3 10 66
3 11 70
3 12 33
3 13 54
3 14 41
3 15 94
3 16 77
3 17 52
3 18 22
3 19 51
3 20 65
3 21 74
4 5 39
4 6 67
4 7 16
4 8 45
4 9 42
4 10 82
4 11 2
4 12 10
4 13 99
4 14 85
4 15 36
4 16 72
4 17 29
4 18 97
4 19 30
4 20 2
4 21 39
5 6 92
5 7 69
5 8 10
5 9 68
5 10 85
5 11 75
5 12 61
5 13 84
5 14 46
5 15 78
5 16 12
5 17 76
5 18 30
5 19 40
5 20 64
5 21 96
6 7 90
6 8 55
6 9 79
6 10 90
6 11 37
6 12 86
6 13 25
6 14 30
6 15 35
6 16 85
6 17 41
6 18 54
6 19 59
6 20 97
6 21 97
7 8 56
7 9 67
7 10 8
7 11 26
7 12 31
7 13 64
7 14 75
7 15 46
7 16 62
7 17 28
7 18 44
7 19 85
7 20 40
7 21 94
8 9 76
8 10 12
8 11 61
8 12 58
8 13 91
8 14 64
8 15 42
8 16 82
8 17 94
8 18 91
8 19 64
8 20 76
8 21 86
9 10 56
9 11 39
9 12 94
9 13 25
9 14 100
9 15 8
9 16 45
9 17 87
9 18 21
9 19 44
9 20 93
9 21 37
10 11 15
10 12 30
10 13 55
10 14 18
10 15 15
10 16 41
10 17 90
10 18 62
10 19 15
10 20 53
10 21 26
11 12 46
11 13 83
11 14 23
11 15 52
11 16 32
11 17 7
11 18 11
11 19 11
11 20 17
11 21 98
12 13 12
12 14 25
12 15 6
12 16 28
12 17 97
12 18 90
12 19 94
12 20 86
12 21 57
13 14 64
13 15 56
13 16 43
13 17 92
13 18 9
13 19 2
13 20 9
13 21 45
14 15 48
14 16 66
14 17 28
14 18 79
14 19 45
14 20 45
14 21 71
15 16 20
15 17 74
15 18 2
15 19 18
15 20 23
15 21 84
16 17 24
16 18 8
16 19 70
16 20 64
16 21 30
17 18 44
17 19 67
17 20 54
17 21 84
18 19 28
18 20 61
18 21 7
19 20 39
19 21 89
20 21 29
