52 1326 51
1 2 74
1 3 78
1 4 56
1 5 28
1 6 48
1 7 76
1 8 9
1 9 5
1 10 9
1 11 16
1 12 51
1 13 69
1 14 99
1 15 12
1 16 33
1 17 58
1 18 20
1 19 34
1 20 80
1 21 65
1 22 24
1 23 78
1 24 96
1 25 57
1 26 89
1 27 8
1 28 26
1 29 54
1 30 63
1 31 37
1 32 59
1 33 47
1 34 37
1 35 21
1 36 2
1 37 11
1 38 51
1 39 98
1 40 31
1 41 68
1 42 8
1 43 9
1 44 90
1 45 58
1 46 94
1 47 78
1 48 68
1 49 33
1 50 60
1 51 89
1 52 50
2 3 25
2 4 29
2 5 23
2 6 71
2 7 14
2 8 32
2 9 2
2 10 18
2 11 89
2 12 88
2 13 34
2 14 80
2 15 29
2 16 93
2 17 89
2 18 19
2 19 91
2 20 6
2 21 88
2 22 31
2 23 2
2 24 74
2 25 37
2 26 51
2 27 23
2 28 68
2 29 82
2 30 18
2 31 7
2 32 91
2 33 29
2 34 1
2 35 88
2 36 18
2 37 98
2 38 48
2 39 49
2 40 67
2 41 52
2 42 21
2 43 88
2 44 24
2 45 87
2 46 2
2 47 94
2 48 81
2 49 21
2 50 61
2 51 88
2 52 94
3 4 18
3 5 54
3 6 67
3 7 54
3 8 89
3 9 83
3 10 70
3 11 49
3 12 11
3 13 78
3 14 53
3 15 50
3 16 13
3 17 50
3 18 90
3 19 94
3 20 62
3 21 55
3 22 87
3 23 49
3 24 34
3 25 68
3 26 52
3 27 44
3 28 40
3 29 38
3 30 20
3 31 30
3 32 77
3 33 95
3 34 18
3 35 24
3 36 35
3 37 56
3 38 90
3 39 44
3 40 99
3 41 95
3 42 57
3 43 53
3 44 10
3 45 57
3 46 50
3 47 36
3 48 15
3 49 11
3 50 53
3 51 19
3 52 52
4 5 82
4 6 87
4 7 16
4 8 39
4 9 13
4 10 13
4 11 80
4 12 84
4 13 78
4 14 48
4 15 30
4 16 83
4 17 36
4 18 95
4 19 62
4 20 92
4 21 58
4 22 48
4 23 14
4 24 50
4 25 32
4 26 89
4 27 29
4 28 79
4 29 84
4 30 11
4 31 39
4 32 55
4 33 37
4 34 89
4 35 88
4 36 7
4 37 71
4 38 52
4 39 57
4 40 49
4 41 4
4 42 57
4 43 17
4 44 71
4 45 46
4 46 73
4 47 85
4 48 26
4 49 54
4 50 24
4 51 51
4 52 42
5 6 8
5 7 32
5 8 5
5 9 67
5 10 60
5 11 97
5 12 18
5 13 93
5 14 69
5 15 48
5 16 18
5 17 48
5 18 53
5 19 78
5 20 37
5 21 26
5 22 6
5 23 62
5 24 27
5 25 1
5 26 94
5 27 10
5 28 33
5 29 3
5 30 26
5 31 35
5 32 9
5 33 21
5 34 3
5 35 27
5 36 15
5 37 54
5 38 12
5 39 61
5 40 86
5 41 81
5 42 14
5 43 6
5 44 8
5 45 24
5 46 71
5 47 52
5 48 59
5 49 1
5 50 71
5 51 77
5 52 64
6 7 2
6 8 11
6 9 93
6 10 12
6 11 87
6 12 67
6 13 12
6 14 44
6 15 57
6 16 30
6 17 30
6 18 70
6 19 65
6 20 47
6 21 50
6 22 35
6 23 50
6 24 94
6 25 91
6 26 4
6 27 84
6 28 44
6 29 54
6 30 16
6 31 47
6 32 29
6 33 55
6 34 87
6 35 69
6 36 17
6 37 86
6 38 59
6 39 22
6 40 49
6 41 14
6 42 59
6 43 74
6 44 25
6 45 33
6 46 45
6 47 91
6 48 13
6 49 21
6 50 19
6 51 45
6 52 6
7 8 87
7 9 48
7 10 91
7 11 50
7 12 9
7 13 67
7 14 10
7 15 75
7 16 60
7 17 14
7 18 35
7 19 20
7 20 4
7 21 70
7 22 45
7 23 79
7 24 66
7 25 16
7 26 52
7 27 39
7 28 99
7 29 13
7 30 9
7 31 13
7 32 98
7 33 9
7 34 48
7 35 84
7 36 7
7 37 26
7 38 24
7 39 12
7 40 39
7 41 65
7 42 51
7 43 38
7 44 62
7 45 45
7 46 24
7 47 10
7 48 13
7 49 21
7 50 52
7 51 10
7 52 12
8 9 87
8 10 56
8 11 81
8 12 65
8 13 1
8 14 82
8 15 76
8 16 31
8 17 28
8 18 54
8 19 50
8 20 80
8 21 11
8 22 10
8 23 88
8 24 7
8 25 10
8 26 21
8 27 84
8 28 67
8 29 72
8 30 43
8 31 98
8 32 93
8 33 67
8 34 20
8 35 39
8 36 70
8 37 10
8 38 3
8 39 97
8 40 36
8 41 89
8 42 70
8 43 20
8 44 98
8 45 20
8 46 11
8 47 58
8 48 72
8 49 85
8 50 33
8 51 6
8 52 1
9 10 87
9 11 54
9 12 81
9 13 22
9 14 48
9 15 14
9 16 30
9 17 96
9 18 89
9 19 25
9 20 81
9 21 73
9 22 62
9 23 76
9 24 44
9 25 54
9 26 16
9 27 6
9 28 91
9 29 77
9 30 15
9 31 65
9 32 12
9 33 12
9 34 23
9 35 25
9 36 51
9 37 12
9 38 57
9 39 10
9 40 33
9 41 68
9 42 93
9 43 68
9 44 69
9 45 6
9 46 36
9 47 18
9 48 93
9 49 40
9 50 1
9 51 92
9 52 60
10 11 9
10 12 48
10 13 58
10 14 38
10 15 1
10 16 49
10 17 48
10 18 79
10 19 13
10 20 16
10 21 67
10 22 42
10 23 67
10 24 9
10 25 49
10 26 99
10 27 84
10 28 63
10 29 59
10 30 73
10 31 35
10 32 35
10 33 85
10 34 62
10 35 63
10 36 28
10 37 54
10 38 47
10 39 7
10 40 92
10 41 70
10 42 45
10 43 17
10 44 63
10 45 79
10 46 45
10 47 9
10 48 5
10 49 33
10 50 20
10 51 77
10 52 9
11 12 54
11 13 64
11 14 42
11 15 98
11 16 90
11 17 60
11 18 65
11 19 66
11 20 52
11 21 98
11 22 15
11 23 86
11 24 74
11 25 80
11 26 96
11 27 39
11 28 59
11 29 71
11 30 71
11 31 24
11 32 61
11 33 45
11 34 57
11 35 13
11 36 78
11 37 35
11 38 43
11 39 73
11 40 83
11 41 38
11 42 12
11 43 85
11 44 75
11 45 95
11 46 98
11 47 22
11 48 58
11 49 88
11 50 70
11 51 44
11 52 6
12 13 96
12 14 86
12 15 26
12 16 80
12 17 55
12 18 95
12 19 73
12 20 21
12 21 64
12 22 55
12 23 47
12 24 49
12 25 48
12 26 42
12 27 93
12 28 80
12 29 62
12 30 70
12 31 34
12 32 92
12 33 44
12 34 91
12 35 12
12 36 17
12 37 57
12 38 27
12 39 34
12 40 80
12 41 75
12 42 13
12 43 92
12 44 56
12 45 74
12 46 87
12 47 11
12 48 63
12 49 49
12 50 75
12 51 99
12 52 34
13 14 84
13 15 62
13 16 55
13 17 83
13 18 100
13 19 9
13 20 19
13 21 50
13 22 69
13 23 6
13 24 11
13 25 75
13 26 61
13 27 81
13 28 22
13 29 91
13 30 58
13 31 65
13 32 59
13 33 99
13 34 59
13 35 70
13 36 94
13 37 2
13 38 16
13 39 31
13 40 38
13 41 23
13 42 51
13 43 10
13 44 24
13 45 48
13 46 39
13 47 11
13 48 90
13 49 80
13 50 74
13 51 81
13 52 61
14 15 96
14 16 10
14 17 17
14 18 11
14 19 19
14 20 32
14 21 6
14 22 51
14 23 93
14 24 48
14 25 83
14 26 48
14 27 5
14 28 61
14 29 8
14 30 61
14 31 59
14 32 19
14 33 55
14 34 28
14 35 31
14 36 51
14 37 51
14 38 76
14 39 47
14 40 71
14 41 93
14 42 10
14 43 79
14 44 80
14 45 91
14 46 94
14 47 55
14 48 17
14 49 69
14 50 95
14 51 31
14 52 67
15 16 84
15 17 41
15 18 100
15 19 47
15 20 35
15 21 74
15 22 67
15 23 9
15 24 29
15 25 60
15 26 82
15 27 30
15 28 5
15 29 26
15 30 1
15 31 10
15 32 28
15 33 40
15 34 21
15 35 92
15 36 39
15 37 69
15 38 71
15 39 10
15 40 97
15 41 90
15 42 49
15 43 44
15 44 59
15 45 79
15 46 56
15 47 54
15 48 59
15 49 60
15 50 44
15 51 12
15 52 36
16 17 3
16 18 34
16 19 52
16 20 12
16 21 13
16 22 46
16 23 64
16 24 77
16 25 2
16 26 83
16 27 60
16 28 10
16 29 84
16 30 23
16 31 5
16 32 31
16 33 77
16 34 89
16 35 85
16 36 1
16 37 61
16 38 83
16 39 55
16 40 75
16 41 17
16 42 100
16 43 95
16 44 85
16 45 5
16 46 39
16 47 100
16 48 68
16 49 85
16 50 34
16 51 14
16 52 17
17 18 12
17 19 18
17 20 69
17 21 43
17 22 95
17 23 72
17 24 77
17 25 88
17 26 56
17 27 26
17 28 26
17 29 29
17 30 9
17 31 98
17 32 81
17 33 82
17 34 54
17 35 81
17 36 41
17 37 1
17 38 20
17 39 23
17 40 80
17 41 85
17 42 77
17 43 43
17 44 29
17 45 80
17 46 94
17 47 58
17 48 31
17 49 26
17 50 50
17 51 55
17 52 57
18 19 15
18 20 3
18 21 67
18 22 42
18 23 57
18 24 60
18 25 84
18 26 36
18 27 46
18 28 55
18 29 87
18 30 71
18 31 61
18 32 23
18 33 7
18 34 60
18 35 8
18 36 38
18 37 68
18 38 64
18 39 82
18 40 19
18 41 49
18 42 48
18 43 3
18 44 14
18 45 75
18 46 59
18 47 42
18 48 41
18 49 18
18 50 31
18 51 24
18 52 3
19 20 14
19 21 91
19 22 93
19 23 6
19 24 38
19 25 72
19 26 47
19 27 97
19 28 73
19 29 70
19 30 55
19 31 7
19 32 24
19 33 82
19 34 77
19 35 100
19 36 19
19 37 52
19 38 16
19 39 19
19 40 59
19 41 86
19 42 82
19 43 36
19 44 94
19 45 7
19 46 54
19 47 93
19 48 71
19 49 58
19 50 66
19 51 24
19 52 80
20 21 5
20 22 65
20 23 50
20 24 9
20 25 98
20 26 95
20 27 3
20 28 7
20 29 50
20 30 6
20 31 32
20 32 3
20 33 79
20 34 54
20 35 69
20 36 46
20 37 1
20 38 86
20 39 12
20 40 1
20 41 18
20 42 88
20 43 34
20 44 42
20 45 11
20 46 7
20 47 47
20 48 80
20 49 12
20 50 70
20 51 70
20 52 86
21 22 62
21 23 31
21 24 86
21 25 38
21 26 33
21 27 18
21 28 80
21 29 96
21 30 28
21 31 64
21 32 36
21 33 85
21 34 96
21 35 98
21 36 37
21 37 37
21 38 21
21 39 58
21 40 81
21 41 74
21 42 6
21 43 84
21 44 61
21 45 44
21 46 81
21 47 54
21 48 26
21 49 50
21 50 79
21 51 14
21 52 50
22 23 85
22 24 88
22 25 41
22 26 97
22 27 58
22 28 83
22 29 96
22 30 33
22 31 65
22 32 76
22 33 25
22 34 30
22 35 2
22 36 41
22 37 100
22 38 42
22 39 82
22 40 49
22 41 46
22 42 43
22 43 79
22 44 11
22 45 48
22 46 91
22 47 50
22 48 96
22 49 16
22 50 46
22 51 87
22 52 21
23 24 60
23 25 84
23 26 49
23 27 12
23 28 7
23 29 8
23 30 23
23 31 30
23 32 69
23 33 100
23 34 89
23 35 65
23 36 58
23 37 1
23 38 26
23 39 69
23 40 2
23 41 90
23 42 20
23 43 19
23 44 91
23 45 30
23 46 10
23 47 23
23 48 50
23 49 44
23 50 84
23 51 90
23 52 79
24 25 42
24 26 49
24 27 41
24 28 74
24 29 26
24 30 39
24 31 94
24 32 10
24 33 24
24 34 100
24 35 62
24 36 82
24 37 5
24 38 50
24 39 87
24 40 96
24 41 31
24 42 81
24 43 40
24 44 11
24 45 95
24 46 13
24 47 49
24 48 3
24 49 94
24 50 14
24 51 57
24 52 78
25 26 49
25 27 76
25 28 83
25 29 1
25 30 76
25 31 11
25 32 63
25 33 43
25 34 6
25 35 50
25 36 28
25 37 2
25 38 95
25 39 63
25 40 6
25 41 6
25 42 88
25 43 89
25 44 96
25 45 63
25 46 4
25 47 92
25 48 76
25 49 64
25 50 28
25 51 2
25 52 73
26 27 57
26 28 15
26 29 78
26 30 21
26 31 65
26 32 45
26 33 70
26 34 84
26 35 48
26 36 19
26 37 54
26 38 67
26 39 73
26 40 16
26 41 76
26 42 13
26 43 94
26 44 20
26 45 44
26 46 47
26 47 88
26 48 83
26 49 14
26 50 39
26 51 76
26 52 82
27 28 1
27 29 100
27 30 52
27 31 29
27 32 77
27 33 73
27 34 40
27 35 99
27 36 67
27 37 30
27 38 32
27 39 17
27 40 13
27 41 24
27 42 28
27 43 91
27 44 96
27 45 54
27 46 46
27 47 54
27 48 63
27 49 18
27 50 71
27 51 1
27 52 46
28 29 33
28 30 61
28 31 54
28 32 53
28 33 1
28 34 95
28 35 94
28 36 7
28 37 58
28 38 26
28 39 44
28 40 25
28 41 30
28 42 67
28 43 70
28 44 70
28 45 67
28 46 100
28 47 69
28 48 13
28 49 83
28 50 11
28 51 66
28 52 41
29 30 70
29 31 43
29 32 79
29 33 54
29 34 47
29 35 74
29 36 28
29 37 8
29 38 74
29 39 83
29 40 83
29 41 40
29 42 49
29 43 44
29 44 17
29 45 19
29 46 3
29 47 65
29 48 36
29 49 98
29 50 79
29 51 61
29 52 26
30 31 91
30 32 82
30 33 91
30 34 23
30 35 57
30 36 24
30 37 83
30 38 88
30 39 85
30 40 90
30 41 83
30 42 8
30 43 81
30 44 59
30 45 52
30 46 97
30 47 30
30 48 27
30 49 53
30 50 69
30 51 22
30 52 79
31 32 75
31 33 50
31 34 74
31 35 79
31 36 4
31 37 6
31 38 59
31 39 47
31 40 96
31 41 96
31 42 52
31 43 94
31 44 100
31 45 45
31 46 17
31 47 90
31 48 2
31 49 95
31 50 70
31 51 68
31 52 18
32 33 41
32 34 79
32 35 88
32 36 43
32 37 55
32 38 98
32 39 18
32 40 69
32 41 97
32 42 51
32 43 92
32 44 98
32 45 6
32 46 99
32 47 10
32 48 44
32 49 76
32 50 8
32 51 71
32 52 66
33 34 35
33 35 22
33 36 85
33 37 14
33 38 7
33 39 5
33 40 55
33 41 20
33 42 4
33 43 27
33 44 14
33 45 96
33 46 8
33 47 66
33 48 24
33 49 61
33 50 26
33 51 52
33 52 11
34 35 31
34 36 20
34 37 7
34 38 85
34 39 59
34 40 43
34 41 78
34 42 27
34 43 15
34 44 15
34 45 31
34 46 42
34 47 40
34 48 40
34 49 46
34 50 71
34 51 37
34 52 16
35 36 1
35 37 32
35 38 49
35 39 81
35 40 53
35 41 30
35 42 12
35 43 94
35 44 95
35 45 41
35 46 43
35 47 37
35 48 44
35 49 46
35 50 58
35 51 38
35 52 20
36 37 48
36 38 18
36 39 41
36 40 79
36 41 70
36 42 71
36 43 31
36 44 79
36 45 74
36 46 97
36 47 70
36 48 82
36 49 30
36 50 36
36 51 52
36 52 73
37 38 51
37 39 31
37 40 100
37 41 98
37 42 18
37 43 39
37 44 1
37 45 41
37 46 40
37 47 16
37 48 89
37 49 90
37 50 4
37 51 60
37 52 70
38 39 81
38 40 16
38 41 2
38 42 64
38 43 90
38 44 89
38 45 63
38 46 94
38 47 20
38 48 57
38 49 38
38 50 20
38 51 93
38 52 10
39 40 46
39 41 31
39 42 57
39 43 13
39 44 28
39 45 80
39 46 97
39 47 63
39 48 20
39 49 81
39 50 89
39 51 74
39 52 73
40 41 94
40 42 23
40 43 33
40 44 38
40 45 11
40 46 97
40 47 85
40 48 93
40 49 16
40 50 57
40 51 36
40 52 39
41 42 100
41 43 74
41 44 27
41 45 33
41 46 91
41 47 70
41 48 11
41 49 61
41 50 15
41 51 41
41 52 75
42 43 45
42 44 91
42 45 58
42 46 88
42 47 33
42 48 42
42 49 29
42 50 29
42 51 31
42 52 17
43 44 43
43 45 37
43 46 90
43 47 67
43 48 50
43 49 74
43 50 84
43 51 63
43 52 48
44 45 25
44 46 88
44 47 36
44 48 20
44 49 45
44 50 64
44 51 57
44 52 69
45 46 85
45 47 85
45 48 97
45 49 42
45 50 42
45 51 99
45 52 29
46 47 94
46 48 52
46 49 60
46 50 88
46 51 24
46 52 46
47 48 52
47 49 1
47 50 35
47 51 9
47 52 50
48 49 58
48 50 85
48 51 19
48 52 77
49 50 37
49 51 6
49 52 25
50 51 42
50 52 84
51 52 27
