88 3828 87
1 2 55
1 3 11
1 4 93
1 5 22
1 6 94
1 7 88
1 8 41
1 9 68
1 10 57
1 11 11
1 12 90
1 13 16
1 14 42
1 15 54
1 16 36
1 17 36
1 18 18
1 19 84
1 20 14
1 21 99
1 22 4
1 23 67
1 24 33
1 25 5
1 26 40
1 27 35
1 28 21
1 29 83
1 30 50
1 31 56
1 32 36
1 33 92
1 34 78
1 35 85
1 36 5
1 37 79
1 38 74
1 39 21
1 40 59
1 41 20
1 42 52
1 43 87
1 44 56
1 45 15
1 46 66
1 47 71
1 48 96
1 49 39
1 50 21
1 51 49
1 52 46
1 53 51
1 54 29
1 55 47
1 56 1
1 57 7
1 58 11
1 59 32
1 60 39
1 61 63
1 62 65
1 63 87
1 64 64
1 65 66
1 66 85
1 67 35
1 68 66
1 69 86
1 70 2
1 71 6
1 72 9
1 73 2
1 74 50
1 75 8
1 76 23
1 77 65
1 78 77
1 79 71
1 80 91
1 81 56
1 82 13
1 83 65
1 84 30
1 85 74
1 86 46
1 87 2
1 88 14
2 3 45
2 4 87
2 5 69
2 6 21
2 7 38
2 8 41
2 9 42
2 10 1
2 11 42
2 12 69
2 13 44
2 14 71
2 15 91
2 16 5
2 17 89
2 18 54
2 19 50
2 20 76
2 21 65
2 22 80
2 23 11
2 24 61
2 25 10
2 26 32
2 27 63
2 28 35
2 29 29
2 30 22
2 31 100
2 32 39
2 33 69
2 34 43
2 35 9
2 36 76
2 37 66
2 38 2
2 39 24
2 40 100
2 41 96
2 42 57
2 43 30
2 44 34
2 45 53
2 46 34
2 47 1
2 48 41
2 49 95
2 50 27
2 51 53
2 52 48
2 53 36
2 54 21
2 55 69
2 56 66
2 57 99
2 58 30
2 59 80
2 60 73
2 61 44
2 62 93
2 63 53
2 64 6
2 65 19
2 66 62
2 67 3
2 68 26
2 69 76
2 70 76
2 71 45
2 72 43
2 73 52
2 74 99
2 75 84
2 76 87
2 77 26
2 78 21
2 79 81
2 80 28
2 81 54
2 82 17
2 83 21
2 84 5
2 85 70
2 86 53
2 87 26
2 88 88
3 4 28
3 5 78
3 6 15
3 7 75
3 8 79
3 9 23
3 10 78
3 11 26
3 12 24
3 13 12
3 14 20
3 15 17
3 16 45
3 17 96
3 18 9
3 19 41
3 20 86
3 21 71
3 22 26
3 23 70
3 24 100
3 25 68
3 26 35
3 27 10
3 28 90
3 29 14
3 30 60
3 31 80
3 32 2
3 33 96
3 34 26
3 35 66
3 36 91
3 37 15
3 38 16
3 39 35
3 40 18
3 41 69
3 42 92
3 43 64
3 44 23
3 45 99
3 46 45
3 47 29
3 48 28
3 49 98
3 50 94
3 51 62
3 52 38
3 53 55
3 54 63
3 55 53
3 56 22
3 57 31
3 58 33
3 59 10
3 60 47
3 61 58
3 62 80
3 63 100
3 64 91
3 65 9
3 66 38
3 67 36
3 68 96
3 69 97
3 70 14
3 71 47
3 72 25
3 73 72
3 74 69
3 75 17
3 76 27
3 77 43
3 78 70
3 79 90
3 80 78
3 81 3
3 82 83
3 83 84
3 84 27
3 85 96
3 86 38
3 87 36
3 88 64
4 5 25
4 6 9
4 7 44
4 8 88
4 9 76
4 10 12
4 11 21
4 12 78
4 13 62
4 14 78
4 15 80
4 16 77
4 17 64
4 18 42
4 19 64
4 20 36
4 21 1
4 22 46
4 23 5
4 24 53
4 25 70
4 26 76
4 27 21
4 28 84
4 29 91
4 30 7
4 31 83
4 32 50
4 33 82
4 34 33
4 35 64
4 36 63
4 37 45
4 38 75
4 39 69
4 40 82
4 41 99
4 42 33
4 43 5
4 44 33
4 45 84
4 46 10
4 47 87
4 48 76
4 49 91
4 50 45
4 51 10
4 52 4
4 53 76
4 54 24
4 55 35
4 56 19
4 57 81
4 58 41
4 59 93
4 60 77
4 61 21
4 62 82
4 63 7
4 64 61
4 65 65
4 66 18
4 67 56
4 68 30
4 69 70
4 70 33
4 71 84
4 72 26
4 73 76
4 74 46
4 75 10
4 76 51
4 77 80
4 78 99
4 79 5
4 80 21
4 81 64
4 82 21
4 83 7
4 84 88
4 85 42
4 86 52
4 87 14
4 88 40
5 6 72
5 7 87
5 8 15
5 9 37
5 10 68
5 11 26
5 12 44
5 13 89
5 14 27
5 15 72
5 16 16
5 17 94
5 18 55
5 19 55
5 20 95
5 21 29
5 22 20
5 23 30
5 24 75
5 25 1
5 26 69
5 27 23
5 28 64
5 29 67
5 30 33
5 31 50
5 32 67
5 33 39
5 34 57
5 35 66
5 36 77
5 37 81
5 38 48
5 39 72
5 40 36
5 41 24
5 42 100
5 43 41
5 44 71
5 45 46
5 46 36
5 47 96
5 48 80
5 49 75
5 50 42
5 51 85
5 52 60
5 53 71
5 54 85
5 55 38
5 56 6
5 57 72
5 58 39
5 59 36
5 60 69
5 61 76
5 62 64
5 63 12
5 64 97
5 65 32
5 66 56
5 67 18
5 68 57
5 69 63
5 70 48
5 71 56
5 72 7
5 73 6
5 74 17
5 75 6
5 76 64
5 77 99
5 78 2
5 79 97
5 80 80
5 81 51
5 82 2
5 83 4
5 84 28
5 85 38
5 86 84
5 87 93
5 88 28
6 7 79
6 8 72
6 9 59
6 10 58
6 11 68
6 12 6
6 13 41
6 14 88
6 15 70
6 16 55
6 17 26
6 18 6
6 19 84
6 20 85
6 21 85
6 22 58
6 23 25
6 24 72
6 25 52
6 26 41
6 27 54
6 28 81
6 29 70
6 30 99
6 31 62
6 32 91
6 33 88
6 34 10
6 35 18
6 36 70
6 37 40
6 38 50
6 39 22
6 40 95
6 41 66
6 42 34
6 43 23
6 44 68
6 45 62
6 46 41
6 47 45
6 48 9
6 49 47
6 50 96
6 51 19
6 52 52
6 53 33
6 54 21
6 55 96
6 56 65
6 57 100
6 58 13
6 59 4
6 60 59
6 61 46
6 62 28
6 63 54
6 64 97
6 65 81
6 66 34
6 67 52
6 68 1
6 69 21
6 70 71
6 71 38
6 72 21
6 73 16
6 74 30
6 75 23
6 76 6
6 77 25
6 78 100
6 79 56
6 80 2
6 81 31
6 82 37
6 83 60
6 84 89
6 85 77
6 86 3
6 87 44
6 88 71
7 8 87
7 9 55
7 10 41
7 11 25
7 12 11
7 13 3
7 14 64
7 15 42
7 16 33
7 17 37
7 18 89
7 19 75
7 20 54
7 21 15
7 22 7
7 23 68
7 24 89
7 25 98
7 26 61
7 27 41
7 28 68
7 29 50
7 30 13
7 31 82
7 32 34
7 33 93
7 34 87
7 35 27
7 36 43
7 37 8
7 38 19
7 39 89
7 40 19
7 41 28
7 42 53
7 43 14
7 44 2
7 45 28
7 46 35
7 47 30
7 48 25
7 49 80
7 50 18
7 51 96
7 52 54
7 53 40
7 54 56
7 55 78
7 56 24
7 57 5
7 58 60
7 59 47
7 60 75
7 61 38
7 62 52
7 63 14
7 64 11
7 65 19
7 66 98
7 67 31
7 68 16
7 69 33
7 70 89
7 71 96
7 72 11
7 73 90
7 74 37
7 75 68
7 76 40
7 77 39
7 78 76
7 79 77
7 80 78
7 81 93
7 82 100
7 83 29
7 84 11
7 85 40
7 86 61
7 87 69
7 88 2
8 9 41
8 10 59
8 11 32
8 12 39
8 13 20
8 14 46
8 15 63
8 16 85
8 17 98
8 18 87
8 19 73
8 20 47
8 21 3
8 22 39
8 23 64
8 24 95
8 25 48
8 26 61
8 27 70
8 28 97
8 29 57
8 30 59
8 31 41
8 32 58
8 33 64
8 34 34
8 35 69
8 36 59
8 37 14
8 38 2
8 39 35
8 40 82
8 41 37
8 42 25
8 43 40
8 44 18
8 45 58
8 46 7
8 47 11
8 48 81
8 49 87
8 50 12
8 51 97
8 52 2
8 53 45
8 54 20
8 55 61
8 56 4
8 57 46
8 58 33
8 59 24
8 60 38
8 61 17
8 62 4
8 63 27
8 64 88
8 65 3
8 66 98
8 67 57
8 68 53
8 69 85
8 70 56
8 71 12
8 72 36
8 73 40
8 74 68
8 75 48
8 76 40
8 77 87
8 78 22
8 79 100
8 80 2
8 81 92
8 82 82
8 83 93
8 84 2
8 85 97
8 86 75
8 87 93
8 88 51
9 10 43
9 11 42
9 12 46
9 13 26
9 14 60
9 15 67
9 16 98
9 17 14
9 18 43
9 19 10
9 20 10
9 21 53
9 22 17
9 23 69
9 24 22
9 25 83
9 26 72
9 27 81
9 28 54
9 29 5
9 30 61
9 31 96
9 32 76
9 33 80
9 34 11
9 35 84
9 36 13
9 37 66
9 38 17
9 39 91
9 40 37
9 41 52
9 42 96
9 43 58
9 44 17
9 45 24
9 46 56
9 47 94
9 48 27
9 49 77
9 50 67
9 51 8
9 52 62
9 53 62
9 54 64
9 55 60
9 56 20
9 57 50
9 58 72
9 59 37
9 60 79
9 61 2
9 62 9
9 63 57
9 64 58
9 65 37
9 66 27
9 67 27
9 68 32
9 69 45
9 70 60
9 71 37
9 72 92
9 73 27
9 74 14
9 75 76
9 76 88
9 77 68
9 78 31
9 79 100
9 80 62
9 81 7
9 82 71
9 83 96
9 84 91
9 85 26
9 86 60
9 87 45
9 88 8
10 11 8
10 12 34
10 13 67
10 14 96
10 15 24
10 16 3
10 17 17
10 18 37
10 19 98
10 20 29
10 21 40
10 22 7
10 23 53
10 24 42
10 25 34
10 26 35
10 27 83
10 28 6
10 29 59
10 30 25
10 31 42
10 32 7
10 33 13
10 34 36
10 35 23
10 36 75
10 37 46
10 38 34
10 39 48
10 40 13
10 41 64
10 42 37
10 43 30
10 44 74
10 45 92
10 46 42
10 47 98
10 48 92
10 49 99
10 50 95
10 51 12
10 52 70
10 53 33
10 54 7
10 55 12
10 56 2
10 57 35
10 58 49
10 59 100
10 60 94
10 61 10
10 62 58
10 63 84
10 64 23
10 65 11
10 66 73
10 67 62
10 68 8
10 69 42
10 70 3
10 71 1
10 72 43
10 73 81
10 74 28
10 75 46
10 76 29
10 77 19
10 78 2
10 79 4
10 80 62
10 81 74
10 82 98
10 83 24
10 84 12
10 85 41
10 86 88
10 87 39
10 88 5
11 12 45
11 13 14
11 14 39
11 15 99
11 16 39
11 17 50
11 18 49
11 19 2
11 20 85
11 21 25
11 22 29
11 23 63
11 24 68
11 25 10
11 26 89
11 27 69
11 28 51
11 29 80
11 30 53
11 31 10
11 32 96
11 33 17
11 34 12
11 35 6
11 36 63
11 37 47
11 38 3
11 39 11
11 40 23
11 41 25
11 42 94
11 43 17
11 44 20
11 45 42
11 46 93
11 47 39
11 48 46
11 49 44
11 50 58
11 51 84
11 52 54
11 53 69
11 54 44
11 55 4
11 56 74
11 57 56
11 58 73
11 59 81
11 60 71
11 61 96
11 62 47
11 63 60
11 64 54
11 65 32
11 66 19
11 67 24
11 68 99
11 69 90
11 70 58
11 71 75
11 72 71
11 73 12
11 74 40
11 75 93
11 76 82
11 77 65
11 78 49
11 79 46
11 80 59
11 81 33
11 82 52
11 83 47
11 84 51
11 85 86
11 86 73
11 87 50
11 88 99
12 13 65
12 14 38
12 15 91
12 16 75
12 17 33
12 18 53
12 19 45
12 20 55
12 21 2
12 22 23
12 23 48
12 24 75
12 25 38
12 26 43
12 27 82
12 28 8
12 29 75
12 30 20
12 31 35
12 32 90
12 33 77
12 34 71
12 35 70
12 36 77
12 37 39
12 38 13
12 39 4
12 40 7
12 41 48
12 42 14
12 43 68
12 44 2
12 45 44
12 46 30
12 47 30
12 48 89
12 49 37
12 50 59
12 51 61
12 52 56
12 53 20
12 54 71
12 55 74
12 56 12
12 57 62
12 58 25
12 59 17
12 60 25
12 61 43
12 62 66
12 63 6
12 64 9
12 65 44
12 66 8
12 67 49
12 68 72
12 69 14
12 70 47
12 71 91
12 72 50
12 73 43
12 74 53
12 75 18
12 76 5
12 77 72
12 78 81
12 79 89
12 80 6
12 81 57
12 82 64
12 83 29
12 84 5
12 85 15
12 86 51
12 87 60
12 88 27
13 14 99
13 15 74
13 16 7
13 17 100
13 18 68
13 19 85
13 20 47
13 21 44
13 22 53
13 23 91
13 24 7
13 25 88
13 26 33
13 27 34
13 28 35
13 29 71
13 30 52
13 31 22
13 32 13
13 33 30
13 34 84
13 35 87
13 36 27
13 37 73
13 38 50
13 39 99
13 40 61
13 41 87
13 42 5
13 43 73
13 44 76
13 45 58
13 46 31
13 47 55
13 48 2
13 49 73
13 50 84
13 51 85
13 52 89
13 53 14
13 54 25
13 55 94
13 56 100
13 57 93
13 58 81
13 59 5
13 60 3
13 61 26
13 62 45
13 63 27
13 64 77
13 65 90
13 66 67
13 67 68
13 68 88
13 69 77
13 70 56
13 71 79
13 72 26
13 73 47
13 74 95
13 75 72
13 76 33
13 77 100
13 78 54
13 79 85
13 80 44
13 81 54
13 82 76
13 83 72
13 84 92
13 85 52
13 86 29
13 87 6
13 88 40
14 15 50
14 16 37
14 17 87
14 18 55
14 19 92
14 20 86
14 21 90
14 22 76
14 23 97
14 24 19
14 25 42
14 26 61
14 27 94
14 28 8
14 29 73
14 30 75
14 31 12
14 32 51
14 33 24
14 34 59
14 35 17
14 36 10
14 37 33
14 38 6
14 39 100
14 40 24
14 41 52
14 42 32
14 43 26
14 44 88
14 45 13
14 46 69
14 47 71
14 48 30
14 49 31
14 50 33
14 51 16
14 52 75
14 53 97
14 54 64
14 55 62
14 56 16
14 57 73
14 58 5
14 59 29
14 60 46
14 61 51
14 62 15
14 63 44
14 64 73
14 65 7
14 66 70
14 67 62
14 68 54
14 69 93
14 70 86
14 71 51
14 72 97
14 73 56
14 74 89
14 75 99
14 76 41
14 77 84
14 78 49
14 79 68
14 80 57
14 81 39
14 82 61
14 83 9
14 84 13
14 85 100
14 86 83
14 87 65
14 88 79
15 16 43
15 17 62
15 18 40
15 19 43
15 20 48
15 21 65
15 22 94
15 23 68
15 24 23
15 25 77
15 26 26
15 27 24
15 28 100
15 29 78
15 30 70
15 31 49
15 32 18
15 33 69
15 34 70
15 35 26
15 36 53
15 37 59
15 38 12
15 39 14
15 40 82
15 41 30
15 42 12
15 43 23
15 44 18
15 45 97
15 46 27
15 47 48
15 48 28
15 49 98
15 50 11
15 51 100
15 52 38
15 53 34
15 54 8
15 55 44
15 56 57
15 57 19
15 58 50
15 59 45
15 60 54
15 61 4
15 62 56
15 63 11
15 64 19
15 65 25
15 66 81
15 67 50
15 68 47
15 69 7
15 70 47
15 71 35
15 72 47
15 73 74
15 74 73
15 75 17
15 76 25
15 77 23
15 78 10
15 79 65
15 80 47
15 81 86
15 82 83
15 83 90
15 84 63
15 85 48
15 86 8
15 87 54
15 88 92
16 17 96
16 18 31
16 19 44
16 20 9
16 21 60
16 22 65
16 23 81
16 24 91
16 25 54
16 26 11
16 27 70
16 28 6
16 29 72
16 30 43
16 31 63
16 32 25
16 33 88
16 34 80
16 35 70
16 36 61
16 37 28
16 38 37
16 39 47
16 40 41
16 41 97
16 42 20
16 43 84
16 44 94
16 45 1
16 46 12
16 47 14
16 48 28
16 49 53
16 50 72
16 51 56
16 52 13
16 53 20
16 54 77
16 55 76
16 56 61
16 57 21
16 58 7
16 59 72
16 60 65
16 61 8
16 62 33
16 63 55
16 64 5
16 65 100
16 66 49
16 67 59
16 68 89
16 69 15
16 70 55
16 71 98
16 72 71
16 73 33
16 74 55
16 75 91
16 76 79
16 77 86
16 78 68
16 79 2
16 80 94
16 81 48
16 82 52
16 83 88
16 84 15
16 85 53
16 86 9
16 87 89
16 88 12
17 18 56
17 19 71
17 20 91
17 21 9
17 22 33
17 23 53
17 24 9
17 25 66
17 26 84
17 27 42
17 28 38
17 29 53
17 30 25
17 31 20
17 32 92
17 33 14
17 34 99
17 35 77
17 36 87
17 37 61
17 38 30
17 39 48
17 40 39
17 41 12
17 42 68
17 43 88
17 44 28
17 45 69
17 46 97
17 47 33
17 48 12
17 49 26
17 50 17
17 51 94
17 52 98
17 53 80
17 54 81
17 55 4
17 56 30
17 57 51
17 58 54
17 59 64
17 60 96
17 61 5
17 62 89
17 63 43
17 64 33
17 65 52
17 66 96
17 67 40
17 68 16
17 69 25
17 70 95
17 71 85
17 72 42
17 73 73
17 74 69
17 75 5
17 76 37
17 77 4
17 78 9
17 79 76
17 80 10
17 81 97
17 82 61
17 83 86
17 84 31
17 85 7
17 86 79
17 87 42
17 88 8
18 19 100
18 20 8
18 21 53
18 22 23
18 23 94
18 24 77
18 25 44
18 26 27
18 27 93
18 28 58
18 29 70
18 30 91
18 31 46
18 32 3
18 33 62
18 34 61
18 35 69
18 36 27
18 37 92
18 38 34
18 39 8
18 40 94
18 41 71
18 42 70
18 43 63
18 44 70
18 45 57
18 46 44
18 47 60
18 48 100
18 49 87
18 50 45
18 51 64
18 52 62
18 53 46
18 54 56
18 55 87
18 56 99
18 57 3
18 58 3
18 59 68
18 60 67
18 61 76
18 62 44
18 63 71
18 64 87
18 65 53
18 66 96
18 67 100
18 68 14
18 69 16
18 70 20
18 71 93
18 72 96
18 73 64
18 74 97
18 75 53
18 76 6
18 77 85
18 78 98
18 79 16
18 80 44
18 81 33
18 82 28
18 83 71
18 84 29
18 85 99
18 86 40
18 87 53
18 88 65
19 20 5
19 21 60
19 22 20
19 23 3
19 24 36
19 25 33
19 26 61
19 27 18
19 28 20
19 29 32
19 30 11
19 31 47
19 32 33
19 33 89
19 34 8
19 35 94
19 36 10
19 37 96
19 38 18
19 39 5
19 40 3
19 41 40
19 42 22
19 43 46
19 44 38
19 45 86
19 46 73
19 47 13
19 48 82
19 49 12
19 50 78
19 51 16
19 52 4
19 53 59
19 54 73
19 55 45
19 56 52
19 57 39
19 58 44
19 59 64
19 60 70
19 61 84
19 62 97
19 63 100
19 64 93
19 65 2
19 66 48
19 67 88
19 68 47
19 69 22
19 70 23
19 71 16
19 72 14
19 73 42
19 74 36
19 75 59
19 76 31
19 77 68
19 78 31
19 79 84
19 80 61
19 81 81
19 82 2
19 83 12
19 84 31
19 85 21
19 86 82
19 87 11
19 88 93
20 21 77
20 22 72
20 23 75
20 24 98
20 25 4
20 26 71
20 27 34
20 28 100
20 29 61
20 30 10
20 31 29
20 32 27
20 33 74
20 34 80
20 35 36
20 36 66
20 37 33
20 38 26
20 39 24
20 40 81
20 41 3
20 42 24
20 43 63
20 44 60
20 45 6
20 46 38
20 47 47
20 48 96
20 49 49
20 50 49
20 51 26
20 52 70
20 53 98
20 54 18
20 55 35
20 56 83
20 57 27
20 58 83
20 59 85
20 60 76
20 61 40
20 62 2
20 63 51
20 64 99
20 65 79
20 66 48
20 67 15
20 68 33
20 69 32
20 70 18
20 71 23
20 72 21
20 73 94
20 74 91
20 75 81
20 76 2
20 77 4
20 78 42
20 79 17
20 80 76
20 81 25
20 82 41
20 83 56
20 84 90
20 85 59
20 86 93
20 87 25
20 88 1
21 22 17
21 23 14
21 24 89
21 25 61
21 26 69
21 27 66
21 28 43
21 29 62
21 30 96
21 31 99
21 32 16
21 33 80
21 34 56
21 35 93
21 36 13
21 37 64
21 38 88
21 39 77
21 40 4
21 41 45
21 42 59
21 43 46
21 44 42
21 45 43
21 46 4
21 47 34
21 48 17
21 49 58
21 50 61
21 51 34
21 52 34
21 53 15
21 54 2
21 55 77
21 56 100
21 57 37
21 58 69
21 59 79
21 60 91
21 61 63
21 62 85
21 63 13
21 64 68
21 65 48
21 66 77
21 67 49
21 68 64
21 69 65
21 70 75
21 71 65
21 72 29
21 73 61
21 74 94
21 75 9
21 76 26
21 77 44
21 78 16
21 79 82
21 80 73
21 81 2
21 82 61
21 83 43
21 84 92
21 85 65
21 86 15
21 87 85
21 88 96
22 23 90
22 24 55
22 25 45
22 26 28
22 27 35
22 28 45
22 29 9
22 30 48
22 31 7
22 32 71
22 33 38
22 34 71
22 35 42
22 36 58
22 37 31
22 38 59
22 39 63
22 40 20
22 41 8
22 42 33
22 43 31
22 44 22
22 45 87
22 46 36
22 47 87
22 48 86
22 49 14
22 50 37
22 51 95
22 52 25
22 53 24
22 54 73
22 55 6
22 56 5
22 57 67
22 58 4
22 59 76
22 60 26
22 61 28
22 62 25
22 63 78
22 64 30
22 65 60
22 66 96
22 67 5
22 68 17
22 69 23
22 70 93
22 71 66
22 72 41
22 73 27
22 74 3
22 75 30
22 76 18
22 77 44
22 78 50
22 79 41
22 80 71
22 81 81
22 82 3
22 83 46
22 84 38
22 85 42
22 86 94
22 87 6
22 88 12
23 24 72
23 25 93
23 26 54
23 27 16
23 28 96
23 29 80
23 30 57
23 31 55
23 32 61
23 33 62
23 34 57
23 35 3
23 36 87
23 37 44
23 38 1
23 39 30
23 40 90
23 41 42
23 42 48
23 43 9
23 44 30
23 45 44
23 46 66
23 47 7
23 48 59
23 49 8
23 50 54
23 51 14
23 52 24
23 53 91
23 54 7
23 55 27
23 56 16
23 57 77
23 58 35
23 59 94
23 60 15
23 61 41
23 62 39
23 63 6
23 64 5
23 65 55
23 66 23
23 67 72
23 68 91
23 69 51
23 70 99
23 71 96
23 72 1
23 73 87
23 74 11
23 75 68
23 76 31
23 77 87
23 78 20
23 79 29
23 80 42
23 81 37
23 82 42
23 83 40
23 84 56
23 85 8
23 86 73
23 87 29
23 88 35
24 25 70
24 26 27
24 27 84
24 28 59
24 29 2
24 30 18
24 31 94
24 32 7
24 33 19
24 34 48
24 35 79
24 36 96
24 37 44
24 38 88
24 39 58
24 40 5
24 41 88
24 42 35
24 43 22
24 44 12
24 45 51
24 46 43
24 47 73
24 48 70
24 49 36
24 50 29
24 51 59
24 52 39
24 53 87
24 54 74
24 55 78
24 56 24
24 57 28
24 58 82
24 59 64
24 60 32
24 61 17
24 62 90
24 63 35
24 64 13
24 65 20
24 66 55
24 67 33
24 68 80
24 69 25
24 70 50
24 71 11
24 72 1
24 73 59
24 74 94
24 75 100
24 76 27
24 77 86
24 78 53
24 79 4
24 80 43
24 81 57
24 82 22
24 83 59
24 84 27
24 85 43
24 86 24
24 87 46
24 88 11
25 26 68
25 27 30
25 28 53
25 29 65
25 30 14
25 31 35
25 32 47
25 33 81
25 34 94
25 35 35
25 36 77
25 37 89
25 38 78
25 39 11
25 40 36
25 41 14
25 42 57
25 43 84
25 44 74
25 45 38
25 46 72
25 47 29
25 48 90
25 49 63
25 50 70
25 51 4
25 52 44
25 53 80
25 54 37
25 55 34
25 56 96
25 57 88
25 58 10
25 59 72
25 60 86
25 61 7
25 62 34
25 63 19
25 64 10
25 65 56
25 66 41
25 67 31
25 68 23
25 69 67
25 70 24
25 71 22
25 72 47
25 73 82
25 74 43
25 75 63
25 76 97
25 77 36
25 78 60
25 79 84
25 80 9
25 81 76
25 82 26
25 83 81
25 84 95
25 85 93
25 86 50
25 87 52
25 88 47
26 27 89
26 28 1
26 29 17
26 30 22
26 31 83
26 32 26
26 33 10
26 34 71
26 35 58
26 36 28
26 37 61
26 38 7
26 39 81
26 40 14
26 41 76
26 42 4
26 43 51
26 44 41
26 45 40
26 46 79
26 47 39
26 48 74
26 49 89
26 50 35
26 51 80
26 52 78
26 53 57
26 54 49
26 55 11
26 56 83
26 57 47
26 58 1
26 59 12
26 60 91
26 61 9
26 62 10
26 63 62
26 64 21
26 65 82
26 66 79
26 67 87
26 68 68
26 69 59
26 70 7
26 71 49
26 72 76
26 73 27
26 74 65
26 75 90
26 76 22
26 77 80
26 78 88
26 79 73
26 80 6
26 81 58
26 82 57
26 83 92
26 84 30
26 85 6
26 86 100
26 87 71
26 88 66
27 28 13
27 29 100
27 30 30
27 31 9
27 32 63
27 33 9
27 34 1
27 35 25
27 36 36
27 37 40
27 38 4
27 39 72
27 40 2
27 41 62
27 42 24
27 43 48
27 44 53
27 45 39
27 46 32
27 47 13
27 48 4
27 49 69
27 50 53
27 51 38
27 52 60
27 53 78
27 54 6
27 55 22
27 56 62
27 57 35
27 58 97
27 59 95
27 60 96
27 61 13
27 62 4
27 63 93
27 64 98
27 65 95
27 66 13
27 67 41
27 68 85
27 69 40
27 70 5
27 71 35
27 72 1
27 73 40
27 74 100
27 75 80
27 76 24
27 77 23
27 78 81
27 79 42
27 80 19
27 81 16
27 82 90
27 83 59
27 84 21
27 85 91
27 86 43
27 87 12
27 88 23
28 29 51
28 30 38
28 31 51
28 32 31
28 33 50
28 34 1
28 35 96
28 36 92
28 37 83
28 38 7
28 39 65
28 40 12
28 41 55
28 42 47
28 43 30
28 44 78
28 45 50
28 46 24
28 47 7
28 48 87
28 49 44
28 50 63
28 51 47
28 52 11
28 53 33
28 54 28
28 55 6
28 56 95
28 57 15
28 58 80
28 59 43
28 60 30
28 61 5
28 62 7
28 63 100
28 64 30
28 65 35
28 66 7
28 67 64
28 68 7
28 69 66
28 70 20
28 71 72
28 72 80
28 73 37
28 74 50
28 75 4
28 76 43
28 77 30
28 78 20
28 79 51
28 80 12
28 81 74
28 82 20
28 83 53
28 84 99
28 85 60
28 86 30
28 87 71
28 88 20
29 30 28
29 31 80
29 32 28
29 33 10
29 34 21
29 35 59
29 36 20
29 37 58
29 38 64
29 39 33
29 40 98
29 41 54
29 42 96
29 43 31
29 44 42
29 45 7
29 46 72
29 47 26
29 48 68
29 49 75
29 50 85
29 51 94
29 52 71
29 53 38
29 54 70
29 55 70
29 56 90
29 57 66
29 58 1
29 59 82
29 60 84
29 61 38
29 62 97
29 63 77
29 64 57
29 65 18
29 66 50
29 67 83
29 68 98
29 69 66
29 70 62
29 71 54
29 72 29
29 73 71
29 74 87
29 75 30
29 76 64
29 77 34
29 78 54
29 79 19
29 80 87
29 81 33
29 82 17
29 83 22
29 84 32
29 85 46
29 86 76
29 87 7
29 88 26
30 31 73
30 32 59
30 33 22
30 34 29
30 35 87
30 36 90
30 37 99
30 38 35
30 39 98
30 40 70
30 41 22
30 42 76
30 43 68
30 44 20
30 45 79
30 46 11
30 47 9
30 48 2
30 49 21
30 50 39
30 51 26
30 52 9
30 53 15
30 54 6
30 55 88
30 56 4
30 57 20
30 58 42
30 59 69
30 60 39
30 61 42
30 62 3
30 63 73
30 64 100
30 65 67
30 66 57
30 67 20
30 68 71
30 69 85
30 70 26
30 71 71
30 72 27
30 73 31
30 74 91
30 75 79
30 76 33
30 77 75
30 78 96
30 79 19
30 80 22
30 81 57
30 82 27
30 83 20
30 84 97
30 85 99
30 86 22
30 87 41
30 88 66
31 32 37
31 33 64
31 34 43
31 35 7
31 36 77
31 37 17
31 38 89
31 39 28
31 40 6
31 41 72
31 42 52
31 43 57
31 44 34
31 45 60
31 46 43
31 47 58
31 48 38
31 49 13
31 50 100
31 51 9
31 52 77
31 53 29
31 54 21
31 55 62
31 56 23
31 57 53
31 58 85
31 59 26
31 60 68
31 61 71
31 62 15
31 63 3
31 64 79
31 65 32
31 66 44
31 67 56
31 68 89
31 69 46
31 70 68
31 71 64
31 72 22
31 73 1
31 74 6
31 75 97
31 76 64
31 77 5
31 78 79
31 79 91
31 80 79
31 81 46
31 82 57
31 83 2
31 84 57
31 85 78
31 86 42
31 87 26
31 88 39
32 33 66
32 34 94
32 35 60
32 36 65
32 37 25
32 38 61
32 39 4
32 40 57
32 41 87
32 42 16
32 43 70
32 44 21
32 45 85
32 46 98
32 47 34
32 48 62
32 49 21
32 50 64
32 51 59
32 52 1
32 53 92
32 54 81
32 55 45
32 56 15
32 57 99
32 58 21
32 59 28
32 60 42
32 61 7
32 62 86
32 63 70
32 64 89
32 65 20
32 66 7
32 67 1
32 68 46
32 69 91
32 70 57
32 71 15
32 72 100
32 73 65
32 74 48
32 75 77
32 76 19
32 77 90
32 78 67
32 79 69
32 80 85
32 81 80
32 82 87
32 83 98
32 84 74
32 85 17
32 86 66
32 87 67
32 88 26
33 34 69
33 35 56
33 36 81
33 37 69
33 38 44
33 39 94
33 40 35
33 41 37
33 42 48
33 43 47
33 44 55
33 45 31
33 46 13
33 47 96
33 48 16
33 49 50
33 50 75
33 51 56
33 52 40
33 53 96
33 54 33
33 55 47
33 56 59
33 57 17
33 58 86
33 59 12
33 60 97
33 61 73
33 62 47
33 63 23
33 64 15
33 65 66
33 66 89
33 67 35
33 68 12
33 69 84
33 70 39
33 71 59
33 72 19
33 73 71
33 74 30
33 75 96
33 76 4
33 77 1
33 78 26
33 79 72
33 80 100
33 81 36
33 82 82
33 83 18
33 84 75
33 85 98
33 86 54
33 87 25
33 88 61
34 35 19
34 36 100
34 37 73
34 38 35
34 39 22
34 40 20
34 41 95
34 42 17
34 43 11
34 44 89
34 45 15
34 46 83
34 47 8
34 48 75
34 49 6
34 50 19
34 51 16
34 52 71
34 53 74
34 54 50
34 55 77
34 56 1
34 57 97
34 58 41
34 59 21
34 60 75
34 61 1
34 62 46
34 63 65
34 64 50
34 65 38
34 66 40
34 67 91
34 68 71
34 69 51
34 70 9
34 71 5
34 72 4
34 73 7
34 74 56
34 75 47
34 76 64
34 77 66
34 78 37
34 79 95
34 80 49
34 81 79
34 82 2
34 83 50
34 84 57
34 85 46
34 86 19
34 87 71
34 88 81
35 36 97
35 37 42
35 38 27
35 39 57
35 40 64
35 41 24
35 42 16
35 43 28
35 44 53
35 45 95
35 46 69
35 47 49
35 48 97
35 49 27
35 50 100
35 51 47
35 52 49
35 53 22
35 54 45
35 55 77
35 56 75
35 57 25
35 58 50
35 59 14
35 60 34
35 61 41
35 62 77
35 63 38
35 64 32
35 65 81
35 66 49
35 67 74
35 68 65
35 69 56
35 70 73
35 71 23
35 72 96
35 73 52
35 74 54
35 75 16
35 76 55
35 77 82
35 78 84
35 79 22
35 80 66
35 81 6
35 82 68
35 83 94
35 84 66
35 85 76
35 86 5
35 87 16
35 88 36
36 37 42
36 38 73
36 39 91
36 40 7
36 41 13
36 42 53
36 43 79
36 44 97
36 45 75
36 46 51
36 47 52
36 48 36
36 49 21
36 50 30
36 51 22
36 52 60
36 53 12
36 54 78
36 55 66
36 56 19
36 57 72
36 58 47
36 59 7
36 60 49
36 61 67
36 62 50
36 63 74
36 64 6
36 65 2
36 66 78
36 67 36
36 68 52
36 69 75
36 70 33
36 71 84
36 72 17
36 73 39
36 74 5
36 75 17
36 76 43
36 77 33
36 78 79
36 79 65
36 80 82
36 81 53
36 82 21
36 83 33
36 84 69
36 85 13
36 86 78
36 87 1
36 88 65
37 38 7
37 39 97
37 40 60
37 41 11
37 42 19
37 43 71
37 44 45
37 45 25
37 46 10
37 47 35
37 48 97
37 49 15
37 50 63
37 51 16
37 52 5
37 53 32
37 54 56
37 55 45
37 56 99
37 57 49
37 58 67
37 59 75
37 60 39
37 61 41
37 62 93
37 63 45
37 64 64
37 65 20
37 66 65
37 67 75
37 68 23
37 69 59
37 70 55
37 71 91
37 72 52
37 73 19
37 74 49
37 75 26
37 76 86
37 77 2
37 78 12
37 79 25
37 80 59
37 81 48
37 82 3
37 83 69
37 84 6
37 85 17
37 86 19
37 87 27
37 88 9
38 39 88
38 40 76
38 41 50
38 42 81
38 43 36
38 44 44
38 45 27
38 46 14
38 47 6
38 48 87
38 49 26
38 50 60
38 51 71
38 52 31
38 53 59
38 54 77
38 55 87
38 56 40
38 57 31
38 58 25
38 59 25
38 60 65
38 61 65
38 62 2
38 63 36
38 64 44
38 65 70
38 66 62
38 67 64
38 68 24
38 69 66
38 70 81
38 71 97
38 72 68
38 73 12
38 74 58
38 75 24
38 76 91
38 77 55
38 78 72
38 79 2
38 80 23
38 81 90
38 82 71
38 83 62
38 84 12
38 85 23
38 86 44
38 87 29
38 88 59
39 40 70
39 41 6
39 42 9
39 43 92
39 44 57
39 45 100
39 46 97
39 47 20
39 48 97
39 49 99
39 50 81
39 51 36
39 52 100
39 53 36
39 54 6
39 55 33
39 56 27
39 57 69
39 58 47
39 59 4
39 60 2
39 61 24
39 62 33
39 63 73
39 64 76
39 65 63
39 66 84
39 67 91
39 68 93
39 69 1
39 70 81
39 71 3
39 72 39
39 73 81
39 74 62
39 75 33
39 76 75
39 77 68
39 78 41
39 79 55
39 80 4
39 81 47
39 82 77
39 83 64
39 84 39
39 85 93
39 86 21
39 87 92
39 88 83
40 41 79
40 42 70
40 43 62
40 44 89
40 45 87
40 46 24
40 47 36
40 48 81
40 49 54
40 50 88
40 51 26
40 52 39
40 53 39
40 54 85
40 55 47
40 56 56
40 57 77
40 58 62
40 59 19
40 60 100
40 61 2
40 62 74
40 63 4
40 64 99
40 65 86
40 66 96
40 67 98
40 68 71
40 69 79
40 70 68
40 71 79
40 72 98
40 73 38
40 74 50
40 75 68
40 76 93
40 77 44
40 78 28
40 79 94
40 80 60
40 81 59
40 82 57
40 83 7
40 84 33
40 85 33
40 86 94
40 87 26
40 88 2
41 42 96
41 43 75
41 44 23
41 45 93
41 46 89
41 47 14
41 48 73
41 49 48
41 50 65
41 51 38
41 52 74
41 53 93
41 54 79
41 55 72
41 56 34
41 57 62
41 58 55
41 59 90
41 60 25
41 61 73
41 62 24
41 63 1
41 64 45
41 65 19
41 66 99
41 67 18
41 68 2
41 69 49
41 70 13
41 71 60
41 72 33
41 73 59
41 74 28
41 75 9
41 76 30
41 77 81
41 78 15
41 79 80
41 80 90
41 81 94
41 82 46
41 83 45
41 84 69
41 85 97
41 86 73
41 87 4
41 88 22
42 43 60
42 44 58
42 45 37
42 46 10
42 47 88
42 48 7
42 49 78
42 50 76
42 51 44
42 52 97
42 53 13
42 54 81
42 55 5
42 56 33
42 57 86
42 58 70
42 59 71
42 60 74
42 61 45
42 62 87
42 63 37
42 64 52
42 65 6
42 66 10
42 67 61
42 68 54
42 69 57
42 70 21
42 71 97
42 72 17
42 73 44
42 74 88
42 75 95
42 76 76
42 77 38
42 78 30
42 79 53
42 80 11
42 81 5
42 82 63
42 83 19
42 84 47
42 85 42
42 86 100
42 87 82
42 88 18
43 44 61
43 45 97
43 46 91
43 47 78
43 48 60
43 49 24
43 50 21
43 51 28
43 52 72
43 53 92
43 54 23
43 55 79
43 56 21
43 57 94
43 58 47
43 59 84
43 60 43
43 61 6
43 62 39
43 63 16
43 64 26
43 65 99
43 66 8
43 67 32
43 68 21
43 69 55
43 70 50
43 71 86
43 72 47
43 73 33
43 74 72
43 75 65
43 76 16
43 77 86
43 78 25
43 79 52
43 80 12
43 81 91
43 82 67
43 83 73
43 84 97
43 85 97
43 86 96
43 87 59
43 88 75
44 45 53
44 46 21
44 47 80
44 48 85
44 49 11
44 50 87
44 51 58
44 52 1
44 53 82
44 54 40
44 55 23
44 56 45
44 57 80
44 58 3
44 59 33
44 60 88
44 61 59
44 62 10
44 63 4
44 64 97
44 65 32
44 66 17
44 67 74
44 68 80
44 69 21
44 70 28
44 71 42
44 72 27
44 73 60
44 74 27
44 75 95
44 76 86
44 77 67
44 78 17
44 79 100
44 80 2
44 81 33
44 82 68
44 83 32
44 84 54
44 85 83
44 86 43
44 87 47
44 88 74
45 46 7
45 47 23
45 48 71
45 49 38
45 50 45
45 51 26
45 52 22
45 53 72
45 54 29
45 55 35
45 56 73
45 57 27
45 58 72
45 59 72
45 60 83
45 61 21
45 62 17
45 63 36
45 64 61
45 65 96
45 66 33
45 67 31
45 68 60
45 69 70
45 70 59
45 71 62
45 72 28
45 73 36
45 74 94
45 75 81
45 76 46
45 77 64
45 78 95
45 79 39
45 80 47
45 81 97
45 82 58
45 83 96
45 84 78
45 85 60
45 86 63
45 87 51
45 88 55
46 47 43
46 48 97
46 49 14
46 50 60
46 51 64
46 52 27
46 53 27
46 54 57
46 55 39
46 56 93
46 57 89
46 58 61
46 59 88
46 60 48
46 61 30
46 62 90
46 63 70
46 64 77
46 65 91
46 66 47
46 67 65
46 68 51
46 69 32
46 70 56
46 71 65
46 72 94
46 73 30
46 74 88
46 75 73
46 76 82
46 77 33
46 78 55
46 79 81
46 80 56
46 81 13
46 82 3
46 83 84
46 84 31
46 85 35
46 86 24
46 87 40
46 88 41
47 48 23
47 49 92
47 50 79
47 51 40
47 52 45
47 53 20
47 54 50
47 55 82
47 56 79
47 57 61
47 58 75
47 59 63
47 60 48
47 61 83
47 62 95
47 63 45
47 64 86
47 65 18
47 66 76
47 67 10
47 68 73
47 69 38
47 70 46
47 71 11
47 72 2
47 73 93
47 74 55
47 75 77
47 76 45
47 77 16
47 78 62
47 79 17
47 80 31
47 81 20
47 82 66
47 83 64
47 84 43
47 85 63
47 86 16
47 87 86
47 88 13
48 49 41
48 50 69
48 51 32
48 52 19
48 53 60
48 54 44
48 55 43
48 56 20
48 57 46
48 58 21
48 59 86
48 60 64
48 61 29
48 62 1
48 63 75
48 64 77
48 65 65
48 66 59
48 67 4
48 68 85
48 69 2
48 70 14
48 71 24
48 72 61
48 73 35
48 74 83
48 75 18
48 76 13
48 77 15
48 78 75
48 79 51
48 80 100
48 81 22
48 82 23
48 83 72
48 84 85
48 85 71
48 86 69
48 87 88
48 88 91
49 50 25
49 51 11
49 52 43
49 53 84
49 54 83
49 55 44
49 56 68
49 57 37
49 58 9
49 59 92
49 60 27
49 61 85
49 62 94
49 63 84
49 64 76
49 65 95
49 66 35
49 67 91
49 68 17
49 69 30
49 70 80
49 71 79
49 72 21
49 73 18
49 74 100
49 75 96
49 76 61
49 77 47
49 78 51
49 79 40
49 80 84
49 81 81
49 82 7
49 83 27
49 84 65
49 85 55
49 86 45
49 87 92
49 88 83
50 51 83
50 52 18
50 53 23
50 54 14
50 55 99
50 56 69
50 57 79
50 58 17
50 59 26
50 60 48
50 61 19
50 62 6
50 63 79
50 64 79
50 65 61
50 66 12
50 67 1
50 68 58
50 69 4
50 70 25
50 71 41
50 72 15
50 73 58
50 74 24
50 75 99
50 76 98
50 77 11
50 78 95
50 79 82
50 80 21
50 81 95
50 82 41
50 83 18
50 84 64
50 85 1
50 86 57
50 87 47
50 88 7
51 52 34
51 53 85
51 54 48
51 55 10
51 56 91
51 57 52
51 58 32
51 59 49
51 60 33
51 61 94
51 62 5
51 63 69
51 64 17
51 65 44
51 66 85
51 67 5
51 68 78
51 69 3
51 70 63
51 71 17
51 72 77
51 73 38
51 74 100
51 75 67
51 76 9
51 77 21
51 78 32
51 79 53
51 80 75
51 81 89
51 82 100
51 83 94
51 84 80
51 85 82
51 86 27
51 87 64
51 88 63
52 53 60
52 54 70
52 55 14
52 56 79
52 57 33
52 58 35
52 59 55
52 60 62
52 61 76
52 62 87
52 63 69
52 64 45
52 65 23
52 66 26
52 67 16
52 68 36
52 69 33
52 70 47
52 71 27
52 72 81
52 73 53
52 74 87
52 75 28
52 76 15
52 77 4
52 78 73
52 79 55
52 80 27
52 81 57
52 82 59
52 83 63
52 84 33
52 85 85
52 86 90
52 87 98
52 88 49
53 54 71
53 55 28
53 56 21
53 57 77
53 58 23
53 59 1
53 60 83
53 61 42
53 62 90
53 63 75
53 64 23
53 65 84
53 66 48
53 67 53
53 68 69
53 69 6
53 70 91
53 71 68
53 72 25
53 73 85
53 74 55
53 75 2
53 76 72
53 77 92
53 78 39
53 79 60
53 80 3
53 81 100
53 82 15
53 83 39
53 84 9
53 85 68
53 86 43
53 87 18
53 88 22
54 55 26
54 56 73
54 57 61
54 58 95
54 59 88
54 60 33
54 61 71
54 62 76
54 63 65
54 64 37
54 65 87
54 66 76
54 67 57
54 68 64
54 69 95
54 70 95
54 71 20
54 72 35
54 73 78
54 74 24
54 75 68
54 76 41
54 77 72
54 78 53
54 79 64
54 80 40
54 81 52
54 82 75
54 83 15
54 84 76
54 85 49
54 86 66
54 87 97
54 88 32
55 56 80
55 57 34
55 58 65
55 59 56
55 60 33
55 61 39
55 62 4
55 63 23
55 64 18
55 65 17
55 66 85
55 67 34
55 68 100
55 69 40
55 70 66
55 71 45
55 72 7
55 73 56
55 74 61
55 75 7
55 76 13
55 77 15
55 78 100
55 79 63
55 80 94
55 81 56
55 82 19
55 83 15
55 84 50
55 85 36
55 86 1
55 87 15
55 88 90
56 57 27
56 58 26
56 59 85
56 60 5
56 61 86
56 62 76
56 63 3
56 64 66
56 65 46
56 66 83
56 67 10
56 68 51
56 69 94
56 70 69
56 71 4
56 72 25
56 73 35
56 74 37
56 75 30
56 76 57
56 77 57
56 78 18
56 79 75
56 80 13
56 81 72
56 82 29
56 83 97
56 84 69
56 85 12
56 86 16
56 87 64
56 88 2
57 58 41
57 59 17
57 60 56
57 61 59
57 62 78
57 63 45
57 64 79
57 65 7
57 66 34
57 67 12
57 68 66
57 69 37
57 70 22
57 71 10
57 72 21
57 73 62
57 74 84
57 75 94
57 76 53
57 77 27
57 78 80
57 79 88
57 80 55
57 81 67
57 82 39
57 83 21
57 84 41
57 85 46
57 86 36
57 87 91
57 88 26
58 59 91
58 60 10
58 61 37
58 62 89
58 63 87
58 64 36
58 65 69
58 66 38
58 67 55
58 68 49
58 69 37
58 70 27
58 71 85
58 72 42
58 73 30
58 74 37
58 75 92
58 76 21
58 77 78
58 78 26
58 79 13
58 80 68
58 81 62
58 82 49
58 83 17
58 84 97
58 85 51
58 86 38
58 87 60
58 88 41
59 60 60
59 61 5
59 62 98
59 63 91
59 64 9
59 65 6
59 66 63
59 67 56
59 68 17
59 69 79
59 70 3
59 71 76
59 72 82
59 73 60
59 74 57
59 75 86
59 76 71
59 77 38
59 78 22
59 79 39
59 80 2
59 81 11
59 82 22
59 83 59
59 84 42
59 85 91
59 86 91
59 87 93
59 88 10
60 61 25
60 62 89
60 63 53
60 64 55
60 65 18
60 66 55
60 67 16
60 68 13
60 69 72
60 70 58
60 71 95
60 72 96
60 73 98
60 74 17
60 75 100
60 76 70
60 77 86
60 78 27
60 79 50
60 80 18
60 81 33
60 82 96
60 83 25
60 84 63
60 85 99
60 86 18
60 87 37
60 88 34
61 62 90
61 63 100
61 64 13
61 65 86
61 66 91
61 67 34
61 68 30
61 69 43
61 70 11
61 71 48
61 72 5
61 73 88
61 74 84
61 75 90
61 76 73
61 77 10
61 78 85
61 79 31
61 80 37
61 81 51
61 82 58
61 83 77
61 84 52
61 85 83
61 86 45
61 87 76
61 88 42
62 63 72
62 64 53
62 65 38
62 66 12
62 67 10
62 68 96
62 69 72
62 70 100
62 71 33
62 72 22
62 73 20
62 74 46
62 75 69
62 76 9
62 77 17
62 78 74
62 79 78
62 80 93
62 81 39
62 82 29
62 83 91
62 84 55
62 85 17
62 86 90
62 87 36
62 88 70
63 64 52
63 65 15
63 66 27
63 67 28
63 68 58
63 69 58
63 70 46
63 71 3
63 72 44
63 73 69
63 74 64
63 75 77
63 76 19
63 77 58
63 78 93
63 79 38
63 80 58
63 81 58
63 82 27
63 83 70
63 84 54
63 85 68
63 86 60
63 87 7
63 88 72
64 65 96
64 66 78
64 67 2
64 68 17
64 69 33
64 70 59
64 71 82
64 72 70
64 73 22
64 74 86
64 75 62
64 76 22
64 77 2
64 78 84
64 79 58
64 80 14
64 81 84
64 82 22
64 83 93
64 84 45
64 85 90
64 86 96
64 87 10
64 88 71
65 66 81
65 67 92
65 68 87
65 69 60
65 70 7
65 71 31
65 72 31
65 73 17
65 74 13
65 75 54
65 76 74
65 77 61
65 78 46
65 79 34
65 80 1
65 81 36
65 82 57
65 83 89
65 84 9
65 85 78
65 86 89
65 87 81
65 88 38
66 67 90
66 68 3
66 69 6
66 70 69
66 71 6
66 72 85
66 73 41
66 74 36
66 75 30
66 76 89
66 77 74
66 78 28
66 79 48
66 80 91
66 81 69
66 82 53
66 83 17
66 84 91
66 85 71
66 86 79
66 87 56
66 88 12
67 68 4
67 69 20
67 70 7
67 71 5
67 72 85
67 73 82
67 74 59
67 75 29
67 76 21
67 77 26
67 78 18
67 79 41
67 80 88
67 81 44
67 82 39
67 83 2
67 84 62
67 85 97
67 86 62
67 87 48
67 88 8
68 69 22
68 70 93
68 71 89
68 72 66
68 73 60
68 74 81
68 75 12
68 76 64
68 77 2
68 78 39
68 79 33
68 80 34
68 81 67
68 82 20
68 83 73
68 84 33
68 85 60
68 86 55
68 87 14
68 88 24
69 70 29
69 71 5
69 72 97
69 73 57
69 74 47
69 75 96
69 76 27
69 77 56
69 78 56
69 79 9
69 80 18
69 81 65
69 82 84
69 83 52
69 84 40
69 85 51
69 86 32
69 87 34
69 88 33
70 71 17
70 72 71
70 73 36
70 74 47
70 75 11
70 76 29
70 77 75
70 78 69
70 79 60
70 80 31
70 81 73
70 82 93
70 83 56
70 84 34
70 85 34
70 86 34
70 87 31
70 88 92
71 72 56
71 73 43
71 74 60
71 75 41
71 76 10
71 77 9
71 78 90
71 79 57
71 80 5
71 81 51
71 82 6
71 83 93
71 84 72
71 85 50
71 86 25
71 87 40
71 88 5
72 73 3
72 74 58
72 75 100
72 76 9
72 77 42
72 78 24
72 79 15
72 80 66
72 81 53
72 82 99
72 83 88
72 84 61
72 85 62
72 86 87
72 87 58
72 88 17
73 74 67
73 75 4
73 76 92
73 77 29
73 78 19
73 79 61
73 80 32
73 81 67
73 82 40
73 83 66
73 84 65
73 85 47
73 86 71
73 87 46
73 88 53
74 75 55
74 76 90
74 77 35
74 78 99
74 79 46
74 80 63
74 81 26
74 82 74
74 83 69
74 84 72
74 85 31
74 86 13
74 87 61
74 88 92
75 76 80
75 77 10
75 78 4
75 79 29
75 80 30
75 81 88
75 82 82
75 83 55
75 84 56
75 85 36
75 86 52
75 87 28
75 88 71
76 77 12
76 78 99
76 79 63
76 80 37
76 81 82
76 82 35
76 83 52
76 84 48
76 85 81
76 86 58
76 87 90
76 88 43
77 78 93
77 79 84
77 80 29
77 81 13
77 82 8
77 83 58
77 84 34
77 85 25
77 86 100
77 87 58
77 88 71
78 79 9
78 80 59
78 81 12
78 82 100
78 83 41
78 84 59
78 85 56
78 86 60
78 87 61
78 88 52
79 80 39
79 81 17
79 82 27
79 83 4
79 84 54
79 85 83
79 86 73
79 87 44
79 88 41
80 81 70
80 82 4
80 83 36
80 84 76
80 85 17
80 86 90
80 87 80
80 88 66
81 82 80
81 83 31
81 84 85
81 85 9
81 86 74
81 87 93
81 88 51
82 83 98
82 84 85
82 85 11
82 86 26
82 87 48
82 88 71
83 84 45
83 85 19
83 86 95
83 87 29
83 88 12
84 85 91
84 86 81
84 87 9
84 88 28
85 86 28
85 87 64
85 88 33
86 87 97
86 88 73
87 88 26
