14 91 13
1 2 53
1 3 99
1 4 24
1 5 14
1 6 54
1 7 35
1 8 86
1 9 34
1 10 55
1 11 58
1 12 69
1 13 79
1 14 63
2 3 27
2 4 48
2 5 11
2 6 57
2 7 65
2 8 20
2 9 46
2 10 67
2 11 86
2 12 26
2 13 73
2 14 2
3 4 22
3 5 81
3 6 45
3 7 58
3 8 27
3 9 49
3 10 17
3 11 99
3 12 74
3 13 58
3 14 100
4 5 79
4 6 59
4 7 43
4 8 20
4 9 25
4 10 44
4 11 25
4 12 11
4 13 48
4 14 94
5 6 70
5 7 45
5 8 100
5 9 51
5 10 23
5 11 31
5 12 60
5 13 2
5 14 58
6 7 85
6 8 64
6 9 51
6 10 17
6 11 23
6 12 54
6 13 57
6 14 12
7 8 83
7 9 25
7 10 48
7 11 2
7 12 39
7 13 60
7 14 37
8 9 45
8 10 3
8 11 47
8 12 41
8 13 79
8 14 3
9 10 20
9 11 42
9 12 73
9 13 33
9 14 57
10 11 51
10 12 60
10 13 53
10 14 71
11 12 41
11 13 89
11 14 30
12 13 94
12 14 66
13 14 9
