18 153 17
1 2 30
1 3 76
1 4 9
1 5 86
1 6 91
1 7 35
1 8 49
1 9 89
1 10 16
1 11 57
1 12 54
1 13 16
1 14 31
1 15 96
1 16 50
1 17 60
1 18 64
2 3 28
2 4 39
2 5 55
2 6 50
2 7 24
2 8 69
2 9 83
2 10 93
2 11 65
2 12 85
2 13 83
2 14 27
2 15 3
2 16 43
2 17 46
2 18 18
3 4 16
3 5 54
3 6 80
3 7 35
3 8 24
3 9 68
3 10 53
3 11 18
3 12 17
3 13 78
3 14 65
3 15 73
3 16 64
3 17 63
3 18 64
4 5 1
4 6 15
4 7 21
4 8 13
4 9 38
4 10 34
4 11 90
4 12 59
4 13 30
4 14 72
4 15 38
4 16 90
4 17 87
4 18 4
5 6 30
5 7 88
5 8 88
5 9 43
5 10 62
5 11 32
5 12 20
5 13 44
5 14 31
5 15 46
5 16 44
5 17 19
5 18 59
6 7 95
6 8 100
6 9 27
6 10 3
6 11 52
6 12 93
6 13 41
6 14 39
6 15 27
6 16 60
6 17 93
6 18 43
7 8 60
7 9 90
7 10 95
7 11 10
7 12 50
7 13 16
7 14 29
7 15 36
7 16 42
7 17 99
7 18 6
8 9 16
8 10 82
8 11 96
8 12 49
8 13 72
8 14 67
8 15 1
8 16 15
8 17 98
8 18 39
9 10 64
9 11 43
9 12 14
9 13 96
9 14 75
9 15 78
9 16 16
9 17 87
9 18 2
10 11 64
10 12 8
10 13 60
10 14 79
10 15 31
10 16 8
10 17 97
10 18 73
11 12 47
11 13 26
11 14 15
11 15 32
11 16 79
11 17 49
11 18 51
12 13 76
12 14 89
12 15 34
12 16 38
12 17 5
12 18 74
13 14 76
13 15 14
13 16 73
13 17 80
13 18 81
14 15 32
14 16 26
14 17 15
14 18 42
15 16 7
15 17 69
15 18 74
16 17 88
16 18 2
17 18 18
