71 2485 70
1 2 58
1 3 63
1 4 96
1 5 28
1 6 74
1 7 49
1 8 41
1 9 56
1 10 89
1 11 3
1 12 18
1 13 80
1 14 50
1 15 62
1 16 8
1 17 96
1 18 99
1 19 27
1 20 8
1 21 74
1 22 14
1 23 85
1 24 61
1 25 68
1 26 42
1 27 68
1 28 57
1 29 44
1 30 50
1 31 34
1 32 100
1 33 53
1 34 81
1 35 85
1 36 58
1 37 94
1 38 56
1 39 42
1 40 54
1 41 4
1 42 17
1 43 84
1 44 36
1 45 93
1 46 25
1 47 9
1 48 58
1 49 30
1 50 24
1 51 38
1 52 36
1 53 28
1 54 78
1 55 95
1 56 70
1 57 12
1 58 81
1 59 1
1 60 43
1 61 79
1 62 10
1 63 1
1 64 11
1 65 51
1 66 9
1 67 6
1 68 41
1 69 77
1 70 69
1 71 17
2 3 70
2 4 70
2 5 2
2 6 92
2 7 98
2 8 20
2 9 39
2 10 50
2 11 47
2 12 49
2 13 51
2 14 86
2 15 69
2 16 49
2 17 52
2 18 45
2 19 38
2 20 64
2 21 54
2 22 57
2 23 36
2 24 55
2 25 31
2 26 97
2 27 71
2 28 96
2 29 64
2 30 47
2 31 53
2 32 34
2 33 60
2 34 29
2 35 52
2 36 17
2 37 21
2 38 94
2 39 79
2 40 15
2 41 20
2 42 17
2 43 89
2 44 22
2 45 93
2 46 60
2 47 23
2 48 47
2 49 15
2 50 58
2 51 68
2 52 29
2 53 86
2 54 54
2 55 88
2 56 82
2 57 42
2 58 56
2 59 31
2 60 61
2 61 63
2 62 84
2 63 20
2 64 59
2 65 6
2 66 16
2 67 15
2 68 16
2 69 5
2 70 13
2 71 12
3 4 84
3 5 34
3 6 70
3 7 95
3 8 8
3 9 72
3 10 8
3 11 12
3 12 54
3 13 60
3 14 20
3 15 68
3 16 87
3 17 27
3 18 65
3 19 71
3 20 19
3 21 36
3 22 53
3 23 75
3 24 99
3 25 27
3 26 72
3 27 32
3 28 29
3 29 66
3 30 11
3 31 10
3 32 66
3 33 76
3 34 16
3 35 52
3 36 87
3 37 2
3 38 46
3 39 40
3 40 37
3 41 69
3 42 60
3 43 53
3 44 2
3 45 98
3 46 99
3 47 23
3 48 43
3 49 52
3 50 51
3 51 72
3 52 65
3 53 7
3 54 87
3 55 71
3 56 46
3 57 11
3 58 52
3 59 98
3 60 43
3 61 69
3 62 41
3 63 37
3 64 40
3 65 52
3 66 73
3 67 39
3 68 75
3 69 15
3 70 51
3 71 73
4 5 6
4 6 13
4 7 95
4 8 52
4 9 29
4 10 82
4 11 31
4 12 70
4 13 58
4 14 11
4 15 65
4 16 52
4 17 57
4 18 92
4 19 51
4 20 35
4 21 54
4 22 83
4 23 78
4 24 51
4 25 41
4 26 75
4 27 3
4 28 90
4 29 24
4 30 66
4 31 15
4 32 23
4 33 58
4 34 90
4 35 74
4 36 3
4 37 38
4 38 99
4 39 4
4 40 88
4 41 62
4 42 91
4 43 27
4 44 60
4 45 31
4 46 80
4 47 12
4 48 30
4 49 17
4 50 84
4 51 32
4 52 51
4 53 78
4 54 58
4 55 55
4 56 57
4 57 67
4 58 34
4 59 75
4 60 6
4 61 50
4 62 16
4 63 10
4 64 37
4 65 15
4 66 76
4 67 33
4 68 27
4 69 59
4 70 6
4 71 4
5 6 37
5 7 56
5 8 69
5 9 74
5 10 53
5 11 34
5 12 37
5 13 78
5 14 42
5 15 93
5 16 5
5 17 4
5 18 17
5 19 36
5 20 90
5 21 84
5 22 19
5 23 54
5 24 24
5 25 49
5 26 3
5 27 95
5 28 45
5 29 22
5 30 13
5 31 34
5 32 26
5 33 51
5 34 42
5 35 88
5 36 54
5 37 29
5 38 65
5 39 97
5 40 28
5 41 25
5 42 38
5 43 52
5 44 72
5 45 18
5 46 10
5 47 88
5 48 22
5 49 47
5 50 20
5 51 24
5 52 87
5 53 5
5 54 17
5 55 100
5 56 91
5 57 59
5 58 76
5 59 48
5 60 27
5 61 32
5 62 75
5 63 91
5 64 43
5 65 21
5 66 68
5 67 17
5 68 49
5 69 54
5 70 20
5 71 90
6 7 98
6 8 25
6 9 33
6 10 95
6 11 16
6 12 48
6 13 9
6 14 43
6 15 79
6 16 48
6 17 46
6 18 13
6 19 33
6 20 42
6 21 3
6 22 22
6 23 8
6 24 6
6 25 98
6 26 62
6 27 95
6 28 100
6 29 22
6 30 16
6 31 12
6 32 54
6 33 83
6 34 8
6 35 72
6 36 36
6 37 68
6 38 26
6 39 89
6 40 83
6 41 81
6 42 68
6 43 20
6 44 26
6 45 63
6 46 84
6 47 9
6 48 63
6 49 80
6 50 93
6 51 15
6 52 10
6 53 59
6 54 76
6 55 53
6 56 5
6 57 15
6 58 99
6 59 96
6 60 7
6 61 39
6 62 60
6 63 25
6 64 92
6 65 16
6 66 43
6 67 72
6 68 41
6 69 64
6 70 12
6 71 34
7 8 15
7 9 73
7 10 81
7 11 68
7 12 12
7 13 44
7 14 17
7 15 76
7 16 68
7 17 56
7 18 51
7 19 7
7 20 79
7 21 12
7 22 78
7 23 45
7 24 33
7 25 16
7 26 90
7 27 57
7 28 39
7 29 84
7 30 35
7 31 97
7 32 75
7 33 16
7 34 99
7 35 99
7 36 13
7 37 47
7 38 36
7 39 75
7 40 13
7 41 39
7 42 1
7 43 55
7 44 71
7 45 75
7 46 35
7 47 67
7 48 4
7 49 94
7 50 70
7 51 59
7 52 64
7 53 59
7 54 3
7 55 27
7 56 26
7 57 21
7 58 34
7 59 32
7 60 49
7 61 76
7 62 37
7 63 84
7 64 30
7 65 59
7 66 97
7 67 92
7 68 37
7 69 82
7 70 58
7 71 73
8 9 41
8 10 50
8 11 71
8 12 60
8 13 36
8 14 67
8 15 58
8 16 13
8 17 38
8 18 64
8 19 18
8 20 36
8 21 81
8 22 76
8 23 75
8 24 48
8 25 70
8 26 83
8 27 38
8 28 71
8 29 25
8 30 76
8 31 88
8 32 8
8 33 15
8 34 25
8 35 25
8 36 23
8 37 59
8 38 90
8 39 4
8 40 57
8 41 50
8 42 2
8 43 61
8 44 69
8 45 91
8 46 92
8 47 86
8 48 92
8 49 24
8 50 53
8 51 55
8 52 37
8 53 73
8 54 23
8 55 96
8 56 58
8 57 74
8 58 49
8 59 10
8 60 20
8 61 6
8 62 25
8 63 65
8 64 84
8 65 52
8 66 69
8 67 7
8 68 68
8 69 35
8 70 89
8 71 4
9 10 79
9 11 92
9 12 98
9 13 46
9 14 18
9 15 21
9 16 17
9 17 28
9 18 12
9 19 75
9 20 91
9 21 41
9 22 96
9 23 16
9 24 59
9 25 56
9 26 73
9 27 46
9 28 68
9 29 85
9 30 76
9 31 72
9 32 38
9 33 9
9 34 10
9 35 50
9 36 31
9 37 36
9 38 55
9 39 93
9 40 34
9 41 81
9 42 87
9 43 7
9 44 98
9 45 21
9 46 52
9 47 39
9 48 77
9 49 6
9 50 80
9 51 48
9 52 87
9 53 92
9 54 27
9 55 2
9 56 46
9 57 18
9 58 94
9 59 72
9 60 30
9 61 95
9 62 26
9 63 76
9 64 59
9 65 27
9 66 40
9 67 63
9 68 98
9 69 79
9 70 52
9 71 94
10 11 97
10 12 98
10 13 13
10 14 63
10 15 80
10 16 77
10 17 30
10 18 29
10 19 5
10 20 23
10 21 96
10 22 48
10 23 6
10 24 5
10 25 2
10 26 52
10 27 53
10 28 7
10 29 56
10 30 36
10 31 13
10 32 40
10 33 81
10 34 94
10 35 49
10 36 52
10 37 99
10 38 46
10 39 6
10 40 91
10 41 88
10 42 28
10 43 24
10 44 76
10 45 65
10 46 56
10 47 61
10 48 18
10 49 3
10 50 10
10 51 58
10 52 88
10 53 50
10 54 63
10 55 33
10 56 48
10 57 67
10 58 53
10 59 12
10 60 27
10 61 43
10 62 15
10 63 99
10 64 85
10 65 31
10 66 18
10 67 78
10 68 47
10 69 56
10 70 19
10 71 12
11 12 79
11 13 15
11 14 35
11 15 26
11 16 59
11 17 79
11 18 76
11 19 16
11 20 31
11 21 84
11 22 50
11 23 47
11 24 21
11 25 70
11 26 64
11 27 50
11 28 32
11 29 29
11 30 16
11 31 25
11 32 3
11 33 82
11 34 48
11 35 55
11 36 83
11 37 48
11 38 93
11 39 96
11 40 28
11 41 75
11 42 59
11 43 76
11 44 73
11 45 53
11 46 5
11 47 3
11 48 77
11 49 28
11 50 60
11 51 58
11 52 30
11 53 32
11 54 58
11 55 19
11 56 34
11 57 93
11 58 91
11 59 76
11 60 29
11 61 3
11 62 68
11 63 99
11 64 21
11 65 94
11 66 48
11 67 90
11 68 2
11 69 89
11 70 21
11 71 1
12 13 41
12 14 35
12 15 13
12 16 38
12 17 41
12 18 59
12 19 7
12 20 31
12 21 85
12 22 35
12 23 53
12 24 25
12 25 90
12 26 19
12 27 33
12 28 32
12 29 40
12 30 56
12 31 48
12 32 12
12 33 69
12 34 95
12 35 70
12 36 24
12 37 92
12 38 90
12 39 54
12 40 86
12 41 19
12 42 92
12 43 52
12 44 49
12 45 53
12 46 92
12 47 94
12 48 32
12 49 97
12 50 93
12 51 56
12 52 96
12 53 38
12 54 32
12 55 94
12 56 61
12 57 71
12 58 97
12 59 59
12 60 74
12 61 6
12 62 66
12 63 77
12 64 88
12 65 40
12 66 14
12 67 81
12 68 17
12 69 75
12 70 53
12 71 82
13 14 44
13 15 84
13 16 90
13 17 33
13 18 96
13 19 61
13 20 21
13 21 90
13 22 17
13 23 35
13 24 44
13 25 81
13 26 10
13 27 10
13 28 97
13 29 68
13 30 55
13 31 72
13 32 93
13 33 46
13 34 58
13 35 32
13 36 80
13 37 75
13 38 77
13 39 26
13 40 29
13 41 28
13 42 60
13 43 98
13 44 60
13 45 69
13 46 92
13 47 75
13 48 19
13 49 68
13 50 64
13 51 17
13 52 48
13 53 20
13 54 36
13 55 94
13 56 50
13 57 50
13 58 70
13 59 93
13 60 14
13 61 52
13 62 76
13 63 93
13 64 27
13 65 93
13 66 37
13 67 39
13 68 87
13 69 80
13 70 77
13 71 95
14 15 20
14 16 54
14 17 1
14 18 1
14 19 73
14 20 51
14 21 57
14 22 29
14 23 65
14 24 76
14 25 32
14 26 52
14 27 16
14 28 15
14 29 20
14 30 15
14 31 85
14 32 34
14 33 24
14 34 9
14 35 50
14 36 48
14 37 78
14 38 10
14 39 6
14 40 12
14 41 34
14 42 28
14 43 25
14 44 79
14 45 49
14 46 89
14 47 41
14 48 78
14 49 31
14 50 5
14 51 58
14 52 88
14 53 72
14 54 96
14 55 96
14 56 64
14 57 52
14 58 42
14 59 36
14 60 34
14 61 29
14 62 88
14 63 45
14 64 64
14 65 92
14 66 74
14 67 9
14 68 75
14 69 47
14 70 7
14 71 73
15 16 7
15 17 52
15 18 54
15 19 94
15 20 61
15 21 21
15 22 87
15 23 5
15 24 11
15 25 18
15 26 90
15 27 5
15 28 5
15 29 92
15 30 79
15 31 59
15 32 38
15 33 68
15 34 55
15 35 20
15 36 66
15 37 87
15 38 51
15 39 7
15 40 67
15 41 17
15 42 7
15 43 18
15 44 78
15 45 36
15 46 37
15 47 84
15 48 79
15 49 95
15 50 87
15 51 34
15 52 96
15 53 42
15 54 27
15 55 68
15 56 100
15 57 27
15 58 22
15 59 46
15 60 14
15 61 67
15 62 71
15 63 90
15 64 44
15 65 39
15 66 16
15 67 76
15 68 45
15 69 42
15 70 30
15 71 56
16 17 59
16 18 26
16 19 9
16 20 33
16 21 40
16 22 87
16 23 97
16 24 66
16 25 68
16 26 3
16 27 95
16 28 12
16 29 93
16 30 71
16 31 86
16 32 65
16 33 10
16 34 4
16 35 22
16 36 70
16 37 87
16 38 30
16 39 54
16 40 32
16 41 85
16 42 70
16 43 60
16 44 20
16 45 33
16 46 19
16 47 16
16 48 75
16 49 9
16 50 4
16 51 18
16 52 91
16 53 44
16 54 13
16 55 27
16 56 83
16 57 80
16 58 86
16 59 20
16 60 97
16 61 67
16 62 27
16 63 87
16 64 83
16 65 48
16 66 100
16 67 35
16 68 12
16 69 86
16 70 22
16 71 11
17 18 36
17 19 20
17 20 43
17 21 14
17 22 18
17 23 4
17 24 100
17 25 60
17 26 58
17 27 51
17 28 74
17 29 44
17 30 46
17 31 52
17 32 17
17 33 80
17 34 27
17 35 90
17 36 26
17 37 97
17 38 97
17 39 39
17 40 84
17 41 93
17 42 8
17 43 80
17 44 93
17 45 20
17 46 40
17 47 36
17 48 37
17 49 72
17 50 68
17 51 32
17 52 87
17 53 17
17 54 86
17 55 34
17 56 37
17 57 26
17 58 98
17 59 67
17 60 59
17 61 95
17 62 1
17 63 24
17 64 37
17 65 97
17 66 73
17 67 28
17 68 2
17 69 47
17 70 6
17 71 82
18 19 75
18 20 71
18 21 55
18 22 30
18 23 11
18 24 70
18 25 26
18 26 31
18 27 87
18 28 6
18 29 82
18 30 17
18 31 34
18 32 29
18 33 20
18 34 60
18 35 56
18 36 6
18 37 72
18 38 76
18 39 75
18 40 75
18 41 8
18 42 71
18 43 40
18 44 7
18 45 30
18 46 8
18 47 45
18 48 66
18 49 42
18 50 50
18 51 53
18 52 73
18 53 52
18 54 65
18 55 58
18 56 3
18 57 62
18 58 30
18 59 72
18 60 94
18 61 90
18 62 2
18 63 66
18 64 6
18 65 79
18 66 34
18 67 54
18 68 43
18 69 72
18 70 3
18 71 25
19 20 78
19 21 58
19 22 84
19 23 81
19 24 24
19 25 81
19 26 19
19 27 48
19 28 98
19 29 60
19 30 45
19 31 7
19 32 34
19 33 83
19 34 28
19 35 65
19 36 93
19 37 7
19 38 21
19 39 1
19 40 19
19 41 29
19 42 37
19 43 47
19 44 86
19 45 96
19 46 52
19 47 97
19 48 72
19 49 43
19 50 66
19 51 60
19 52 63
19 53 59
19 54 69
19 55 88
19 56 2
19 57 47
19 58 83
19 59 70
19 60 8
19 61 46
19 62 80
19 63 75
19 64 6
19 65 2
19 66 3
19 67 91
19 68 66
19 69 4
19 70 74
19 71 73
20 21 55
20 22 69
20 23 58
20 24 66
20 25 15
20 26 25
20 27 93
20 28 38
20 29 42
20 30 4
20 31 55
20 32 21
20 33 70
20 34 78
20 35 61
20 36 81
20 37 60
20 38 35
20 39 23
20 40 3
20 41 91
20 42 76
20 43 77
20 44 17
20 45 24
20 46 98
20 47 97
20 48 73
20 49 64
20 50 33
20 51 1
20 52 78
20 53 36
20 54 98
20 55 19
20 56 71
20 57 98
20 58 36
20 59 21
20 60 73
20 61 78
20 62 71
20 63 5
20 64 46
20 65 25
20 66 37
20 67 64
20 68 6
20 69 89
20 70 68
20 71 76
21 22 20
21 23 52
21 24 29
21 25 42
21 26 61
21 27 91
21 28 35
21 29 78
21 30 24
21 31 98
21 32 43
21 33 7
21 34 43
21 35 13
21 36 15
21 37 35
21 38 61
21 39 72
21 40 9
21 41 1
21 42 32
21 43 8
21 44 47
21 45 22
21 46 60
21 47 99
21 48 18
21 49 6
21 50 69
21 51 98
21 52 26
21 53 91
21 54 19
21 55 75
21 56 11
21 57 65
21 58 79
21 59 27
21 60 86
21 61 22
21 62 48
21 63 94
21 64 36
21 65 35
21 66 36
21 67 93
21 68 13
21 69 76
21 70 7
21 71 4
22 23 20
22 24 66
22 25 20
22 26 93
22 27 71
22 28 50
22 29 62
22 30 71
22 31 94
22 32 78
22 33 76
22 34 32
22 35 55
22 36 83
22 37 81
22 38 57
22 39 26
22 40 17
22 41 90
22 42 46
22 43 3
22 44 35
22 45 97
22 46 92
22 47 27
22 48 20
22 49 34
22 50 24
22 51 13
22 52 100
22 53 88
22 54 44
22 55 49
22 56 29
22 57 25
22 58 23
22 59 52
22 60 81
22 61 91
22 62 88
22 63 2
22 64 93
22 65 100
22 66 40
22 67 77
22 68 8
22 69 5
22 70 78
22 71 74
23 24 5
23 25 84
23 26 37
23 27 4
23 28 65
23 29 53
23 30 58
23 31 68
23 32 69
23 33 12
23 34 43
23 35 60
23 36 87
23 37 95
23 38 5
23 39 51
23 40 98
23 41 90
23 42 3
23 43 28
23 44 9
23 45 91
23 46 5
23 47 3
23 48 26
23 49 2
23 50 58
23 51 64
23 52 14
23 53 90
23 54 29
23 55 82
23 56 93
23 57 56
23 58 59
23 59 48
23 60 50
23 61 24
23 62 46
23 63 52
23 64 64
23 65 39
23 66 61
23 67 15
23 68 49
23 69 27
23 70 58
23 71 71
24 25 78
24 26 54
24 27 66
24 28 48
24 29 79
24 30 22
24 31 94
24 32 72
24 33 9
24 34 97
24 35 82
24 36 72
24 37 41
24 38 38
24 39 7
24 40 36
24 41 95
24 42 16
24 43 25
24 44 85
24 45 64
24 46 40
24 47 78
24 48 18
24 49 67
24 50 98
24 51 75
24 52 99
24 53 21
24 54 32
24 55 41
24 56 35
24 57 28
24 58 72
24 59 66
24 60 15
24 61 96
24 62 92
24 63 88
24 64 18
24 65 98
24 66 44
24 67 78
24 68 65
24 69 70
24 70 71
24 71 60
25 26 31
25 27 51
25 28 77
25 29 38
25 30 93
25 31 47
25 32 41
25 33 27
25 34 49
25 35 53
25 36 57
25 37 94
25 38 36
25 39 82
25 40 35
25 41 89
25 42 67
25 43 11
25 44 28
25 45 61
25 46 41
25 47 54
25 48 7
25 49 1
25 50 23
25 51 17
25 52 87
25 53 28
25 54 42
25 55 69
25 56 81
25 57 50
25 58 7
25 59 34
25 60 11
25 61 39
25 62 96
25 63 8
25 64 84
25 65 87
25 66 5
25 67 46
25 68 77
25 69 25
25 70 89
25 71 38
26 27 71
26 28 59
26 29 98
26 30 40
26 31 25
26 32 60
26 33 70
26 34 2
26 35 87
26 36 56
26 37 64
26 38 19
26 39 1
26 40 18
26 41 78
26 42 9
26 43 13
26 44 82
26 45 72
26 46 60
26 47 58
26 48 71
26 49 86
26 50 36
26 51 91
26 52 14
26 53 32
26 54 83
26 55 46
26 56 79
26 57 77
26 58 4
26 59 73
26 60 65
26 61 92
26 62 72
26 63 69
26 64 17
26 65 28
26 66 69
26 67 84
26 68 51
26 69 95
26 70 57
26 71 24
27 28 25
27 29 56
27 30 51
27 31 100
27 32 28
27 33 58
27 34 58
27 35 25
27 36 92
27 37 71
27 38 12
27 39 13
27 40 44
27 41 68
27 42 85
27 43 87
27 44 23
27 45 33
27 46 41
27 47 5
27 48 84
27 49 19
27 50 1
27 51 42
27 52 65
27 53 64
27 54 8
27 55 42
27 56 58
27 57 16
27 58 54
27 59 65
27 60 9
27 61 31
27 62 13
27 63 62
27 64 99
27 65 76
27 66 20
27 67 31
27 68 80
27 69 35
27 70 80
27 71 47
28 29 65
28 30 62
28 31 93
28 32 100
28 33 73
28 34 89
28 35 14
28 36 26
28 37 12
28 38 70
28 39 12
28 40 31
28 41 29
28 42 79
28 43 90
28 44 74
28 45 61
28 46 99
28 47 69
28 48 50
28 49 57
28 50 67
28 51 53
28 52 86
28 53 81
28 54 25
28 55 54
28 56 32
28 57 44
28 58 51
28 59 10
28 60 98
28 61 61
28 62 69
28 63 13
28 64 90
28 65 52
28 66 16
28 67 30
28 68 61
28 69 65
28 70 64
28 71 34
29 30 45
29 31 4
29 32 63
29 33 55
29 34 65
29 35 25
29 36 26
29 37 85
29 38 67
29 39 62
29 40 5
29 41 98
29 42 29
29 43 15
29 44 48
29 45 75
29 46 71
29 47 32
29 48 85
29 49 77
29 50 14
29 51 76
29 52 81
29 53 27
29 54 68
29 55 84
29 56 68
29 57 41
29 58 88
29 59 72
29 60 35
29 61 6
29 62 50
29 63 81
29 64 16
29 65 92
29 66 91
29 67 54
29 68 14
29 69 100
29 70 9
29 71 83
30 31 74
30 32 7
30 33 96
30 34 58
30 35 41
30 36 58
30 37 95
30 38 30
30 39 27
30 40 83
30 41 73
30 42 45
30 43 24
30 44 57
30 45 30
30 46 97
30 47 1
30 48 24
30 49 53
30 50 80
30 51 61
30 52 1
30 53 29
30 54 50
30 55 37
30 56 86
30 57 45
30 58 54
30 59 81
30 60 42
30 61 76
30 62 86
30 63 18
30 64 30
30 65 80
30 66 60
30 67 36
30 68 67
30 69 90
30 70 57
30 71 34
31 32 98
31 33 26
31 34 53
31 35 13
31 36 52
31 37 77
31 38 36
31 39 42
31 40 66
31 41 84
31 42 27
31 43 59
31 44 18
31 45 21
31 46 53
31 47 93
31 48 69
31 49 37
31 50 20
31 51 80
31 52 98
31 53 23
31 54 58
31 55 84
31 56 14
31 57 11
31 58 88
31 59 74
31 60 56
31 61 71
31 62 11
31 63 80
31 64 84
31 65 65
31 66 24
31 67 63
31 68 97
31 69 5
31 70 45
31 71 76
32 33 53
32 34 44
32 35 74
32 36 39
32 37 44
32 38 15
32 39 22
32 40 34
32 41 33
32 42 18
32 43 88
32 44 29
32 45 67
32 46 16
32 47 43
32 48 29
32 49 39
32 50 80
32 51 89
32 52 13
32 53 56
32 54 36
32 55 27
32 56 61
32 57 96
32 58 62
32 59 36
32 60 57
32 61 61
32 62 6
32 63 90
32 64 39
32 65 12
32 66 41
32 67 75
32 68 35
32 69 78
32 70 66
32 71 11
33 34 53
33 35 20
33 36 43
33 37 24
33 38 70
33 39 62
33 40 81
33 41 19
33 42 55
33 43 55
33 44 17
33 45 50
33 46 100
33 47 1
33 48 48
33 49 9
33 50 89
33 51 85
33 52 92
33 53 31
33 54 83
33 55 88
33 56 11
33 57 74
33 58 15
33 59 57
33 60 40
33 61 46
33 62 36
33 63 22
33 64 42
33 65 85
33 66 31
33 67 25
33 68 81
33 69 73
33 70 60
33 71 90
34 35 72
34 36 87
34 37 29
34 38 37
34 39 88
34 40 100
34 41 60
34 42 67
34 43 100
34 44 2
34 45 93
34 46 73
34 47 82
34 48 100
34 49 74
34 50 73
34 51 7
34 52 7
34 53 16
34 54 60
34 55 65
34 56 77
34 57 61
34 58 38
34 59 80
34 60 50
34 61 24
34 62 88
34 63 10
34 64 66
34 65 15
34 66 67
34 67 39
34 68 16
34 69 67
34 70 100
34 71 71
35 36 11
35 37 84
35 38 9
35 39 97
35 40 91
35 41 47
35 42 8
35 43 71
35 44 57
35 45 87
35 46 80
35 47 3
35 48 50
35 49 89
35 50 69
35 51 62
35 52 58
35 53 90
35 54 18
35 55 90
35 56 33
35 57 18
35 58 2
35 59 78
35 60 75
35 61 31
35 62 21
35 63 88
35 64 89
35 65 14
35 66 46
35 67 53
35 68 28
35 69 23
35 70 99
35 71 63
36 37 45
36 38 53
36 39 19
36 40 99
36 41 46
36 42 68
36 43 25
36 44 98
36 45 14
36 46 2
36 47 93
36 48 8
36 49 93
36 50 19
36 51 92
36 52 69
36 53 25
36 54 6
36 55 43
36 56 95
36 57 58
36 58 69
36 59 18
36 60 84
36 61 26
36 62 26
36 63 37
36 64 11
36 65 26
36 66 27
36 67 22
36 68 59
36 69 23
36 70 17
36 71 78
37 38 40
37 39 90
37 40 4
37 41 53
37 42 43
37 43 77
37 44 33
37 45 28
37 46 40
37 47 34
37 48 52
37 49 1
37 50 28
37 51 3
37 52 75
37 53 98
37 54 97
37 55 20
37 56 94
37 57 89
37 58 63
37 59 68
37 60 75
37 61 33
37 62 37
37 63 99
37 64 73
37 65 74
37 66 97
37 67 61
37 68 31
37 69 1
37 70 74
37 71 28
38 39 37
38 40 99
38 41 43
38 42 65
38 43 7
38 44 53
38 45 63
38 46 72
38 47 32
38 48 32
38 49 39
38 50 37
38 51 8
38 52 1
38 53 8
38 54 69
38 55 60
38 56 94
38 57 80
38 58 41
38 59 56
38 60 84
38 61 62
38 62 37
38 63 23
38 64 69
38 65 41
38 66 70
38 67 7
38 68 32
38 69 95
38 70 19
38 71 79
39 40 81
39 41 82
39 42 69
39 43 43
39 44 95
39 45 16
39 46 30
39 47 1
39 48 17
39 49 36
39 50 77
39 51 68
39 52 67
39 53 52
39 54 28
39 55 61
39 56 26
39 57 42
39 58 46
39 59 6
39 60 71
39 61 67
39 62 76
39 63 98
39 64 59
39 65 88
39 66 75
39 67 4
39 68 38
39 69 83
39 70 54
39 71 83
40 41 72
40 42 52
40 43 23
40 44 21
40 45 29
40 46 54
40 47 5
40 48 73
40 49 4
40 50 85
40 51 29
40 52 95
40 53 69
40 54 16
40 55 24
40 56 69
40 57 65
40 58 80
40 59 89
40 60 22
40 61 93
40 62 90
40 63 16
40 64 59
40 65 85
40 66 83
40 67 49
40 68 4
40 69 88
40 70 90
40 71 48
41 42 40
41 43 97
41 44 69
41 45 39
41 46 51
41 47 65
41 48 75
41 49 32
41 50 75
41 51 48
41 52 76
41 53 22
41 54 20
41 55 53
41 56 42
41 57 12
41 58 96
41 59 71
41 60 89
41 61 45
41 62 20
41 63 1
41 64 81
41 65 100
41 66 24
41 67 11
41 68 37
41 69 55
41 70 6
41 71 35
42 43 27
42 44 10
42 45 82
42 46 11
42 47 5
42 48 16
42 49 49
42 50 18
42 51 58
42 52 61
42 53 48
42 54 8
42 55 67
42 56 57
42 57 33
42 58 40
42 59 71
42 60 77
42 61 25
42 62 90
42 63 80
42 64 97
42 65 18
42 66 50
42 67 67
42 68 22
42 69 50
42 70 44
42 71 25
43 44 95
43 45 5
43 46 29
43 47 57
43 48 38
43 49 71
43 50 10
43 51 85
43 52 63
43 53 37
43 54 6
43 55 16
43 56 37
43 57 10
43 58 33
43 59 89
43 60 52
43 61 51
43 62 39
43 63 1
43 64 16
43 65 63
43 66 80
43 67 56
43 68 74
43 69 31
43 70 30
43 71 38
44 45 45
44 46 40
44 47 72
44 48 53
44 49 4
44 50 86
44 51 75
44 52 2
44 53 58
44 54 60
44 55 55
44 56 6
44 57 63
44 58 11
44 59 32
44 60 20
44 61 33
44 62 3
44 63 4
44 64 75
44 65 97
44 66 68
44 67 34
44 68 89
44 69 48
44 70 94
44 71 95
45 46 76
45 47 83
45 48 23
45 49 78
45 50 30
45 51 66
45 52 92
45 53 59
45 54 92
45 55 68
45 56 49
45 57 36
45 58 44
45 59 91
45 60 24
45 61 4
45 62 66
45 63 1
45 64 16
45 65 79
45 66 81
45 67 42
45 68 40
45 69 67
45 70 67
45 71 7
46 47 80
46 48 21
46 49 61
46 50 58
46 51 70
46 52 52
46 53 25
46 54 85
46 55 78
46 56 4
46 57 8
46 58 78
46 59 74
46 60 98
46 61 37
46 62 50
46 63 12
46 64 73
46 65 22
46 66 65
46 67 64
46 68 77
46 69 30
46 70 37
46 71 37
47 48 73
47 49 68
47 50 16
47 51 64
47 52 79
47 53 23
47 54 3
47 55 40
47 56 70
47 57 19
47 58 5
47 59 36
47 60 50
47 61 85
47 62 80
47 63 88
47 64 94
47 65 30
47 66 74
47 67 6
47 68 35
47 69 82
47 70 33
47 71 48
48 49 20
48 50 23
48 51 62
48 52 87
48 53 68
48 54 48
48 55 40
48 56 76
48 57 76
48 58 6
48 59 36
48 60 68
48 61 73
48 62 86
48 63 72
48 64 15
48 65 85
48 66 8
48 67 84
48 68 40
48 69 95
48 70 55
48 71 99
49 50 85
49 51 11
49 52 31
49 53 39
49 54 35
49 55 47
49 56 79
49 57 2
49 58 9
49 59 80
49 60 40
49 61 22
49 62 29
49 63 93
49 64 3
49 65 7
49 66 31
49 67 18
49 68 81
49 69 54
49 70 15
49 71 25
50 51 76
50 52 31
50 53 16
50 54 27
50 55 40
50 56 47
50 57 72
50 58 2
50 59 81
50 60 72
50 61 80
50 62 32
50 63 14
50 64 43
50 65 16
50 66 62
50 67 46
50 68 66
50 69 30
50 70 84
50 71 65
51 52 61
51 53 38
51 54 43
51 55 22
51 56 14
51 57 81
51 58 92
51 59 84
51 60 75
51 61 49
51 62 25
51 63 42
51 64 64
51 65 52
51 66 96
51 67 31
51 68 53
51 69 81
51 70 75
51 71 61
52 53 11
52 54 89
52 55 34
52 56 85
52 57 65
52 58 25
52 59 19
52 60 4
52 61 75
52 62 54
52 63 53
52 64 91
52 65 9
52 66 51
52 67 80
52 68 8
52 69 32
52 70 6
52 71 8
53 54 62
53 55 30
53 56 88
53 57 75
53 58 62
53 59 40
53 60 48
53 61 64
53 62 54
53 63 6
53 64 19
53 65 35
53 66 21
53 67 36
53 68 16
53 69 86
53 70 58
53 71 17
54 55 95
54 56 75
54 57 49
54 58 12
54 59 94
54 60 58
54 61 97
54 62 61
54 63 61
54 64 86
54 65 72
54 66 47
54 67 10
54 68 45
54 69 30
54 70 68
54 71 57
55 56 92
55 57 14
55 58 1
55 59 45
55 60 7
55 61 71
55 62 74
55 63 37
55 64 47
55 65 19
55 66 66
55 67 82
55 68 81
55 69 74
55 70 25
55 71 89
56 57 59
56 58 88
56 59 62
56 60 59
56 61 40
56 62 44
56 63 97
56 64 82
56 65 20
56 66 100
56 67 3
56 68 19
56 69 66
56 70 87
56 71 42
57 58 57
57 59 52
57 60 91
57 61 96
57 62 54
57 63 28
57 64 36
57 65 2
57 66 32
57 67 44
57 68 95
57 69 56
57 70 32
57 71 99
58 59 65
58 60 25
58 61 70
58 62 55
58 63 63
58 64 76
58 65 48
58 66 43
58 67 59
58 68 54
58 69 61
58 70 59
58 71 1
59 60 82
59 61 33
59 62 58
59 63 91
59 64 74
59 65 15
59 66 77
59 67 69
59 68 45
59 69 86
59 70 87
59 71 68
60 61 58
60 62 23
60 63 47
60 64 8
60 65 92
60 66 56
60 67 26
60 68 84
60 69 99
60 70 79
60 71 97
61 62 23
61 63 75
61 64 100
61 65 15
61 66 88
61 67 66
61 68 100
61 69 76
61 70 49
61 71 25
62 63 40
62 64 75
62 65 61
62 66 84
62 67 60
62 68 51
62 69 84
62 70 26
62 71 6
63 64 42
63 65 60
63 66 67
63 67 79
63 68 23
63 69 78
63 70 28
63 71 67
64 65 98
64 66 40
64 67 15
64 68 1
64 69 35
64 70 52
64 71 75
65 66 78
65 67 85
65 68 33
65 69 93
65 70 31
65 71 90
66 67 65
66 68 71
66 69 81
66 70 24
66 71 47
67 68 32
67 69 98
67 70 48
67 71 18
68 69 78
68 70 58
68 71 98
69 70 32
69 71 12
70 71 79
