58 1653 57
1 2 61
1 3 39
1 4 14
1 5 55
1 6 45
1 7 57
1 8 38
1 9 98
1 10 28
1 11 1
1 12 75
1 13 55
1 14 100
1 15 80
1 16 93
1 17 52
1 18 34
1 19 44
1 20 23
1 21 84
1 22 95
1 23 62
1 24 25
1 25 49
1 26 12
1 27 27
1 28 12
1 29 27
1 30 89
1 31 21
1 32 76
1 33 30
1 34 19
1 35 82
1 36 61
1 37 86
1 38 94
1 39 3
1 40 75
1 41 7
1 42 20
1 43 70
1 44 17
1 45 91
1 46 60
1 47 96
1 48 5
1 49 32
1 50 31
1 51 66
1 52 70
1 53 52
1 54 60
1 55 57
1 56 48
1 57 15
1 58 80
2 3 28
2 4 20
2 5 92
2 6 69
2 7 70
2 8 89
2 9 5
2 10 91
2 11 68
2 12 14
2 13 58
2 14 84
2 15 41
2 16 85
2 17 42
2 18 27
2 19 81
2 20 86
2 21 98
2 22 75
2 23 6
2 24 79
2 25 77
2 26 20
2 27 88
2 28 42
2 29 71
2 30 80
2 31 48
2 32 99
2 33 56
2 34 32
2 35 21
2 36 30
2 37 84
2 38 28
2 39 48
2 40 61
2 41 37
2 42 45
2 43 31
2 44 79
2 45 55
2 46 26
2 47 83
2 48 27
2 49 94
2 50 77
2 51 56
2 52 12
2 53 45
2 54 40
2 55 56
2 56 20
2 57 28
2 58 6
3 4 91
3 5 64
3 6 76
3 7 60
3 8 58
3 9 61
3 10 35
3 11 79
3 12 78
3 13 74
3 14 58
3 15 26
3 16 64
3 17 17
3 18 9
3 19 84
3 20 34
3 21 89
3 22 69
3 23 59
3 24 75
3 25 48
3 26 33
3 27 56
3 28 44
3 29 96
3 30 71
3 31 69
3 32 38
3 33 8
3 34 77
3 35 97
3 36 68
3 37 66
3 38 68
3 39 52
3 40 74
3 41 84
3 42 56
3 43 95
3 44 89
3 45 40
3 46 8
3 47 19
3 48 44
3 49 6
3 50 87
3 51 55
3 52 79
3 53 95
3 54 21
3 55 25
3 56 85
3 57 11
3 58 9
4 5 23
4 6 10
4 7 22
4 8 13
4 9 75
4 10 93
4 11 54
4 12 99
4 13 50
4 14 73
4 15 21
4 16 49
4 17 25
4 18 18
4 19 44
4 20 46
4 21 38
4 22 76
4 23 78
4 24 6
4 25 27
4 26 69
4 27 65
4 28 31
4 29 95
4 30 63
4 31 87
4 32 93
4 33 66
4 34 16
4 35 51
4 36 56
4 37 29
4 38 71
4 39 45
4 40 33
4 41 21
4 42 9
4 43 52
4 44 92
4 45 61
4 46 46
4 47 39
4 48 41
4 49 48
4 50 43
4 51 30
4 52 12
4 53 33
4 54 31
4 55 63
4 56 70
4 57 5
4 58 84
5 6 13
5 7 62
5 8 58
5 9 68
5 10 63
5 11 93
5 12 43
5 13 39
5 14 59
5 15 22
5 16 46
5 17 15
5 18 99
5 19 10
5 20 88
5 21 70
5 22 9
5 23 34
5 24 9
5 25 87
5 26 88
5 27 29
5 28 16
5 29 46
5 30 96
5 31 47
5 32 88
5 33 62
5 34 25
5 35 19
5 36 24
5 37 24
5 38 92
5 39 93
5 40 61
5 41 69
5 42 4
5 43 31
5 44 62
5 45 42
5 46 49
5 47 100
5 48 66
5 49 14
5 50 7
5 51 53
5 52 41
5 53 86
5 54 56
5 55 58
5 56 60
5 57 65
5 58 45
6 7 68
6 8 58
6 9 66
6 10 99
6 11 49
6 12 85
6 13 31
6 14 45
6 15 25
6 16 95
6 17 76
6 18 10
6 19 46
6 20 65
6 21 64
6 22 54
6 23 50
6 24 63
6 25 31
6 26 42
6 27 38
6 28 99
6 29 31
6 30 42
6 31 6
6 32 84
6 33 37
6 34 74
6 35 12
6 36 31
6 37 19
6 38 33
6 39 36
6 40 4
6 41 87
6 42 63
6 43 2
6 44 8
6 45 3
6 46 19
6 47 65
6 48 71
6 49 57
6 50 79
6 51 90
6 52 62
6 53 90
6 54 33
6 55 20
6 56 92
6 57 28
6 58 65
7 8 34
7 9 35
7 10 97
7 11 42
7 12 40
7 13 40
7 14 90
7 15 64
7 16 71
7 17 98
7 18 78
7 19 23
7 20 34
7 21 91
7 22 37
7 23 19
7 24 92
7 25 12
7 26 3
7 27 51
7 28 25
7 29 68
7 30 36
7 31 74
7 32 53
7 33 99
7 34 86
7 35 88
7 36 69
7 37 82
7 38 39
7 39 10
7 40 20
7 41 38
7 42 52
7 43 47
7 44 63
7 45 72
7 46 94
7 47 33
7 48 53
7 49 99
7 50 27
7 51 4
7 52 7
7 53 75
7 54 79
7 55 9
7 56 2
7 57 49
7 58 84
8 9 38
8 10 29
8 11 32
8 12 8
8 13 72
8 14 35
8 15 82
8 16 82
8 17 70
8 18 42
8 19 68
8 20 23
8 21 55
8 22 73
8 23 67
8 24 84
8 25 32
8 26 2
8 27 95
8 28 40
8 29 68
8 30 38
8 31 72
8 32 42
8 33 63
8 34 58
8 35 91
8 36 11
8 37 69
8 38 6
8 39 66
8 40 12
8 41 77
8 42 14
8 43 9
8 44 50
8 45 21
8 46 55
8 47 58
8 48 16
8 49 49
8 50 67
8 51 69
8 52 45
8 53 82
8 54 17
8 55 41
8 56 61
8 57 69
8 58 99
9 10 12
9 11 19
9 12 99
9 13 72
9 14 64
9 15 96
9 16 62
9 17 68
9 18 64
9 19 17
9 20 26
9 21 10
9 22 43
9 23 82
9 24 90
9 25 22
9 26 14
9 27 18
9 28 42
9 29 70
9 30 32
9 31 4
9 32 57
9 33 5
9 34 12
9 35 49
9 36 50
9 37 91
9 38 83
9 39 24
9 40 34
9 41 86
9 42 96
9 43 92
9 44 18
9 45 100
9 46 73
9 47 13
9 48 64
9 49 6
9 50 56
9 51 50
9 52 56
9 53 58
9 54 94
9 55 53
9 56 95
9 57 89
9 58 6
10 11 63
10 12 60
10 13 80
10 14 98
10 15 40
10 16 55
10 17 84
10 18 20
10 19 45
10 20 29
10 21 30
10 22 53
10 23 37
10 24 25
10 25 65
10 26 77
10 27 46
10 28 47
10 29 30
10 30 14
10 31 82
10 32 75
10 33 34
10 34 70
10 35 47
10 36 15
10 37 53
10 38 81
10 39 81
10 40 22
10 41 88
10 42 52
10 43 81
10 44 82
10 45 83
10 46 67
10 47 79
10 48 62
10 49 59
10 50 86
10 51 22
10 52 79
10 53 67
10 54 99
10 55 21
10 56 39
10 57 83
10 58 25
11 12 61
11 13 2
11 14 61
11 15 58
11 16 81
11 17 7
11 18 47
11 19 98
11 20 43
11 21 81
11 22 4
11 23 89
11 24 79
11 25 72
11 26 94
11 27 12
11 28 79
11 29 75
11 30 54
11 31 21
11 32 85
11 33 98
11 34 20
11 35 2
11 36 100
11 37 12
11 38 26
11 39 78
11 40 22
11 41 44
11 42 26
11 43 32
11 44 90
11 45 24
11 46 95
11 47 80
11 48 95
11 49 73
11 50 78
11 51 68
11 52 55
11 53 91
11 54 93
11 55 7
11 56 51
11 57 97
11 58 57
12 13 13
12 14 36
12 15 88
12 16 24
12 17 98
12 18 44
12 19 68
12 20 57
12 21 4
12 22 84
12 23 38
12 24 89
12 25 92
12 26 6
12 27 42
12 28 99
12 29 67
12 30 82
12 31 97
12 32 62
12 33 89
12 34 96
12 35 96
12 36 3
12 37 57
12 38 57
12 39 29
12 40 31
12 41 86
12 42 52
12 43 28
12 44 86
12 45 21
12 46 16
12 47 10
12 48 4
12 49 11
12 50 1
12 51 19
12 52 97
12 53 15
12 54 30
12 55 75
12 56 67
12 57 23
12 58 83
13 14 98
13 15 4
13 16 44
13 17 61
13 18 29
13 19 16
13 20 78
13 21 11
13 22 75
13 23 45
13 24 8
13 25 15
13 26 34
13 27 16
13 28 100
13 29 75
13 30 10
13 31 23
13 32 12
13 33 15
13 34 72
13 35 19
13 36 16
13 37 15
13 38 75
13 39 84
13 40 35
13 41 21
13 42 14
13 43 18
13 44 58
13 45 63
13 46 79
13 47 24
13 48 14
13 49 40
13 50 15
13 51 43
13 52 68
13 53 28
13 54 72
13 55 9
13 56 76
13 57 86
13 58 62
14 15 20
14 16 80
14 17 11
14 18 80
14 19 95
14 20 74
14 21 44
14 22 92
14 23 40
14 24 36
14 25 11
14 26 42
14 27 10
14 28 30
14 29 80
14 30 99
14 31 92
14 32 43
14 33 2
14 34 5
14 35 14
14 36 11
14 37 73
14 38 100
14 39 100
14 40 66
14 41 41
14 42 69
14 43 15
14 44 45
14 45 21
14 46 94
14 47 94
14 48 32
14 49 55
14 50 63
14 51 53
14 52 48
14 53 31
14 54 67
14 55 63
14 56 61
14 57 48
14 58 90
15 16 31
15 17 65
15 18 100
15 19 96
15 20 46
15 21 5
15 22 86
15 23 35
15 24 86
15 25 40
15 26 43
15 27 13
15 28 26
15 29 18
15 30 13
15 31 21
15 32 22
15 33 10
15 34 75
15 35 95
15 36 20
15 37 14
15 38 35
15 39 23
15 40 60
15 41 5
15 42 42
15 43 26
15 44 26
15 45 50
15 46 40
15 47 94
15 48 82
15 49 17
15 50 86
15 51 5
15 52 23
15 53 35
15 54 41
15 55 85
15 56 75
15 57 94
15 58 52
16 17 26
16 18 97
16 19 33
16 20 70
16 21 65
16 22 14
16 23 82
16 24 88
16 25 51
16 26 51
16 27 56
16 28 17
16 29 38
16 30 31
16 31 13
16 32 19
16 33 72
16 34 1
16 35 77
16 36 15
16 37 90
16 38 15
16 39 52
16 40 47
16 41 71
16 42 8
16 43 33
16 44 1
16 45 35
16 46 23
16 47 100
16 48 2
16 49 24
16 50 8
16 51 21
16 52 77
16 53 42
16 54 40
16 55 17
16 56 88
16 57 29
16 58 94
17 18 40
17 19 28
17 20 13
17 21 51
17 22 28
17 23 44
17 24 75
17 25 19
17 26 91
17 27 30
17 28 17
17 29 57
17 30 57
17 31 100
17 32 44
17 33 69
17 34 51
17 35 53
17 36 12
17 37 70
17 38 30
17 39 100
17 40 19
17 41 79
17 42 37
17 43 40
17 44 69
17 45 13
17 46 60
17 47 51
17 48 53
17 49 12
17 50 78
17 51 69
17 52 86
17 53 76
17 54 78
17 55 68
17 56 36
17 57 98
17 58 67
18 19 20
18 20 54
18 21 38
18 22 87
18 23 98
18 24 65
18 25 84
18 26 4
18 27 38
18 28 45
18 29 83
18 30 33
18 31 22
18 32 14
18 33 88
18 34 64
18 35 75
18 36 92
18 37 51
18 38 29
18 39 42
18 40 17
18 41 59
18 42 27
18 43 41
18 44 8
18 45 86
18 46 24
18 47 63
18 48 12
18 49 44
18 50 94
18 51 90
18 52 56
18 53 22
18 54 10
18 55 91
18 56 19
18 57 45
18 58 42
19 20 56
19 21 67
19 22 95
19 23 81
19 24 34
19 25 8
19 26 20
19 27 61
19 28 41
19 29 80
19 30 85
19 31 12
19 32 38
19 33 20
19 34 68
19 35 42
19 36 6
19 37 12
19 38 24
19 39 71
19 40 5
19 41 92
19 42 42
19 43 13
19 44 99
19 45 22
19 46 37
19 47 69
19 48 87
19 49 72
19 50 89
19 51 69
19 52 25
19 53 59
19 54 94
19 55 56
19 56 94
19 57 88
19 58 59
20 21 97
20 22 88
20 23 78
20 24 48
20 25 34
20 26 3
20 27 92
20 28 32
20 29 45
20 30 20
20 31 9
20 32 37
20 33 67
20 34 43
20 35 96
20 36 55
20 37 57
20 38 95
20 39 63
20 40 28
20 41 6
20 42 44
20 43 87
20 44 34
20 45 78
20 46 96
20 47 62
20 48 52
20 49 81
20 50 94
20 51 79
20 52 26
20 53 2
20 54 91
20 55 63
20 56 88
20 57 18
20 58 98
21 22 34
21 23 4
21 24 22
21 25 73
21 26 94
21 27 39
21 28 65
21 29 92
21 30 36
21 31 54
21 32 63
21 33 19
21 34 50
21 35 72
21 36 38
21 37 93
21 38 43
21 39 89
21 40 23
21 41 17
21 42 72
21 43 35
21 44 47
21 45 28
21 46 93
21 47 13
21 48 18
21 49 43
21 50 12
21 51 57
21 52 25
21 53 85
21 54 91
21 55 79
21 56 32
21 57 41
21 58 96
22 23 81
22 24 24
22 25 26
22 26 5
22 27 80
22 28 83
22 29 63
22 30 61
22 31 74
22 32 61
22 33 38
22 34 27
22 35 69
22 36 37
22 37 34
22 38 6
22 39 34
22 40 48
22 41 49
22 42 79
22 43 11
22 44 42
22 45 54
22 46 40
22 47 79
22 48 4
22 49 6
22 50 49
22 51 23
22 52 70
22 53 83
22 54 60
22 55 35
22 56 38
22 57 41
22 58 43
23 24 54
23 25 50
23 26 16
23 27 31
23 28 57
23 29 48
23 30 18
23 31 64
23 32 61
23 33 76
23 34 23
23 35 35
23 36 33
23 37 5
23 38 4
23 39 40
23 40 76
23 41 72
23 42 18
23 43 52
23 44 77
23 45 35
23 46 67
23 47 18
23 48 17
23 49 50
23 50 98
23 51 42
23 52 98
23 53 72
23 54 55
23 55 56
23 56 19
23 57 57
23 58 42
24 25 1
24 26 61
24 27 2
24 28 53
24 29 26
24 30 66
24 31 89
24 32 5
24 33 37
24 34 96
24 35 76
24 36 36
24 37 67
24 38 82
24 39 40
24 40 19
24 41 24
24 42 85
24 43 83
24 44 72
24 45 37
24 46 12
24 47 27
24 48 43
24 49 44
24 50 47
24 51 41
24 52 68
24 53 84
24 54 93
24 55 77
24 56 28
24 57 80
24 58 28
25 26 8
25 27 48
25 28 63
25 29 88
25 30 46
25 31 74
25 32 78
25 33 22
25 34 59
25 35 56
25 36 33
25 37 21
25 38 13
25 39 24
25 40 32
25 41 25
25 42 19
25 43 50
25 44 99
25 45 86
25 46 71
25 47 44
25 48 35
25 49 22
25 50 29
25 51 1
25 52 53
25 53 29
25 54 66
25 55 6
25 56 14
25 57 7
25 58 40
26 27 49
26 28 95
26 29 12
26 30 100
26 31 5
26 32 100
26 33 71
26 34 97
26 35 36
26 36 72
26 37 99
26 38 15
26 39 15
26 40 60
26 41 93
26 42 16
26 43 98
26 44 87
26 45 93
26 46 10
26 47 20
26 48 76
26 49 9
26 50 40
26 51 6
26 52 91
26 53 57
26 54 34
26 55 80
26 56 46
26 57 61
26 58 9
27 28 56
27 29 32
27 30 77
27 31 78
27 32 29
27 33 87
27 34 62
27 35 75
27 36 75
27 37 98
27 38 83
27 39 15
27 40 92
27 41 25
27 42 45
27 43 8
27 44 28
27 45 19
27 46 5
27 47 6
27 48 72
27 49 84
27 50 39
27 51 8
27 52 50
27 53 15
27 54 44
27 55 85
27 56 12
27 57 95
27 58 55
28 29 14
28 30 4
28 31 36
28 32 58
28 33 82
28 34 32
28 35 80
28 36 49
28 37 81
28 38 78
28 39 63
28 40 38
28 41 46
28 42 94
28 43 69
28 44 55
28 45 47
28 46 30
28 47 78
28 48 78
28 49 28
28 50 95
28 51 77
28 52 58
28 53 27
28 54 6
28 55 29
28 56 46
28 57 4
28 58 21
29 30 8
29 31 48
29 32 85
29 33 85
29 34 45
29 35 33
29 36 79
29 37 30
29 38 52
29 39 89
29 40 65
29 41 97
29 42 74
29 43 88
29 44 43
29 45 67
29 46 44
29 47 6
29 48 82
29 49 79
29 50 79
29 51 59
29 52 82
29 53 69
29 54 28
29 55 68
29 56 35
29 57 68
29 58 95
30 31 46
30 32 77
30 33 69
30 34 42
30 35 70
30 36 50
30 37 4
30 38 65
30 39 98
30 40 27
30 41 38
30 42 61
30 43 16
30 44 85
30 45 53
30 46 65
30 47 66
30 48 72
30 49 3
30 50 45
30 51 86
30 52 41
30 53 76
30 54 62
30 55 39
30 56 57
30 57 84
30 58 52
31 32 93
31 33 63
31 34 49
31 35 57
31 36 85
31 37 35
31 38 35
31 39 75
31 40 72
31 41 19
31 42 26
31 43 71
31 44 94
31 45 71
31 46 50
31 47 94
31 48 93
31 49 23
31 50 3
31 51 61
31 52 15
31 53 100
31 54 39
31 55 27
31 56 40
31 57 42
31 58 89
32 33 1
32 34 14
32 35 55
32 36 27
32 37 25
32 38 11
32 39 72
32 40 54
32 41 38
32 42 17
32 43 28
32 44 93
32 45 63
32 46 8
32 47 52
32 48 14
32 49 52
32 50 51
32 51 99
32 52 59
32 53 93
32 54 9
32 55 51
32 56 70
32 57 10
32 58 19
33 34 38
33 35 72
33 36 84
33 37 3
33 38 65
33 39 69
33 40 36
33 41 3
33 42 45
33 43 27
33 44 68
33 45 79
33 46 66
33 47 82
33 48 11
33 49 72
33 50 21
33 51 51
33 52 3
33 53 50
33 54 40
33 55 71
33 56 29
33 57 46
33 58 48
34 35 7
34 36 9
34 37 85
34 38 34
34 39 31
34 40 85
34 41 9
34 42 23
34 43 66
34 44 97
34 45 81
34 46 36
34 47 92
34 48 32
34 49 35
34 50 59
34 51 39
34 52 37
34 53 87
34 54 41
34 55 75
34 56 21
34 57 9
34 58 22
35 36 5
35 37 20
35 38 15
35 39 90
35 40 78
35 41 13
35 42 95
35 43 95
35 44 8
35 45 86
35 46 50
35 47 91
35 48 60
35 49 47
35 50 48
35 51 60
35 52 39
35 53 12
35 54 2
35 55 85
35 56 60
35 57 62
35 58 76
36 37 77
36 38 61
36 39 36
36 40 35
36 41 94
36 42 76
36 43 33
36 44 33
36 45 43
36 46 61
36 47 18
36 48 98
36 49 72
36 50 38
36 51 56
36 52 95
36 53 14
36 54 50
36 55 36
36 56 75
36 57 90
36 58 4
37 38 38
37 39 45
37 40 10
37 41 69
37 42 81
37 43 67
37 44 6
37 45 66
37 46 61
37 47 38
37 48 64
37 49 28
37 50 5
37 51 17
37 52 96
37 53 88
37 54 70
37 55 68
37 56 81
37 57 95
37 58 14
38 39 99
38 40 71
38 41 78
38 42 90
38 43 80
38 44 33
38 45 22
38 46 44
38 47 58
38 48 33
38 49 90
38 50 31
38 51 1
38 52 15
38 53 93
38 54 61
38 55 8
38 56 23
38 57 85
38 58 92
39 40 79
39 41 9
39 42 93
39 43 69
39 44 56
39 45 72
39 46 49
39 47 48
39 48 92
39 49 8
39 50 75
39 51 91
39 52 70
39 53 90
39 54 36
39 55 96
39 56 57
39 57 40
39 58 66
40 41 66
40 42 73
40 43 4
40 44 59
40 45 21
40 46 86
40 47 2
40 48 88
40 49 44
40 50 79
40 51 23
40 52 60
40 53 62
40 54 26
40 55 55
40 56 45
40 57 71
40 58 29
41 42 94
41 43 55
41 44 89
41 45 66
41 46 94
41 47 33
41 48 62
41 49 12
41 50 89
41 51 20
41 52 27
41 53 91
41 54 2
41 55 25
41 56 49
41 57 90
41 58 73
42 43 3
42 44 6
42 45 16
42 46 71
42 47 31
42 48 27
42 49 86
42 50 4
42 51 35
42 52 75
42 53 29
42 54 90
42 55 42
42 56 64
42 57 19
42 58 32
43 44 80
43 45 4
43 46 35
43 47 6
43 48 51
43 49 91
43 50 25
43 51 77
43 52 1
43 53 51
43 54 39
43 55 90
43 56 54
43 57 15
43 58 44
44 45 15
44 46 31
44 47 34
44 48 38
44 49 59
44 50 89
44 51 12
44 52 2
44 53 79
44 54 54
44 55 79
44 56 74
44 57 53
44 58 46
45 46 96
45 47 23
45 48 60
45 49 22
45 50 44
45 51 11
45 52 75
45 53 73
45 54 51
45 55 36
45 56 90
45 57 30
45 58 1
46 47 36
46 48 14
46 49 7
46 50 73
46 51 35
46 52 35
46 53 45
46 54 41
46 55 87
46 56 50
46 57 17
46 58 50
47 48 44
47 49 37
47 50 52
47 51 92
47 52 40
47 53 48
47 54 87
47 55 41
47 56 86
47 57 36
47 58 95
48 49 82
48 50 7
48 51 13
48 52 87
48 53 16
48 54 53
48 55 44
48 56 54
48 57 73
48 58 70
49 50 9
49 51 86
49 52 16
49 53 44
49 54 70
49 55 86
49 56 77
49 57 14
49 58 85
50 51 61
50 52 9
50 53 8
50 54 25
50 55 88
50 56 20
50 57 36
50 58 15
51 52 12
51 53 91
51 54 94
51 55 67
51 56 3
51 57 50
51 58 82
52 53 7
52 54 39
52 55 4
52 56 37
52 57 81
52 58 38
53 54 31
53 55 71
53 56 76
53 57 60
53 58 19
54 55 67
54 56 25
54 57 70
54 58 93
55 56 75
55 57 62
55 58 8
56 57 4
56 58 40
57 58 63
