73 2628 72
1 2 93
1 3 61
1 4 89
1 5 82
1 6 15
1 7 90
1 8 64
1 9 12
1 10 85
1 11 3
1 12 56
1 13 92
1 14 48
1 15 60
1 16 73
1 17 51
1 18 12
1 19 43
1 20 49
1 21 62
1 22 46
1 23 97
1 24 15
1 25 42
1 26 63
1 27 9
1 28 80
1 29 52
1 30 30
1 31 51
1 32 17
1 33 31
1 34 66
1 35 66
1 36 21
1 37 33
1 38 97
1 39 8
1 40 53
1 41 18
1 42 71
1 43 72
1 44 50
1 45 44
1 46 2
1 47 76
1 48 9
1 49 91
1 50 10
1 51 63
1 52 100
1 53 85
1 54 76
1 55 9
1 56 37
1 57 27
1 58 32
1 59 63
1 60 52
1 61 98
1 62 29
1 63 85
1 64 73
1 65 79
1 66 53
1 67 12
1 68 21
1 69 9
1 70 19
1 71 74
1 72 5
1 73 54
2 3 35
2 4 32
2 5 28
2 6 47
2 7 32
2 8 6
2 9 90
2 10 50
2 11 68
2 12 61
2 13 25
2 14 7
2 15 75
2 16 64
2 17 82
2 18 84
2 19 17
2 20 25
2 21 56
2 22 50
2 23 2
2 24 20
2 25 15
2 26 42
2 27 12
2 28 27
2 29 93
2 30 1
2 31 8
2 32 70
2 33 88
2 34 77
2 35 86
2 36 69
2 37 50
2 38 15
2 39 48
2 40 26
2 41 74
2 42 18
2 43 86
2 44 35
2 45 41
2 46 98
2 47 35
2 48 90
2 49 63
2 50 45
2 51 32
2 52 41
2 53 25
2 54 30
2 55 36
2 56 84
2 57 66
2 58 39
2 59 75
2 60 31
2 61 65
2 62 48
2 63 78
2 64 54
2 65 82
2 66 8
2 67 51
2 68 57
2 69 9
2 70 36
2 71 63
2 72 77
2 73 73
3 4 65
3 5 73
3 6 17
3 7 59
3 8 57
3 9 34
3 10 73
3 11 61
3 12 81
3 13 94
3 14 79
3 15 56
3 16 19
3 17 27
3 18 59
3 19 67
3 20 4
3 21 21
3 22 100
3 23 54
3 24 4
3 25 53
3 26 67
3 27 11
3 28 17
3 29 29
3 30 6
3 31 27
3 32 29
3 33 72
3 34 51
3 35 84
3 36 51
3 37 90
3 38 89
3 39 34
3 40 37
3 41 63
3 42 35
3 43 70
3 44 73
3 45 6
3 46 1
3 47 9
3 48 86
3 49 29
3 50 93
3 51 88
3 52 86
3 53 76
3 54 67
3 55 26
3 56 52
3 57 73
3 58 90
3 59 21
3 60 45
3 61 44
3 62 54
3 63 2
3 64 46
3 65 19
3 66 41
3 67 2
3 68 11
3 69 38
3 70 68
3 71 73
3 72 87
3 73 20
4 5 30
4 6 60
4 7 95
4 8 54
4 9 17
4 10 95
4 11 71
4 12 21
4 13 97
4 14 79
4 15 42
4 16 92
4 17 79
4 18 2
4 19 96
4 20 93
4 21 98
4 22 35
4 23 7
4 24 83
4 25 60
4 26 47
4 27 68
4 28 40
4 29 59
4 30 23
4 31 31
4 32 32
4 33 54
4 34 13
4 35 65
4 36 68
4 37 57
4 38 13
4 39 3
4 40 56
4 41 33
4 42 29
4 43 62
4 44 86
4 45 84
4 46 83
4 47 21
4 48 17
4 49 2
4 50 35
4 51 35
4 52 54
4 53 54
4 54 98
4 55 8
4 56 73
4 57 84
4 58 96
4 59 97
4 60 60
4 61 98
4 62 16
4 63 2
4 64 57
4 65 13
4 66 80
4 67 64
4 68 69
4 69 10
4 70 2
4 71 10
4 72 60
4 73 11
5 6 31
5 7 93
5 8 61
5 9 53
5 10 84
5 11 67
5 12 10
5 13 66
5 14 38
5 15 42
5 16 28
5 17 14
5 18 69
5 19 65
5 20 16
5 21 99
5 22 18
5 23 91
5 24 13
5 25 39
5 26 88
5 27 6
5 28 62
5 29 78
5 30 7
5 31 75
5 32 82
5 33 64
5 34 43
5 35 39
5 36 98
5 37 55
5 38 34
5 39 54
5 40 90
5 41 59
5 42 24
5 43 85
5 44 82
5 45 35
5 46 66
5 47 92
5 48 1
5 49 22
5 50 5
5 51 63
5 52 67
5 53 59
5 54 28
5 55 70
5 56 64
5 57 32
5 58 75
5 59 24
5 60 46
5 61 4
5 62 97
5 63 46
5 64 9
5 65 25
5 66 68
5 67 3
5 68 95
5 69 79
5 70 14
5 71 82
5 72 52
5 73 44
6 7 30
6 8 28
6 9 86
6 10 60
6 11 84
6 12 78
6 13 17
6 14 55
6 15 10
6 16 93
6 17 99
6 18 13
6 19 22
6 20 56
6 21 89
6 22 28
6 23 86
6 24 24
6 25 35
6 26 27
6 27 51
6 28 8
6 29 27
6 30 30
6 31 88
6 32 29
6 33 5
6 34 3
6 35 51
6 36 27
6 37 11
6 38 75
6 39 36
6 40 45
6 41 11
6 42 16
6 43 81
6 44 73
6 45 57
6 46 72
6 47 97
6 48 75
6 49 28
6 50 3
6 51 27
6 52 43
6 53 28
6 54 64
6 55 8
6 56 62
6 57 32
6 58 49
6 59 61
6 60 67
6 61 17
6 62 75
6 63 89
6 64 55
6 65 77
6 66 24
6 67 9
6 68 41
6 69 77
6 70 77
6 71 50
6 72 9
6 73 68
7 8 57
7 9 44
7 10 14
7 11 66
7 12 12
7 13 27
7 14 82
7 15 79
7 16 13
7 17 42
7 18 27
7 19 20
7 20 25
7 21 86
7 22 88
7 23 2
7 24 29
7 25 60
7 26 24
7 27 53
7 28 29
7 29 8
7 30 56
7 31 28
7 32 57
7 33 45
7 34 59
7 35 98
7 36 11
7 37 86
7 38 46
7 39 10
7 40 41
7 41 25
7 42 84
7 43 9
7 44 81
7 45 99
7 46 66
7 47 63
7 48 28
7 49 41
7 50 86
7 51 23
7 52 88
7 53 19
7 54 50
7 55 43
7 56 13
7 57 32
7 58 57
7 59 21
7 60 5
7 61 4
7 62 47
7 63 98
7 64 17
7 65 46
7 66 84
7 67 84
7 68 35
7 69 23
7 70 98
7 71 25
7 72 41
7 73 51
8 9 73
8 10 55
8 11 44
8 12 58
8 13 54
8 14 9
8 15 8
8 16 96
8 17 39
8 18 23
8 19 64
8 20 97
8 21 94
8 22 41
8 23 87
8 24 89
8 25 15
8 26 20
8 27 24
8 28 64
8 29 16
8 30 40
8 31 47
8 32 59
8 33 4
8 34 49
8 35 73
8 36 91
8 37 50
8 38 69
8 39 42
8 40 12
8 41 19
8 42 5
8 43 22
8 44 71
8 45 74
8 46 66
8 47 48
8 48 25
8 49 36
8 50 93
8 51 55
8 52 61
8 53 8
8 54 42
8 55 12
8 56 10
8 57 43
8 58 50
8 59 53
8 60 59
8 61 84
8 62 77
8 63 17
8 64 24
8 65 42
8 66 54
8 67 49
8 68 72
8 69 41
8 70 25
8 71 1
8 72 76
8 73 13
9 10 77
9 11 1
9 12 65
9 13 95
9 14 81
9 15 87
9 16 53
9 17 16
9 18 98
9 19 86
9 20 52
9 21 64
9 22 25
9 23 42
9 24 90
9 25 79
9 26 20
9 27 99
9 28 85
9 29 46
9 30 100
9 31 20
9 32 89
9 33 34
9 34 3
9 35 35
9 36 91
9 37 43
9 38 35
9 39 14
9 40 58
9 41 64
9 42 51
9 43 57
9 44 37
9 45 44
9 46 73
9 47 4
9 48 18
9 49 5
9 50 94
9 51 79
9 52 67
9 53 18
9 54 75
9 55 10
9 56 16
9 57 98
9 58 81
9 59 95
9 60 74
9 61 43
9 62 75
9 63 4
9 64 59
9 65 74
9 66 98
9 67 62
9 68 80
9 69 96
9 70 79
9 71 53
9 72 25
9 73 73
10 11 4
10 12 65
10 13 93
10 14 63
10 15 4
10 16 85
10 17 39
10 18 57
10 19 2
10 20 63
10 21 49
10 22 92
10 23 92
10 24 59
10 25 83
10 26 59
10 27 72
10 28 85
10 29 59
10 30 99
10 31 19
10 32 56
10 33 42
10 34 82
10 35 24
10 36 49
10 37 24
10 38 2
10 39 2
10 40 30
10 41 1
10 42 31
10 43 75
10 44 25
10 45 57
10 46 79
10 47 88
10 48 100
10 49 20
10 50 33
10 51 97
10 52 88
10 53 56
10 54 11
10 55 42
10 56 6
10 57 47
10 58 84
10 59 31
10 60 17
10 61 41
10 62 80
10 63 27
10 64 45
10 65 38
10 66 87
10 67 52
10 68 40
10 69 12
10 70 69
10 71 43
10 72 5
10 73 33
11 12 10
11 13 68
11 14 57
11 15 76
11 16 7
11 17 77
11 18 15
11 19 81
11 20 25
11 21 33
11 22 89
11 23 71
11 24 73
11 25 20
11 26 10
11 27 17
11 28 86
11 29 88
11 30 84
11 31 41
11 32 19
11 33 3
11 34 17
11 35 18
11 36 9
11 37 88
11 38 24
11 39 13
11 40 42
11 41 59
11 42 76
11 43 61
11 44 80
11 45 71
11 46 14
11 47 13
11 48 35
11 49 72
11 50 84
11 51 85
11 52 27
11 53 86
11 54 9
11 55 15
11 56 26
11 57 63
11 58 92
11 59 53
11 60 73
11 61 8
11 62 1
11 63 9
11 64 11
11 65 62
11 66 23
11 67 87
11 68 88
11 69 4
11 70 86
11 71 76
11 72 77
11 73 8
12 13 100
12 14 1
12 15 51
12 16 6
12 17 73
12 18 71
12 19 1
12 20 56
12 21 83
12 22 11
12 23 66
12 24 46
12 25 64
12 26 66
12 27 55
12 28 17
12 29 58
12 30 59
12 31 94
12 32 18
12 33 43
12 34 94
12 35 66
12 36 1
12 37 46
12 38 30
12 39 9
12 40 79
12 41 43
12 42 4
12 43 35
12 44 61
12 45 38
12 46 67
12 47 59
12 48 45
12 49 29
12 50 81
12 51 37
12 52 66
12 53 3
12 54 9
12 55 39
12 56 30
12 57 17
12 58 16
12 59 40
12 60 31
12 61 45
12 62 84
12 63 51
12 64 29
12 65 12
12 66 31
12 67 14
12 68 65
12 69 91
12 70 53
12 71 12
12 72 28
12 73 88
13 14 99
13 15 22
13 16 59
13 17 14
13 18 15
13 19 11
13 20 76
13 21 59
13 22 23
13 23 69
13 24 1
13 25 20
13 26 75
13 27 35
13 28 95
13 29 41
13 30 76
13 31 7
13 32 40
13 33 52
13 34 66
13 35 72
13 36 8
13 37 31
13 38 26
13 39 47
13 40 37
13 41 16
13 42 44
13 43 60
13 44 95
13 45 1
13 46 37
13 47 19
13 48 63
13 49 70
13 50 9
13 51 48
13 52 79
13 53 56
13 54 55
13 55 62
13 56 93
13 57 63
13 58 7
13 59 53
13 60 46
13 61 54
13 62 16
13 63 36
13 64 45
13 65 48
13 66 40
13 67 81
13 68 49
13 69 70
13 70 77
13 71 54
13 72 90
13 73 8
14 15 53
14 16 15
14 17 94
14 18 99
14 19 82
14 20 91
14 21 100
14 22 55
14 23 56
14 24 74
14 25 19
14 26 35
14 27 85
14 28 58
14 29 15
14 30 25
14 31 73
14 32 45
14 33 31
14 34 60
14 35 1
14 36 87
14 37 63
14 38 92
14 39 59
14 40 26
14 41 47
14 42 34
14 43 63
14 44 60
14 45 30
14 46 83
14 47 98
14 48 77
14 49 4
14 50 33
14 51 16
14 52 48
14 53 51
14 54 37
14 55 39
14 56 24
14 57 59
14 58 30
14 59 76
14 60 69
14 61 55
14 62 32
14 63 40
14 64 51
14 65 53
14 66 71
14 67 84
14 68 57
14 69 56
14 70 47
14 71 17
14 72 53
14 73 60
15 16 44
15 17 50
15 18 80
15 19 93
15 20 89
15 21 100
15 22 6
15 23 34
15 24 17
15 25 31
15 26 70
15 27 13
15 28 58
15 29 55
15 30 63
15 31 22
15 32 96
15 33 46
15 34 50
15 35 24
15 36 61
15 37 1
15 38 54
15 39 39
15 40 44
15 41 34
15 42 99
15 43 65
15 44 15
15 45 70
15 46 81
15 47 72
15 48 9
15 49 52
15 50 28
15 51 55
15 52 58
15 53 59
15 54 13
15 55 68
15 56 94
15 57 35
15 58 94
15 59 88
15 60 30
15 61 7
15 62 68
15 63 57
15 64 27
15 65 27
15 66 27
15 67 47
15 68 29
15 69 1
15 70 5
15 71 9
15 72 96
15 73 89
16 17 84
16 18 89
16 19 33
16 20 2
16 21 3
16 22 99
16 23 94
16 24 24
16 25 46
16 26 98
16 27 68
16 28 55
16 29 70
16 30 26
16 31 41
16 32 31
16 33 100
16 34 98
16 35 95
16 36 87
16 37 57
16 38 31
16 39 89
16 40 72
16 41 89
16 42 28
16 43 46
16 44 55
16 45 9
16 46 54
16 47 55
16 48 30
16 49 54
16 50 16
16 51 90
16 52 28
16 53 100
16 54 78
16 55 58
16 56 37
16 57 70
16 58 25
16 59 24
16 60 65
16 61 81
16 62 1
16 63 8
16 64 45
16 65 53
16 66 63
16 67 79
16 68 81
16 69 80
16 70 65
16 71 47
16 72 65
16 73 82
17 18 70
17 19 34
17 20 77
17 21 92
17 22 25
17 23 53
17 24 93
17 25 50
17 26 35
17 27 86
17 28 92
17 29 28
17 30 6
17 31 8
17 32 33
17 33 73
17 34 39
17 35 82
17 36 64
17 37 18
17 38 63
17 39 30
17 40 29
17 41 65
17 42 94
17 43 67
17 44 46
17 45 24
17 46 53
17 47 45
17 48 50
17 49 79
17 50 44
17 51 3
17 52 34
17 53 27
17 54 25
17 55 83
17 56 95
17 57 23
17 58 8
17 59 70
17 60 63
17 61 88
17 62 78
17 63 25
17 64 31
17 65 39
17 66 63
17 67 5
17 68 85
17 69 21
17 70 45
17 71 1
17 72 17
17 73 19
18 19 37
18 20 21
18 21 91
18 22 73
18 23 95
18 24 36
18 25 6
18 26 4
18 27 82
18 28 99
18 29 87
18 30 62
18 31 59
18 32 22
18 33 84
18 34 3
18 35 58
18 36 45
18 37 13
18 38 92
18 39 82
18 40 51
18 41 49
18 42 78
18 43 92
18 44 8
18 45 75
18 46 63
18 47 43
18 48 22
18 49 40
18 50 51
18 51 45
18 52 81
18 53 25
18 54 62
18 55 84
18 56 28
18 57 79
18 58 98
18 59 97
18 60 30
18 61 83
18 62 15
18 63 9
18 64 34
18 65 78
18 66 45
18 67 92
18 68 9
18 69 36
18 70 26
18 71 67
18 72 39
18 73 75
19 20 26
19 21 46
19 22 17
19 23 68
19 24 76
19 25 64
19 26 96
19 27 69
19 28 59
19 29 58
19 30 79
19 31 14
19 32 52
19 33 23
19 34 39
19 35 2
19 36 41
19 37 20
19 38 88
19 39 16
19 40 85
19 41 49
19 42 91
19 43 26
19 44 85
19 45 5
19 46 100
19 47 20
19 48 86
19 49 17
19 50 74
19 51 39
19 52 36
19 53 4
19 54 66
19 55 89
19 56 100
19 57 90
19 58 33
19 59 64
19 60 72
19 61 54
19 62 91
19 63 5
19 64 17
19 65 28
19 66 93
19 67 45
19 68 88
19 69 1
19 70 95
19 71 83
19 72 92
19 73 15
20 21 5
20 22 28
20 23 30
20 24 70
20 25 77
20 26 65
20 27 86
20 28 11
20 29 56
20 30 31
20 31 49
20 32 73
20 33 51
20 34 56
20 35 100
20 36 21
20 37 30
20 38 37
20 39 25
20 40 35
20 41 40
20 42 1
20 43 54
20 44 43
20 45 33
20 46 11
20 47 30
20 48 11
20 49 42
20 50 60
20 51 30
20 52 86
20 53 28
20 54 12
20 55 85
20 56 63
20 57 14
20 58 26
20 59 25
20 60 49
20 61 76
20 62 57
20 63 19
20 64 60
20 65 36
20 66 80
20 67 84
20 68 32
20 69 26
20 70 12
20 71 31
20 72 84
20 73 49
21 22 46
21 23 49
21 24 35
21 25 39
21 26 90
21 27 86
21 28 74
21 29 53
21 30 23
21 31 91
21 32 65
21 33 20
21 34 80
21 35 77
21 36 16
21 37 16
21 38 10
21 39 67
21 40 87
21 41 62
21 42 55
21 43 50
21 44 90
21 45 17
21 46 84
21 47 15
21 48 2
21 49 61
21 50 58
21 51 59
21 52 86
21 53 74
21 54 47
21 55 1
21 56 42
21 57 15
21 58 86
21 59 40
21 60 10
21 61 22
21 62 14
21 63 49
21 64 36
21 65 60
21 66 84
21 67 43
21 68 16
21 69 25
21 70 98
21 71 28
21 72 12
21 73 47
22 23 73
22 24 71
22 25 73
22 26 35
22 27 60
22 28 26
22 29 82
22 30 4
22 31 9
22 32 75
22 33 69
22 34 60
22 35 32
22 36 76
22 37 90
22 38 48
22 39 53
22 40 9
22 41 58
22 42 46
22 43 25
22 44 78
22 45 5
22 46 97
22 47 77
22 48 30
22 49 100
22 50 87
22 51 70
22 52 66
22 53 80
22 54 15
22 55 3
22 56 86
22 57 28
22 58 23
22 59 19
22 60 67
22 61 95
22 62 25
22 63 60
22 64 67
22 65 34
22 66 54
22 67 50
22 68 97
22 69 62
22 70 98
22 71 46
22 72 97
22 73 4
23 24 82
23 25 41
23 26 4
23 27 68
23 28 84
23 29 97
23 30 25
23 31 27
23 32 17
23 33 47
23 34 61
23 35 94
23 36 21
23 37 33
23 38 1
23 39 87
23 40 66
23 41 11
23 42 56
23 43 71
23 44 82
23 45 16
23 46 25
23 47 28
23 48 22
23 49 15
23 50 97
23 51 7
23 52 28
23 53 85
23 54 71
23 55 27
23 56 78
23 57 43
23 58 71
23 59 72
23 60 51
23 61 76
23 62 83
23 63 24
23 64 60
23 65 50
23 66 88
23 67 24
23 68 88
23 69 26
23 70 11
23 71 16
23 72 32
23 73 75
24 25 11
24 26 79
24 27 67
24 28 69
24 29 10
24 30 81
24 31 69
24 32 66
24 33 55
24 34 42
24 35 51
24 36 100
24 37 26
24 38 92
24 39 12
24 40 68
24 41 100
24 42 83
24 43 91
24 44 8
24 45 43
24 46 96
24 47 44
24 48 1
24 49 74
24 50 66
24 51 68
24 52 30
24 53 10
24 54 47
24 55 48
24 56 98
24 57 23
24 58 69
24 59 74
24 60 19
24 61 47
24 62 33
24 63 19
24 64 75
24 65 92
24 66 82
24 67 56
24 68 63
24 69 46
24 70 18
24 71 4
24 72 11
24 73 18
25 26 1
25 27 32
25 28 25
25 29 80
25 30 43
25 31 77
25 32 87
25 33 81
25 34 84
25 35 88
25 36 82
25 37 35
25 38 58
25 39 30
25 40 79
25 41 45
25 42 79
25 43 43
25 44 71
25 45 39
25 46 77
25 47 13
25 48 67
25 49 6
25 50 82
25 51 1
25 52 45
25 53 82
25 54 38
25 55 31
25 56 39
25 57 82
25 58 82
25 59 77
25 60 88
25 61 47
25 62 74
25 63 14
25 64 71
25 65 45
25 66 73
25 67 26
25 68 87
25 69 53
25 70 22
25 71 22
25 72 7
25 73 4
26 27 71
26 28 66
26 29 50
26 30 8
26 31 71
26 32 73
26 33 81
26 34 16
26 35 1
26 36 24
26 37 61
26 38 74
26 39 10
26 40 12
26 41 5
26 42 65
26 43 4
26 44 30
26 45 41
26 46 37
26 47 74
26 48 96
26 49 87
26 50 97
26 51 83
26 52 51
26 53 95
26 54 5
26 55 36
26 56 99
26 57 86
26 58 49
26 59 88
26 60 87
26 61 75
26 62 58
26 63 70
26 64 9
26 65 58
26 66 19
26 67 88
26 68 5
26 69 93
26 70 80
26 71 61
26 72 27
26 73 87
27 28 48
27 29 59
27 30 55
27 31 13
27 32 45
27 33 8
27 34 5
27 35 20
27 36 8
27 37 55
27 38 86
27 39 64
27 40 11
27 41 92
27 42 22
27 43 46
27 44 40
27 45 81
27 46 13
27 47 67
27 48 32
27 49 88
27 50 40
27 51 40
27 52 50
27 53 56
27 54 85
27 55 100
27 56 60
27 57 33
27 58 35
27 59 19
27 60 27
27 61 23
27 62 46
27 63 34
27 64 97
27 65 18
27 66 73
27 67 89
27 68 39
27 69 25
27 70 79
27 71 32
27 72 55
27 73 84
28 29 64
28 30 13
28 31 16
28 32 55
28 33 47
28 34 35
28 35 22
28 36 67
28 37 13
28 38 70
28 39 15
28 40 40
28 41 50
28 42 79
28 43 78
28 44 37
28 45 66
28 46 84
28 47 94
28 48 35
28 49 43
28 50 60
28 51 89
28 52 47
28 53 75
28 54 46
28 55 29
28 56 89
28 57 56
28 58 21
28 59 60
28 60 50
28 61 74
28 62 38
28 63 37
28 64 17
28 65 98
28 66 36
28 67 37
28 68 43
28 69 27
28 70 5
28 71 67
28 72 61
28 73 4
29 30 53
29 31 35
29 32 57
29 33 46
29 34 13
29 35 75
29 36 83
29 37 69
29 38 23
29 39 37
29 40 85
29 41 3
29 42 82
29 43 89
29 44 37
29 45 89
29 46 17
29 47 40
29 48 29
29 49 14
29 50 5
29 51 53
29 52 81
29 53 51
29 54 44
29 55 37
29 56 52
29 57 20
29 58 12
29 59 82
29 60 23
29 61 43
29 62 25
29 63 20
29 64 21
29 65 68
29 66 81
29 67 73
29 68 35
29 69 72
29 70 80
29 71 43
29 72 3
29 73 97
30 31 39
30 32 91
30 33 34
30 34 40
30 35 11
30 36 81
30 37 49
30 38 24
30 39 19
30 40 21
30 41 93
30 42 5
30 43 17
30 44 3
30 45 7
30 46 6
30 47 47
30 48 48
30 49 82
30 50 56
30 51 2
30 52 76
30 53 42
30 54 80
30 55 33
30 56 64
30 57 54
30 58 71
30 59 61
30 60 25
30 61 48
30 62 64
30 63 76
30 64 26
30 65 92
30 66 38
30 67 96
30 68 74
30 69 6
30 70 76
30 71 48
30 72 92
30 73 75
31 32 95
31 33 48
31 34 12
31 35 93
31 36 29
31 37 55
31 38 93
31 39 23
31 40 38
31 41 53
31 42 93
31 43 36
31 44 99
31 45 91
31 46 22
31 47 18
31 48 8
31 49 76
31 50 96
31 51 4
31 52 95
31 53 52
31 54 75
31 55 85
31 56 27
31 57 2
31 58 46
31 59 11
31 60 90
31 61 8
31 62 96
31 63 8
31 64 77
31 65 26
31 66 92
31 67 98
31 68 19
31 69 7
31 70 42
31 71 50
31 72 86
31 73 88
32 33 8
32 34 51
32 35 11
32 36 70
32 37 75
32 38 21
32 39 10
32 40 30
32 41 95
32 42 46
32 43 28
32 44 9
32 45 33
32 46 64
32 47 63
32 48 40
32 49 100
32 50 64
32 51 32
32 52 34
32 53 48
32 54 25
32 55 80
32 56 51
32 57 73
32 58 79
32 59 76
32 60 24
32 61 95
32 62 33
32 63 24
32 64 37
32 65 30
32 66 79
32 67 93
32 68 71
32 69 10
32 70 51
32 71 69
32 72 91
32 73 34
33 34 11
33 35 94
33 36 20
33 37 83
33 38 100
33 39 77
33 40 60
33 41 24
33 42 85
33 43 18
33 44 71
33 45 16
33 46 73
33 47 34
33 48 45
33 49 29
33 50 51
33 51 4
33 52 13
33 53 73
33 54 45
33 55 20
33 56 63
33 57 28
33 58 91
33 59 2
33 60 24
33 61 15
33 62 70
33 63 8
33 64 71
33 65 1
33 66 12
33 67 65
33 68 32
33 69 57
33 70 26
33 71 54
33 72 100
33 73 10
34 35 36
34 36 35
34 37 22
34 38 65
34 39 61
34 40 3
34 41 71
34 42 55
34 43 67
34 44 26
34 45 73
34 46 12
34 47 58
34 48 79
34 49 58
34 50 10
34 51 57
34 52 25
34 53 33
34 54 99
34 55 79
34 56 41
34 57 46
34 58 15
34 59 20
34 60 64
34 61 29
34 62 14
34 63 33
34 64 29
34 65 56
34 66 100
34 67 43
34 68 88
34 69 70
34 70 59
34 71 76
34 72 56
34 73 81
35 36 3
35 37 94
35 38 50
35 39 39
35 40 8
35 41 40
35 42 78
35 43 4
35 44 21
35 45 15
35 46 93
35 47 66
35 48 20
35 49 59
35 50 1
35 51 79
35 52 42
35 53 54
35 54 54
35 55 23
35 56 54
35 57 6
35 58 78
35 59 9
35 60 10
35 61 84
35 62 100
35 63 74
35 64 35
35 65 34
35 66 48
35 67 34
35 68 35
35 69 36
35 70 95
35 71 1
35 72 40
35 73 17
36 37 84
36 38 48
36 39 22
36 40 50
36 41 62
36 42 2
36 43 11
36 44 89
36 45 56
36 46 91
36 47 50
36 48 12
36 49 29
36 50 83
36 51 82
36 52 95
36 53 26
36 54 11
36 55 20
36 56 37
36 57 55
36 58 31
36 59 59
36 60 2
36 61 14
36 62 65
36 63 61
36 64 86
36 65 60
36 66 66
36 67 37
36 68 25
36 69 75
36 70 86
36 71 67
36 72 92
36 73 26
37 38 95
37 39 65
37 40 48
37 41 40
37 42 5
37 43 78
37 44 100
37 45 79
37 46 36
37 47 52
37 48 90
37 49 9
37 50 73
37 51 92
37 52 13
37 53 81
37 54 60
37 55 28
37 56 93
37 57 52
37 58 63
37 59 46
37 60 43
37 61 92
37 62 58
37 63 71
37 64 11
37 65 9
37 66 78
37 67 8
37 68 38
37 69 35
37 70 75
37 71 16
37 72 2
37 73 92
38 39 52
38 40 9
38 41 52
38 42 49
38 43 25
38 44 7
38 45 60
38 46 75
38 47 4
38 48 52
38 49 38
38 50 97
38 51 30
38 52 75
38 53 18
38 54 31
38 55 6
38 56 50
38 57 16
38 58 24
38 59 65
38 60 80
38 61 32
38 62 97
38 63 57
38 64 73
38 65 81
38 66 68
38 67 40
38 68 39
38 69 71
38 70 96
38 71 75
38 72 29
38 73 29
39 40 54
39 41 99
39 42 28
39 43 73
39 44 24
39 45 48
39 46 2
39 47 98
39 48 72
39 49 35
39 50 67
39 51 55
39 52 24
39 53 58
39 54 77
39 55 44
39 56 65
39 57 97
39 58 47
39 59 40
39 60 41
39 61 92
39 62 73
39 63 52
39 64 61
39 65 24
39 66 17
39 67 4
39 68 43
39 69 26
39 70 50
39 71 11
39 72 44
39 73 82
40 41 54
40 42 86
40 43 96
40 44 80
40 45 49
40 46 78
40 47 61
40 48 65
40 49 42
40 50 47
40 51 44
40 52 29
40 53 79
40 54 35
40 55 12
40 56 75
40 57 34
40 58 73
40 59 53
40 60 31
40 61 34
40 62 19
40 63 3
40 64 20
40 65 88
40 66 40
40 67 41
40 68 81
40 69 97
40 70 52
40 71 70
40 72 33
40 73 97
41 42 6
41 43 73
41 44 82
41 45 87
41 46 59
41 47 86
41 48 14
41 49 77
41 50 80
41 51 98
41 52 39
41 53 22
41 54 59
41 55 74
41 56 22
41 57 66
41 58 56
41 59 80
41 60 38
41 61 71
41 62 8
41 63 62
41 64 19
41 65 78
41 66 10
41 67 63
41 68 14
41 69 57
41 70 80
41 71 91
41 72 22
41 73 19
42 43 47
42 44 30
42 45 66
42 46 10
42 47 94
42 48 24
42 49 18
42 50 20
42 51 95
42 52 45
42 53 87
42 54 26
42 55 75
42 56 42
42 57 65
42 58 27
42 59 23
42 60 5
42 61 61
42 62 29
42 63 63
42 64 89
42 65 10
42 66 74
42 67 56
42 68 33
42 69 21
42 70 4
42 71 30
42 72 28
42 73 42
43 44 27
43 45 52
43 46 15
43 47 42
43 48 24
43 49 64
43 50 23
43 51 98
43 52 18
43 53 32
43 54 95
43 55 22
43 56 21
43 57 76
43 58 14
43 59 13
43 60 20
43 61 15
43 62 55
43 63 31
43 64 26
43 65 58
43 66 17
43 67 35
43 68 100
43 69 33
43 70 50
43 71 54
43 72 30
43 73 24
44 45 33
44 46 100
44 47 60
44 48 1
44 49 33
44 50 80
44 51 36
44 52 62
44 53 66
44 54 60
44 55 76
44 56 55
44 57 64
44 58 17
44 59 70
44 60 95
44 61 29
44 62 89
44 63 76
44 64 87
44 65 11
44 66 70
44 67 26
44 68 57
44 69 19
44 70 70
44 71 76
44 72 50
44 73 13
45 46 37
45 47 70
45 48 1
45 49 57
45 50 47
45 51 86
45 52 18
45 53 41
45 54 99
45 55 27
45 56 9
45 57 61
45 58 51
45 59 14
45 60 86
45 61 70
45 62 46
45 63 95
45 64 43
45 65 59
45 66 24
45 67 95
45 68 77
45 69 47
45 70 40
45 71 43
45 72 64
45 73 18
46 47 56
46 48 13
46 49 36
46 50 11
46 51 36
46 52 36
46 53 86
46 54 76
46 55 52
46 56 24
46 57 74
46 58 8
46 59 29
46 60 48
46 61 71
46 62 59
46 63 24
46 64 37
46 65 30
46 66 16
46 67 87
46 68 55
46 69 27
46 70 15
46 71 18
46 72 30
46 73 98
47 48 99
47 49 62
47 50 86
47 51 8
47 52 61
47 53 35
47 54 25
47 55 25
47 56 41
47 57 63
47 58 96
47 59 20
47 60 73
47 61 18
47 62 30
47 63 71
47 64 71
47 65 99
47 66 37
47 67 74
47 68 67
47 69 54
47 70 51
47 71 38
47 72 88
47 73 92
48 49 61
48 50 35
48 51 77
48 52 65
48 53 86
48 54 39
48 55 93
48 56 86
48 57 85
48 58 61
48 59 80
48 60 27
48 61 94
48 62 24
48 63 90
48 64 88
48 65 73
48 66 9
48 67 72
48 68 24
48 69 7
48 70 21
48 71 83
48 72 83
48 73 24
49 50 1
49 51 93
49 52 81
49 53 71
49 54 95
49 55 67
49 56 22
49 57 76
49 58 79
49 59 44
49 60 14
49 61 34
49 62 71
49 63 99
49 64 85
49 65 17
49 66 5
49 67 35
49 68 72
49 69 73
49 70 23
49 71 20
49 72 99
49 73 41
50 51 96
50 52 96
50 53 63
50 54 48
50 55 29
50 56 22
50 57 11
50 58 65
50 59 13
50 60 95
50 61 6
50 62 97
50 63 3
50 64 53
50 65 90
50 66 90
50 67 54
50 68 70
50 69 75
50 70 73
50 71 39
50 72 34
50 73 16
51 52 29
51 53 94
51 54 26
51 55 61
51 56 13
51 57 56
51 58 81
51 59 21
51 60 56
51 61 10
51 62 52
51 63 26
51 64 8
51 65 14
51 66 1
51 67 59
51 68 51
51 69 88
51 70 60
51 71 71
51 72 99
51 73 60
52 53 24
52 54 66
52 55 15
52 56 63
52 57 55
52 58 88
52 59 98
52 60 31
52 61 88
52 62 76
52 63 18
52 64 49
52 65 3
52 66 60
52 67 32
52 68 1
52 69 80
52 70 56
52 71 54
52 72 6
52 73 33
53 54 81
53 55 41
53 56 85
53 57 6
53 58 79
53 59 50
53 60 92
53 61 54
53 62 73
53 63 37
53 64 9
53 65 76
53 66 74
53 67 6
53 68 53
53 69 98
53 70 15
53 71 31
53 72 72
53 73 61
54 55 67
54 56 53
54 57 85
54 58 79
54 59 46
54 60 53
54 61 31
54 62 91
54 63 10
54 64 64
54 65 98
54 66 40
54 67 38
54 68 54
54 69 83
54 70 98
54 71 40
54 72 31
54 73 23
55 56 14
55 57 26
55 58 94
55 59 83
55 60 95
55 61 20
55 62 77
55 63 61
55 64 67
55 65 25
55 66 14
55 67 99
55 68 5
55 69 64
55 70 25
55 71 49
55 72 47
55 73 38
56 57 1
56 58 95
56 59 45
56 60 69
56 61 73
56 62 72
56 63 30
56 64 10
56 65 67
56 66 42
56 67 9
56 68 43
56 69 91
56 70 59
56 71 88
56 72 19
56 73 1
57 58 100
57 59 65
57 60 3
57 61 57
57 62 93
57 63 80
57 64 86
57 65 5
57 66 95
57 67 82
57 68 98
57 69 83
57 70 87
57 71 66
57 72 16
57 73 100
58 59 12
58 60 29
58 61 21
58 62 95
58 63 90
58 64 18
58 65 77
58 66 42
58 67 8
58 68 34
58 69 24
58 70 78
58 71 19
58 72 22
58 73 100
59 60 27
59 61 25
59 62 40
59 63 39
59 64 15
59 65 92
59 66 4
59 67 2
59 68 19
59 69 95
59 70 32
59 71 19
59 72 82
59 73 100
60 61 85
60 62 93
60 63 48
60 64 85
60 65 16
60 66 38
60 67 5
60 68 51
60 69 70
60 70 73
60 71 47
60 72 75
60 73 17
61 62 16
61 63 75
61 64 33
61 65 17
61 66 60
61 67 88
61 68 39
61 69 95
61 70 54
61 71 44
61 72 100
61 73 79
62 63 77
62 64 27
62 65 51
62 66 81
62 67 34
62 68 40
62 69 34
62 70 93
62 71 5
62 72 100
62 73 87
63 64 64
63 65 42
63 66 40
63 67 84
63 68 70
63 69 47
63 70 8
63 71 14
63 72 69
63 73 70
64 65 28
64 66 95
64 67 10
64 68 76
64 69 42
64 70 29
64 71 88
64 72 31
64 73 72
65 66 89
65 67 13
65 68 3
65 69 10
65 70 64
65 71 95
65 72 67
65 73 56
66 67 55
66 68 38
66 69 6
66 70 64
66 71 19
66 72 39
66 73 11
67 68 96
67 69 27
67 70 28
67 71 69
67 72 2
67 73 10
68 69 12
68 70 30
68 71 12
68 72 9
68 73 72
69 70 93
69 71 98
69 72 24
69 73 49
70 71 68
70 72 75
70 73 78
71 72 11
71 73 99
72 73 4
