80 3160 79
1 2 2
1 3 55
1 4 57
1 5 6
1 6 8
1 7 41
1 8 91
1 9 82
1 10 99
1 11 86
1 12 27
1 13 19
1 14 65
1 15 93
1 16 44
1 17 51
1 18 25
1 19 36
1 20 59
1 21 25
1 22 15
1 23 98
1 24 5
1 25 66
1 26 89
1 27 16
1 28 43
1 29 97
1 30 81
1 31 46
1 32 94
1 33 39
1 34 4
1 35 72
1 36 96
1 37 64
1 38 10
1 39 22
1 40 69
1 41 38
1 42 27
1 43 78
1 44 92
1 45 60
1 46 73
1 47 51
1 48 91
1 49 81
1 50 79
1 51 70
1 52 34
1 53 99
1 54 58
1 55 58
1 56 21
1 57 72
1 58 59
1 59 7
1 60 19
1 61 70
1 62 19
1 63 60
1 64 36
1 65 18
1 66 70
1 67 53
1 68 89
1 69 76
1 70 89
1 71 27
1 72 87
1 73 76
1 74 68
1 75 29
1 76 82
1 77 63
1 78 94
1 79 82
1 80 18
2 3 38
2 4 61
2 5 67
2 6 65
2 7 31
2 8 71
2 9 98
2 10 6
2 11 77
2 12 28
2 13 99
2 14 12
2 15 76
2 16 34
2 17 49
2 18 40
2 19 81
2 20 32
2 21 92
2 22 50
2 23 78
2 24 14
2 25 88
2 26 89
2 27 56
2 28 2
2 29 44
2 30 85
2 31 55
2 32 22
2 33 4
2 34 69
2 35 32
2 36 5
2 37 94
2 38 47
2 39 25
2 40 15
2 41 90
2 42 12
2 43 39
2 44 54
2 45 23
2 46 10
2 47 51
2 48 90
2 49 88
2 50 57
2 51 55
2 52 41
2 53 54
2 54 16
2 55 80
2 56 52
2 57 34
2 58 8
2 59 94
2 60 34
2 61 49
2 62 83
2 63 30
2 64 97
2 65 34
2 66 72
2 67 81
2 68 13
2 69 14
2 70 75
2 71 10
2 72 33
2 73 73
2 74 44
2 75 81
2 76 57
2 77 56
2 78 21
2 79 66
2 80 86
3 4 25
3 5 23
3 6 74
3 7 100
3 8 94
3 9 84
3 10 30
3 11 96
3 12 96
3 13 76
3 14 51
3 15 92
3 16 59
3 17 69
3 18 42
3 19 13
3 20 86
3 21 36
3 22 30
3 23 23
3 24 53
3 25 62
3 26 67
3 27 74
3 28 72
3 29 96
3 30 50
3 31 40
3 32 56
3 33 37
3 34 24
3 35 65
3 36 87
3 37 39
3 38 57
3 39 44
3 40 87
3 41 81
3 42 29
3 43 1
3 44 98
3 45 100
3 46 96
3 47 33
3 48 28
3 49 97
3 50 90
3 51 13
3 52 8
3 53 94
3 54 51
3 55 83
3 56 90
3 57 4
3 58 63
3 59 10
3 60 78
3 61 34
3 62 45
3 63 7
3 64 14
3 65 31
3 66 10
3 67 4
3 68 16
3 69 22
3 70 74
3 71 78
3 72 61
3 73 88
3 74 33
3 75 28
3 76 47
3 77 22
3 78 25
3 79 49
3 80 30
4 5 69
4 6 63
4 7 52
4 8 99
4 9 76
4 10 62
4 11 3
4 12 6
4 13 46
4 14 24
4 15 22
4 16 51
4 17 30
4 18 8
4 19 90
4 20 77
4 21 24
4 22 63
4 23 5
4 24 55
4 25 65
4 26 30
4 27 46
4 28 92
4 29 32
4 30 22
4 31 96
4 32 23
4 33 51
4 34 55
4 35 24
4 36 37
4 37 44
4 38 11
4 39 25
4 40 60
4 41 85
4 42 18
4 43 28
4 44 89
4 45 79
4 46 20
4 47 71
4 48 19
4 49 74
4 50 38
4 51 51
4 52 76
4 53 52
4 54 91
4 55 41
4 56 70
4 57 33
4 58 82
4 59 36
4 60 85
4 61 49
4 62 90
4 63 41
4 64 10
4 65 60
4 66 85
4 67 81
4 68 50
4 69 64
4 70 22
4 71 36
4 72 28
4 73 80
4 74 44
4 75 52
4 76 48
4 77 43
4 78 12
4 79 37
4 80 91
5 6 13
5 7 44
5 8 12
5 9 40
5 10 81
5 11 98
5 12 32
5 13 1
5 14 36
5 15 91
5 16 13
5 17 94
5 18 77
5 19 8
5 20 90
5 21 66
5 22 26
5 23 56
5 24 88
5 25 55
5 26 73
5 27 44
5 28 71
5 29 31
5 30 18
5 31 40
5 32 26
5 33 32
5 34 18
5 35 78
5 36 22
5 37 20
5 38 52
5 39 2
5 40 1
5 41 47
5 42 37
5 43 15
5 44 55
5 45 54
5 46 17
5 47 15
5 48 31
5 49 23
5 50 82
5 51 21
5 52 46
5 53 28
5 54 99
5 55 79
5 56 73
5 57 81
5 58 81
5 59 16
5 60 1
5 61 86
5 62 27
5 63 88
5 64 10
5 65 93
5 66 33
5 67 55
5 68 8
5 69 18
5 70 41
5 71 63
5 72 21
5 73 77
5 74 43
5 75 95
5 76 81
5 77 37
5 78 100
5 79 18
5 80 28
6 7 66
6 8 67
6 9 47
6 10 22
6 11 41
6 12 13
6 13 7
6 14 31
6 15 77
6 16 34
6 17 41
6 18 54
6 19 91
6 20 11
6 21 20
6 22 34
6 23 58
6 24 71
6 25 54
6 26 23
6 27 41
6 28 12
6 29 17
6 30 35
6 31 64
6 32 12
6 33 1
6 34 91
6 35 70
6 36 36
6 37 5
6 38 87
6 39 25
6 40 20
6 41 32
6 42 10
6 43 24
6 44 30
6 45 5
6 46 76
6 47 73
6 48 99
6 49 92
6 50 48
6 51 70
6 52 19
6 53 93
6 54 65
6 55 44
6 56 82
6 57 54
6 58 64
6 59 92
6 60 81
6 61 38
6 62 100
6 63 9
6 64 65
6 65 71
6 66 69
6 67 41
6 68 21
6 69 91
6 70 80
6 71 31
6 72 2
6 73 72
6 74 97
6 75 42
6 76 35
6 77 53
6 78 20
6 79 50
6 80 9
7 8 48
7 9 72
7 10 31
7 11 41
7 12 12
7 13 36
7 14 19
7 15 33
7 16 7
7 17 47
7 18 73
7 19 98
7 20 72
7 21 2
7 22 54
7 23 3
7 24 13
7 25 45
7 26 14
7 27 57
7 28 35
7 29 81
7 30 64
7 31 92
7 32 99
7 33 3
7 34 11
7 35 16
7 36 59
7 37 89
7 38 26
7 39 60
7 40 1
7 41 38
7 42 55
7 43 4
7 44 35
7 45 95
7 46 39
7 47 10
7 48 63
7 49 86
7 50 94
7 51 3
7 52 46
7 53 61
7 54 88
7 55 76
7 56 32
7 57 38
7 58 36
7 59 62
7 60 97
7 61 59
7 62 56
7 63 76
7 64 33
7 65 13
7 66 29
7 67 46
7 68 37
7 69 13
7 70 97
7 71 98
7 72 41
7 73 91
7 74 12
7 75 72
7 76 32
7 77 15
7 78 33
7 79 85
7 80 47
8 9 79
8 10 72
8 11 88
8 12 10
8 13 50
8 14 74
8 15 76
8 16 84
8 17 16
8 18 97
8 19 6
8 20 72
8 21 94
8 22 29
8 23 2
8 24 67
8 25 94
8 26 15
8 27 79
8 28 11
8 29 29
8 30 33
8 31 69
8 32 25
8 33 55
8 34 25
8 35 54
8 36 37
8 37 76
8 38 31
8 39 74
8 40 87
8 41 20
8 42 41
8 43 62
8 44 76
8 45 41
8 46 75
8 47 73
8 48 82
8 49 44
8 50 28
8 51 40
8 52 38
8 53 83
8 54 12
8 55 34
8 56 2
8 57 100
8 58 82
8 59 62
8 60 58
8 61 48
8 62 9
8 63 80
8 64 27
8 65 87
8 66 48
8 67 3
8 68 26
8 69 35
8 70 44
8 71 70
8 72 32
8 73 40
8 74 31
8 75 29
8 76 90
8 77 55
8 78 34
8 79 76
8 80 51
9 10 85
9 11 67
9 12 66
9 13 67
9 14 20
9 15 16
9 16 82
9 17 64
9 18 89
9 19 72
9 20 52
9 21 12
9 22 98
9 23 62
9 24 65
9 25 32
9 26 43
9 27 51
9 28 66
9 29 27
9 30 25
9 31 40
9 32 9
9 33 34
9 34 63
9 35 92
9 36 7
9 37 51
9 38 7
9 39 84
9 40 52
9 41 40
9 42 11
9 43 32
9 44 99
9 45 89
9 46 24
9 47 13
9 48 37
9 49 65
9 50 87
9 51 45
9 52 15
9 53 61
9 54 93
9 55 32
9 56 4
9 57 29
9 58 48
9 59 81
9 60 20
9 61 55
9 62 50
9 63 8
9 64 39
9 65 54
9 66 27
9 67 46
9 68 60
9 69 81
9 70 48
9 71 95
9 72 42
9 73 20
9 74 40
9 75 81
9 76 96
9 77 41
9 78 95
9 79 30
9 80 65
10 11 84
10 12 89
10 13 6
10 14 79
10 15 7
10 16 94
10 17 40
10 18 96
10 19 69
10 20 66
10 21 14
10 22 46
10 23 6
10 24 20
10 25 82
10 26 99
10 27 10
10 28 16
10 29 99
10 30 68
10 31 55
10 32 88
10 33 69
10 34 6
10 35 68
10 36 76
10 37 96
10 38 74
10 39 35
10 40 53
10 41 69
10 42 35
10 43 78
10 44 39
10 45 68
10 46 77
10 47 87
10 48 100
10 49 89
10 50 49
10 51 94
10 52 63
10 53 36
10 54 96
10 55 88
10 56 21
10 57 97
10 58 26
10 59 37
10 60 7
10 61 37
10 62 52
10 63 68
10 64 58
10 65 15
10 66 62
10 67 32
10 68 99
10 69 55
10 70 27
10 71 73
10 72 16
10 73 8
10 74 19
10 75 73
10 76 50
10 77 3
10 78 9
10 79 74
10 80 46
11 12 78
11 13 91
11 14 94
11 15 7
11 16 28
11 17 40
11 18 18
11 19 69
11 20 71
11 21 70
11 22 27
11 23 32
11 24 57
11 25 77
11 26 84
11 27 83
11 28 46
11 29 85
11 30 61
11 31 60
11 32 72
11 33 86
11 34 25
11 35 7
11 36 42
11 37 77
11 38 29
11 39 58
11 40 95
11 41 16
11 42 42
11 43 96
11 44 18
11 45 5
11 46 31
11 47 46
11 48 7
11 49 22
11 50 50
11 51 48
11 52 82
11 53 94
11 54 54
11 55 49
11 56 81
11 57 16
11 58 13
11 59 51
11 60 67
11 61 81
11 62 40
11 63 97
11 64 14
11 65 2
11 66 76
11 67 62
11 68 63
11 69 45
11 70 34
11 71 29
11 72 44
11 73 81
11 74 58
11 75 39
11 76 19
11 77 72
11 78 18
11 79 73
11 80 17
12 13 67
12 14 79
12 15 55
12 16 78
12 17 11
12 18 15
12 19 20
12 20 12
12 21 2
12 22 51
12 23 44
12 24 8
12 25 30
12 26 11
12 27 28
12 28 83
12 29 86
12 30 43
12 31 84
12 32 95
12 33 21
12 34 5
12 35 9
12 36 99
12 37 78
12 38 59
12 39 93
12 40 39
12 41 40
12 42 76
12 43 41
12 44 55
12 45 30
12 46 59
12 47 69
12 48 22
12 49 38
12 50 74
12 51 94
12 52 84
12 53 61
12 54 6
12 55 40
12 56 74
12 57 27
12 58 23
12 59 5
12 60 20
12 61 86
12 62 27
12 63 86
12 64 89
12 65 1
12 66 13
12 67 85
12 68 74
12 69 39
12 70 67
12 71 75
12 72 53
12 73 52
12 74 26
12 75 46
12 76 75
12 77 86
12 78 85
12 79 16
12 80 21
13 14 93
13 15 55
13 16 52
13 17 59
13 18 80
13 19 38
13 20 67
13 21 72
13 22 31
13 23 25
13 24 15
13 25 44
13 26 35
13 27 63
13 28 30
13 29 23
13 30 39
13 31 64
13 32 94
13 33 23
13 34 43
13 35 39
13 36 10
13 37 80
13 38 83
13 39 89
13 40 94
13 41 12
13 42 33
13 43 84
13 44 89
13 45 43
13 46 70
13 47 85
13 48 7
13 49 7
13 50 44
13 51 39
13 52 38
13 53 12
13 54 64
13 55 48
13 56 83
13 57 16
13 58 38
13 59 92
13 60 87
13 61 12
13 62 20
13 63 40
13 64 42
13 65 25
13 66 70
13 67 22
13 68 21
13 69 60
13 70 62
13 71 54
13 72 50
13 73 67
13 74 74
13 75 32
13 76 59
13 77 29
13 78 8
13 79 17
13 80 19
14 15 77
14 16 75
14 17 33
14 18 63
14 19 65
14 20 51
14 21 77
14 22 83
14 23 28
14 24 45
14 25 61
14 26 38
14 27 6
14 28 25
14 29 80
14 30 32
14 31 92
14 32 47
14 33 67
14 34 6
14 35 12
14 36 56
14 37 35
14 38 68
14 39 1
14 40 51
14 41 25
14 42 40
14 43 4
14 44 73
14 45 60
14 46 8
14 47 23
14 48 35
14 49 62
14 50 75
14 51 45
14 52 36
14 53 40
14 54 59
14 55 90
14 56 94
14 57 27
14 58 57
14 59 3
14 60 60
14 61 13
14 62 83
14 63 94
14 64 93
14 65 3
14 66 84
14 67 37
14 68 78
14 69 64
14 70 43
14 71 24
14 72 11
14 73 8
14 74 32
14 75 7
14 76 36
14 77 52
14 78 97
14 79 91
14 80 33
15 16 82
15 17 8
15 18 10
15 19 93
15 20 10
15 21 29
15 22 71
15 23 79
15 24 32
15 25 59
15 26 67
15 27 3
15 28 2
15 29 34
15 30 19
15 31 98
15 32 51
15 33 59
15 34 14
15 35 59
15 36 29
15 37 92
15 38 7
15 39 31
15 40 18
15 41 26
15 42 15
15 43 11
15 44 12
15 45 52
15 46 74
15 47 67
15 48 100
15 49 80
15 50 9
15 51 88
15 52 73
15 53 34
15 54 13
15 55 57
15 56 10
15 57 32
15 58 87
15 59 61
15 60 4
15 61 28
15 62 33
15 63 77
15 64 3
15 65 59
15 66 72
15 67 58
15 68 55
15 69 9
15 70 68
15 71 52
15 72 3
15 73 2
15 74 66
15 75 49
15 76 3
15 77 42
15 78 100
15 79 84
15 80 15
16 17 52
16 18 72
16 19 51
16 20 97
16 21 48
16 22 80
16 23 12
16 24 15
16 25 27
16 26 13
16 27 31
16 28 15
16 29 69
16 30 58
16 31 22
16 32 92
16 33 35
16 34 98
16 35 70
16 36 6
16 37 3
16 38 52
16 39 48
16 40 57
16 41 85
16 42 52
16 43 1
16 44 95
16 45 13
16 46 60
16 47 38
16 48 95
16 49 51
16 50 43
16 51 53
16 52 18
16 53 80
16 54 95
16 55 46
16 56 30
16 57 63
16 58 4
16 59 64
16 60 85
16 61 30
16 62 90
16 63 55
16 64 50
16 65 25
16 66 82
16 67 72
16 68 94
16 69 89
16 70 36
16 71 90
16 72 9
16 73 91
16 74 64
16 75 58
16 76 21
16 77 33
16 78 59
16 79 39
16 80 45
17 18 11
17 19 26
17 20 27
17 21 31
17 22 38
17 23 6
17 24 3
17 25 82
17 26 6
17 27 97
17 28 97
17 29 90
17 30 98
17 31 56
17 32 85
17 33 23
17 34 87
17 35 5
17 36 87
17 37 54
17 38 1
17 39 57
17 40 72
17 41 52
17 42 23
17 43 66
17 44 31
17 45 3
17 46 23
17 47 48
17 48 61
17 49 9
17 50 73
17 51 48
17 52 90
17 53 68
17 54 21
17 55 89
17 56 52
17 57 38
17 58 26
17 59 29
17 60 75
17 61 77
17 62 59
17 63 64
17 64 39
17 65 84
17 66 81
17 67 3
17 68 47
17 69 34
17 70 99
17 71 63
17 72 32
17 73 99
17 74 59
17 75 73
17 76 34
17 77 7
17 78 10
17 79 8
17 80 47
18 19 49
18 20 13
18 21 91
18 22 2
18 23 78
18 24 51
18 25 18
18 26 5
18 27 52
18 28 85
18 29 78
18 30 5
18 31 66
18 32 82
18 33 68
18 34 28
18 35 65
18 36 69
18 37 71
18 38 17
18 39 64
18 40 16
18 41 44
18 42 19
18 43 27
18 44 81
18 45 21
18 46 59
18 47 14
18 48 27
18 49 4
18 50 59
18 51 32
18 52 28
18 53 30
18 54 66
18 55 13
18 56 43
18 57 49
18 58 11
18 59 25
18 60 91
18 61 40
18 62 93
18 63 38
18 64 57
18 65 85
18 66 64
18 67 97
18 68 15
18 69 95
18 70 4
18 71 44
18 72 80
18 73 23
18 74 49
18 75 14
18 76 62
18 77 51
18 78 49
18 79 83
18 80 69
19 20 91
19 21 71
19 22 90
19 23 5
19 24 27
19 25 90
19 26 1
19 27 86
19 28 47
19 29 3
19 30 71
19 31 9
19 32 36
19 33 70
19 34 78
19 35 4
19 36 47
19 37 43
19 38 92
19 39 27
19 40 14
19 41 3
19 42 46
19 43 78
19 44 5
19 45 83
19 46 45
19 47 34
19 48 70
19 49 75
19 50 8
19 51 33
19 52 31
19 53 82
19 54 51
19 55 74
19 56 34
19 57 21
19 58 37
19 59 64
19 60 99
19 61 91
19 62 10
19 63 16
19 64 33
19 65 83
19 66 15
19 67 65
19 68 4
19 69 6
19 70 69
19 71 49
19 72 28
19 73 9
19 74 86
19 75 24
19 76 52
19 77 1
19 78 49
19 79 19
19 80 26
20 21 55
20 22 46
20 23 84
20 24 3
20 25 7
20 26 33
20 27 33
20 28 5
20 29 40
20 30 5
20 31 83
20 32 20
20 33 26
20 34 40
20 35 67
20 36 43
20 37 66
20 38 75
20 39 86
20 40 64
20 41 46
20 42 77
20 43 63
20 44 83
20 45 69
20 46 53
20 47 71
20 48 90
20 49 25
20 50 68
20 51 20
20 52 77
20 53 15
20 54 4
20 55 84
20 56 79
20 57 11
20 58 28
20 59 51
20 60 35
20 61 5
20 62 81
20 63 71
20 64 24
20 65 52
20 66 1
20 67 18
20 68 14
20 69 28
20 70 39
20 71 62
20 72 58
20 73 84
20 74 63
20 75 44
20 76 75
20 77 97
20 78 12
20 79 4
20 80 70
21 22 58
21 23 76
21 24 45
21 25 29
21 26 41
21 27 49
21 28 80
21 29 46
21 30 39
21 31 73
21 32 4
21 33 100
21 34 60
21 35 86
21 36 82
21 37 10
21 38 28
21 39 42
21 40 1
21 41 66
21 42 25
21 43 91
21 44 50
21 45 82
21 46 50
21 47 49
21 48 75
21 49 62
21 50 97
21 51 13
21 52 53
21 53 9
21 54 65
21 55 59
21 56 3
21 57 90
21 58 2
21 59 39
21 60 91
21 61 92
21 62 23
21 63 17
21 64 58
21 65 52
21 66 70
21 67 26
21 68 23
21 69 13
21 70 47
21 71 39
21 72 59
21 73 23
21 74 75
21 75 24
21 76 4
21 77 99
21 78 64
21 79 12
21 80 100
22 23 14
22 24 50
22 25 51
22 26 92
22 27 16
22 28 86
22 29 68
22 30 52
22 31 5
22 32 97
22 33 19
22 34 66
22 35 12
22 36 86
22 37 61
22 38 63
22 39 26
22 40 32
22 41 10
22 42 31
22 43 6
22 44 62
22 45 43
22 46 8
22 47 23
22 48 90
22 49 8
22 50 97
22 51 96
22 52 97
22 53 64
22 54 84
22 55 70
22 56 78
22 57 80
22 58 90
22 59 81
22 60 99
22 61 16
22 62 83
22 63 51
22 64 57
22 65 51
22 66 16
22 67 3
22 68 49
22 69 1
22 70 64
22 71 78
22 72 30
22 73 19
22 74 38
22 75 12
22 76 86
22 77 31
22 78 28
22 79 62
22 80 43
23 24 24
23 25 98
23 26 88
23 27 79
23 28 45
23 29 4
23 30 94
23 31 68
23 32 62
23 33 79
23 34 88
23 35 2
23 36 38
23 37 49
23 38 76
23 39 21
23 40 14
23 41 63
23 42 88
23 43 21
23 44 75
23 45 17
23 46 1
23 47 27
23 48 80
23 49 16
23 50 44
23 51 7
23 52 44
23 53 40
23 54 92
23 55 8
23 56 24
23 57 43
23 58 51
23 59 82
23 60 46
23 61 3
23 62 87
23 63 72
23 64 6
23 65 2
23 66 18
23 67 91
23 68 78
23 69 9
23 70 6
23 71 27
23 72 60
23 73 27
23 74 84
23 75 9
23 76 4
23 77 14
23 78 15
23 79 16
23 80 89
24 25 41
24 26 92
24 27 25
24 28 57
24 29 24
24 30 31
24 31 86
24 32 71
24 33 27
24 34 13
24 35 68
24 36 18
24 37 92
24 38 13
24 39 95
24 40 95
24 41 75
24 42 1
24 43 23
24 44 65
24 45 27
24 46 100
24 47 43
24 48 19
24 49 3
24 50 20
24 51 19
24 52 52
24 53 24
24 54 54
24 55 61
24 56 51
24 57 55
24 58 60
24 59 96
24 60 29
24 61 32
24 62 95
24 63 93
24 64 24
24 65 26
24 66 64
24 67 1
24 68 4
24 69 71
24 70 99
24 71 71
24 72 91
24 73 42
24 74 70
24 75 54
24 76 49
24 77 32
24 78 40
24 79 10
24 80 76
25 26 17
25 27 59
25 28 20
25 29 79
25 30 39
25 31 74
25 32 19
25 33 8
25 34 63
25 35 36
25 36 35
25 37 100
25 38 96
25 39 96
25 40 8
25 41 81
25 42 15
25 43 46
25 44 76
25 45 69
25 46 16
25 47 32
25 48 8
25 49 51
25 50 36
25 51 97
25 52 38
25 53 8
25 54 79
25 55 82
25 56 80
25 57 65
25 58 33
25 59 18
25 60 71
25 61 59
25 62 44
25 63 99
25 64 96
25 65 45
25 66 5
25 67 17
25 68 40
25 69 41
25 70 90
25 71 21
25 72 86
25 73 98
25 74 34
25 75 91
25 76 45
25 77 26
25 78 28
25 79 14
25 80 17
26 27 12
26 28 40
26 29 5
26 30 85
26 31 49
26 32 21
26 33 41
26 34 52
26 35 53
26 36 23
26 37 37
26 38 44
26 39 80
26 40 29
26 41 72
26 42 51
26 43 56
26 44 12
26 45 74
26 46 7
26 47 96
26 48 34
26 49 99
26 50 72
26 51 68
26 52 90
26 53 17
26 54 19
26 55 88
26 56 52
26 57 74
26 58 58
26 59 81
26 60 90
26 61 93
26 62 40
26 63 12
26 64 8
26 65 99
26 66 20
26 67 78
26 68 54
26 69 80
26 70 9
26 71 65
26 72 29
26 73 84
26 74 24
26 75 91
26 76 16
26 77 37
26 78 65
26 79 88
26 80 35
27 28 38
27 29 92
27 30 11
27 31 19
27 32 61
27 33 90
27 34 86
27 35 29
27 36 22
27 37 38
27 38 8
27 39 84
27 40 82
27 41 88
27 42 100
27 43 18
27 44 35
27 45 51
27 46 27
27 47 16
27 48 18
27 49 35
27 50 61
27 51 19
27 52 53
27 53 75
27 54 78
27 55 29
27 56 95
27 57 25
27 58 42
27 59 3
27 60 14
27 61 38
27 62 57
27 63 72
27 64 23
27 65 8
27 66 24
27 67 33
27 68 94
27 69 96
27 70 77
27 71 51
27 72 26
27 73 22
27 74 11
27 75 84
27 76 62
27 77 57
27 78 33
27 79 61
27 80 63
28 29 48
28 30 93
28 31 14
28 32 81
28 33 96
28 34 72
28 35 88
28 36 8
28 37 95
28 38 72
28 39 79
28 40 78
28 41 50
28 42 34
28 43 100
28 44 49
28 45 65
28 46 7
28 47 75
28 48 31
28 49 85
28 50 50
28 51 36
28 52 66
28 53 29
28 54 6
28 55 79
28 56 25
28 57 44
28 58 31
28 59 16
28 60 43
28 61 90
28 62 82
28 63 6
28 64 24
28 65 87
28 66 76
28 67 100
28 68 23
28 69 60
28 70 36
28 71 89
28 72 46
28 73 22
28 74 42
28 75 98
28 76 48
28 77 63
28 78 74
28 79 100
28 80 86
29 30 48
29 31 27
29 32 6
29 33 8
29 34 25
29 35 64
29 36 50
29 37 60
29 38 45
29 39 59
29 40 14
29 41 48
29 42 62
29 43 44
29 44 87
29 45 68
29 46 89
29 47 16
29 48 93
29 49 21
29 50 50
29 51 41
29 52 66
29 53 68
29 54 52
29 55 12
29 56 54
29 57 30
29 58 3
29 59 88
29 60 89
29 61 37
29 62 51
29 63 13
29 64 63
29 65 97
29 66 30
29 67 38
29 68 39
29 69 85
29 70 54
29 71 40
29 72 54
29 73 24
29 74 85
29 75 85
29 76 76
29 77 53
29 78 94
29 79 76
29 80 100
30 31 79
30 32 17
30 33 29
30 34 68
30 35 17
30 36 55
30 37 18
30 38 74
30 39 30
30 40 41
30 41 44
30 42 61
30 43 37
30 44 27
30 45 70
30 46 2
30 47 56
30 48 8
30 49 92
30 50 84
30 51 50
30 52 87
30 53 49
30 54 20
30 55 84
30 56 13
30 57 76
30 58 41
30 59 60
30 60 51
30 61 11
30 62 41
30 63 40
30 64 76
30 65 77
30 66 43
30 67 79
30 68 92
30 69 100
30 70 83
30 71 59
30 72 42
30 73 35
30 74 43
30 75 99
30 76 34
30 77 32
30 78 13
30 79 21
30 80 77
31 32 59
31 33 90
31 34 25
31 35 67
31 36 36
31 37 3
31 38 83
31 39 52
31 40 93
31 41 84
31 42 65
31 43 12
31 44 44
31 45 49
31 46 88
31 47 92
31 48 69
31 49 12
31 50 12
31 51 95
31 52 27
31 53 9
31 54 81
31 55 38
31 56 55
31 57 91
31 58 62
31 59 95
31 60 64
31 61 44
31 62 49
31 63 45
31 64 48
31 65 50
31 66 22
31 67 63
31 68 51
31 69 94
31 70 81
31 71 18
31 72 15
31 73 40
31 74 74
31 75 18
31 76 36
31 77 4
31 78 98
31 79 36
31 80 37
32 33 64
32 34 61
32 35 58
32 36 82
32 37 36
32 38 90
32 39 47
32 40 43
32 41 23
32 42 52
32 43 49
32 44 24
32 45 28
32 46 37
32 47 71
32 48 4
32 49 55
32 50 6
32 51 100
32 52 16
32 53 62
32 54 81
32 55 46
32 56 2
32 57 32
32 58 48
32 59 54
32 60 57
32 61 73
32 62 32
32 63 19
32 64 96
32 65 58
32 66 10
32 67 11
32 68 98
32 69 3
32 70 2
32 71 83
32 72 41
32 73 23
32 74 98
32 75 40
32 76 12
32 77 69
32 78 18
32 79 2
32 80 80
33 34 98
33 35 56
33 36 89
33 37 25
33 38 24
33 39 69
33 40 97
33 41 84
33 42 32
33 43 16
33 44 64
33 45 53
33 46 8
33 47 90
33 48 92
33 49 94
33 50 97
33 51 59
33 52 8
33 53 97
33 54 8
33 55 61
33 56 81
33 57 50
33 58 13
33 59 17
33 60 52
33 61 58
33 62 15
33 63 25
33 64 49
33 65 19
33 66 32
33 67 70
33 68 21
33 69 61
33 70 100
33 71 73
33 72 13
33 73 39
33 74 44
33 75 85
33 76 4
33 77 51
33 78 85
33 79 89
33 80 13
34 35 60
34 36 99
34 37 87
34 38 6
34 39 48
34 40 35
34 41 63
34 42 47
34 43 45
34 44 56
34 45 95
34 46 19
34 47 48
34 48 42
34 49 41
34 50 27
34 51 87
34 52 89
34 53 31
34 54 66
34 55 40
34 56 12
34 57 67
34 58 53
34 59 46
34 60 32
34 61 32
34 62 100
34 63 15
34 64 92
34 65 21
34 66 64
34 67 69
34 68 57
34 69 25
34 70 66
34 71 88
34 72 28
34 73 9
34 74 96
34 75 82
34 76 61
34 77 22
34 78 21
34 79 21
34 80 4
35 36 60
35 37 95
35 38 84
35 39 26
35 40 63
35 41 38
35 42 97
35 43 89
35 44 46
35 45 33
35 46 48
35 47 10
35 48 56
35 49 77
35 50 97
35 51 54
35 52 2
35 53 90
35 54 93
35 55 87
35 56 93
35 57 84
35 58 74
35 59 45
35 60 75
35 61 33
35 62 53
35 63 39
35 64 16
35 65 44
35 66 43
35 67 30
35 68 85
35 69 57
35 70 26
35 71 5
35 72 24
35 73 30
35 74 23
35 75 87
35 76 34
35 77 86
35 78 20
35 79 36
35 80 22
36 37 72
36 38 77
36 39 57
36 40 30
36 41 43
36 42 38
36 43 71
36 44 34
36 45 96
36 46 77
36 47 42
36 48 61
36 49 50
36 50 19
36 51 91
36 52 77
36 53 61
36 54 76
36 55 19
36 56 79
36 57 53
36 58 95
36 59 47
36 60 25
36 61 93
36 62 15
36 63 44
36 64 11
36 65 28
36 66 92
36 67 23
36 68 62
36 69 99
36 70 25
36 71 88
36 72 54
36 73 57
36 74 95
36 75 57
36 76 5
36 77 32
36 78 17
36 79 13
36 80 88
37 38 24
37 39 68
37 40 84
37 41 74
37 42 16
37 43 45
37 44 99
37 45 92
37 46 87
37 47 47
37 48 49
37 49 55
37 50 3
37 51 7
37 52 74
37 53 84
37 54 61
37 55 55
37 56 96
37 57 20
37 58 22
37 59 40
37 60 31
37 61 89
37 62 21
37 63 63
37 64 71
37 65 19
37 66 79
37 67 31
37 68 13
37 69 1
37 70 57
37 71 69
37 72 94
37 73 54
37 74 42
37 75 57
37 76 49
37 77 2
37 78 88
37 79 73
37 80 82
38 39 48
38 40 60
38 41 92
38 42 96
38 43 12
38 44 60
38 45 72
38 46 21
38 47 81
38 48 63
38 49 80
38 50 22
38 51 52
38 52 31
38 53 43
38 54 27
38 55 55
38 56 31
38 57 7
38 58 20
38 59 97
38 60 2
38 61 17
38 62 78
38 63 25
38 64 93
38 65 42
38 66 85
38 67 17
38 68 40
38 69 28
38 70 54
38 71 47
38 72 90
38 73 51
38 74 51
38 75 6
38 76 17
38 77 35
38 78 23
38 79 70
38 80 36
39 40 72
39 41 84
39 42 64
39 43 5
39 44 82
39 45 19
39 46 78
39 47 24
39 48 99
39 49 85
39 50 1
39 51 65
39 52 77
39 53 42
39 54 83
39 55 31
39 56 85
39 57 17
39 58 33
39 59 25
39 60 86
39 61 26
39 62 95
39 63 62
39 64 68
39 65 36
39 66 33
39 67 51
39 68 80
39 69 39
39 70 21
39 71 50
39 72 78
39 73 49
39 74 30
39 75 55
39 76 66
39 77 95
39 78 47
39 79 94
39 80 62
40 41 79
40 42 59
40 43 81
40 44 74
40 45 64
40 46 100
40 47 11
40 48 8
40 49 51
40 50 22
40 51 31
40 52 57
40 53 15
40 54 76
40 55 27
40 56 85
40 57 38
40 58 58
40 59 19
40 60 32
40 61 34
40 62 39
40 63 15
40 64 15
40 65 52
40 66 84
40 67 85
40 68 93
40 69 36
40 70 92
40 71 43
40 72 9
40 73 88
40 74 65
40 75 12
40 76 69
40 77 54
40 78 83
40 79 51
40 80 98
41 42 90
41 43 61
41 44 69
41 45 76
41 46 67
41 47 16
41 48 65
41 49 22
41 50 78
41 51 76
41 52 34
41 53 52
41 54 90
41 55 30
41 56 32
41 57 63
41 58 48
41 59 50
41 60 78
41 61 100
41 62 31
41 63 37
41 64 42
41 65 58
41 66 2
41 67 12
41 68 19
41 69 63
41 70 49
41 71 66
41 72 80
41 73 49
41 74 69
41 75 71
41 76 23
41 77 68
41 78 36
41 79 51
41 80 94
42 43 11
42 44 65
42 45 58
42 46 8
42 47 43
42 48 62
42 49 83
42 50 65
42 51 81
42 52 78
42 53 21
42 54 9
42 55 24
42 56 39
42 57 71
42 58 47
42 59 88
42 60 2
42 61 92
42 62 54
42 63 55
42 64 29
42 65 25
42 66 44
42 67 1
42 68 81
42 69 77
42 70 40
42 71 96
42 72 77
42 73 26
42 74 44
42 75 66
42 76 100
42 77 5
42 78 31
42 79 73
42 80 69
43 44 96
43 45 96
43 46 91
43 47 5
43 48 23
43 49 34
43 50 51
43 51 53
43 52 84
43 53 58
43 54 40
43 55 38
43 56 65
43 57 12
43 58 24
43 59 28
43 60 89
43 61 73
43 62 16
43 63 39
43 64 66
43 65 99
43 66 30
43 67 60
43 68 72
43 69 60
43 70 98
43 71 43
43 72 84
43 73 10
43 74 31
43 75 65
43 76 29
43 77 32
43 78 20
43 79 77
43 80 53
44 45 46
44 46 76
44 47 49
44 48 89
44 49 64
44 50 78
44 51 20
44 52 1
44 53 75
44 54 41
44 55 6
44 56 26
44 57 33
44 58 94
44 59 74
44 60 72
44 61 56
44 62 73
44 63 44
44 64 96
44 65 47
44 66 60
44 67 44
44 68 74
44 69 25
44 70 89
44 71 13
44 72 40
44 73 89
44 74 59
44 75 4
44 76 99
44 77 10
44 78 56
44 79 25
44 80 8
45 46 31
45 47 17
45 48 16
45 49 48
45 50 62
45 51 38
45 52 32
45 53 76
45 54 71
45 55 58
45 56 8
45 57 99
45 58 3
45 59 52
45 60 39
45 61 45
45 62 79
45 63 38
45 64 39
45 65 6
45 66 75
45 67 71
45 68 77
45 69 98
45 70 37
45 71 25
45 72 16
45 73 40
45 74 18
45 75 28
45 76 11
45 77 23
45 78 43
45 79 10
45 80 81
46 47 19
46 48 82
46 49 8
46 50 84
46 51 15
46 52 69
46 53 100
46 54 72
46 55 94
46 56 91
46 57 44
46 58 54
46 59 95
46 60 6
46 61 10
46 62 76
46 63 57
46 64 81
46 65 12
46 66 82
46 67 21
46 68 77
46 69 8
46 70 13
46 71 79
46 72 81
46 73 85
46 74 62
46 75 11
46 76 19
46 77 79
46 78 43
46 79 40
46 80 88
47 48 33
47 49 45
47 50 45
47 51 69
47 52 34
47 53 62
47 54 48
47 55 61
47 56 46
47 57 35
47 58 5
47 59 35
47 60 50
47 61 20
47 62 57
47 63 75
47 64 64
47 65 28
47 66 59
47 67 46
47 68 45
47 69 13
47 70 74
47 71 42
47 72 13
47 73 37
47 74 1
47 75 83
47 76 97
47 77 2
47 78 49
47 79 70
47 80 73
48 49 83
48 50 91
48 51 39
48 52 21
48 53 43
48 54 5
48 55 47
48 56 46
48 57 4
48 58 52
48 59 47
48 60 57
48 61 85
48 62 81
48 63 96
48 64 25
48 65 52
48 66 67
48 67 48
48 68 66
48 69 56
48 70 7
48 71 39
48 72 84
48 73 71
48 74 19
48 75 27
48 76 17
48 77 64
48 78 52
48 79 37
48 80 39
49 50 60
49 51 32
49 52 30
49 53 42
49 54 85
49 55 96
49 56 58
49 57 36
49 58 89
49 59 58
49 60 76
49 61 93
49 62 24
49 63 100
49 64 5
49 65 78
49 66 70
49 67 26
49 68 26
49 69 9
49 70 82
49 71 64
49 72 78
49 73 38
49 74 45
49 75 31
49 76 27
49 77 61
49 78 84
49 79 82
49 80 70
50 51 3
50 52 31
50 53 95
50 54 37
50 55 25
50 56 77
50 57 76
50 58 41
50 59 42
50 60 68
50 61 90
50 62 75
50 63 57
50 64 69
50 65 99
50 66 79
50 67 11
50 68 56
50 69 9
50 70 55
50 71 61
50 72 9
50 73 74
50 74 22
50 75 62
50 76 70
50 77 12
50 78 32
50 79 41
50 80 84
51 52 6
51 53 89
51 54 52
51 55 80
51 56 58
51 57 33
51 58 83
51 59 59
51 60 34
51 61 21
51 62 8
51 63 48
51 64 40
51 65 84
51 66 43
51 67 50
51 68 65
51 69 83
51 70 86
51 71 47
51 72 27
51 73 94
51 74 98
51 75 72
51 76 99
51 77 28
51 78 98
51 79 98
51 80 2
52 53 91
52 54 39
52 55 100
52 56 48
52 57 90
52 58 88
52 59 44
52 60 10
52 61 79
52 62 23
52 63 44
52 64 88
52 65 38
52 66 91
52 67 47
52 68 19
52 69 91
52 70 16
52 71 65
52 72 67
52 73 48
52 74 21
52 75 56
52 76 77
52 77 34
52 78 37
52 79 79
52 80 85
53 54 9
53 55 61
53 56 27
53 57 1
53 58 12
53 59 27
53 60 93
53 61 70
53 62 93
53 63 32
53 64 22
53 65 86
53 66 62
53 67 71
53 68 33
53 69 39
53 70 69
53 71 10
53 72 52
53 73 99
53 74 76
53 75 64
53 76 37
53 77 90
53 78 59
53 79 1
53 80 3
54 55 55
54 56 62
54 57 5
54 58 12
54 59 12
54 60 87
54 61 53
54 62 23
54 63 50
54 64 37
54 65 17
54 66 67
54 67 53
54 68 11
54 69 30
54 70 28
54 71 9
54 72 76
54 73 79
54 74 47
54 75 76
54 76 39
54 77 67
54 78 95
54 79 3
54 80 74
55 56 37
55 57 23
55 58 14
55 59 85
55 60 15
55 61 71
55 62 70
55 63 1
55 64 41
55 65 67
55 66 93
55 67 28
55 68 93
55 69 84
55 70 75
55 71 68
55 72 57
55 73 28
55 74 48
55 75 40
55 76 19
55 77 77
55 78 18
55 79 14
55 80 40
56 57 59
56 58 31
56 59 83
56 60 96
56 61 16
56 62 28
56 63 65
56 64 86
56 65 22
56 66 64
56 67 14
56 68 17
56 69 1
56 70 96
56 71 53
56 72 59
56 73 4
56 74 27
56 75 4
56 76 30
56 77 79
56 78 5
56 79 62
56 80 10
57 58 71
57 59 50
57 60 69
57 61 62
57 62 58
57 63 48
57 64 29
57 65 93
57 66 88
57 67 7
57 68 50
57 69 81
57 70 49
57 71 12
57 72 22
57 73 81
57 74 58
57 75 8
57 76 50
57 77 59
57 78 16
57 79 3
57 80 90
58 59 26
58 60 79
58 61 31
58 62 16
58 63 98
58 64 62
58 65 81
58 66 96
58 67 30
58 68 46
58 69 11
58 70 20
58 71 53
58 72 32
58 73 51
58 74 94
58 75 67
58 76 8
58 77 74
58 78 17
58 79 15
58 80 46
59 60 9
59 61 65
59 62 83
59 63 54
59 64 53
59 65 21
59 66 3
59 67 81
59 68 65
59 69 57
59 70 15
59 71 8
59 72 33
59 73 55
59 74 74
59 75 8
59 76 7
59 77 45
59 78 56
59 79 100
59 80 19
60 61 24
60 62 8
60 63 90
60 64 12
60 65 52
60 66 16
60 67 31
60 68 51
60 69 95
60 70 19
60 71 86
60 72 92
60 73 41
60 74 8
60 75 41
60 76 47
60 77 72
60 78 90
60 79 22
60 80 28
61 62 62
61 63 22
61 64 16
61 65 77
61 66 38
61 67 28
61 68 92
61 69 55
61 70 27
61 71 14
61 72 65
61 73 50
61 74 28
61 75 56
61 76 82
61 77 55
61 78 17
61 79 23
61 80 45
62 63 73
62 64 14
62 65 66
62 66 49
62 67 74
62 68 18
62 69 47
62 70 34
62 71 28
62 72 38
62 73 89
62 74 34
62 75 84
62 76 9
62 77 77
62 78 44
62 79 84
62 80 65
63 64 93
63 65 98
63 66 47
63 67 27
63 68 70
63 69 25
63 70 91
63 71 93
63 72 77
63 73 31
63 74 100
63 75 27
63 76 91
63 77 26
63 78 69
63 79 19
63 80 21
64 65 42
64 66 71
64 67 63
64 68 67
64 69 94
64 70 69
64 71 92
64 72 48
64 73 29
64 74 90
64 75 49
64 76 35
64 77 1
64 78 56
64 79 91
64 80 44
65 66 98
65 67 7
65 68 60
65 69 58
65 70 84
65 71 63
65 72 48
65 73 49
65 74 98
65 75 47
65 76 64
65 77 87
65 78 87
65 79 85
65 80 16
66 67 76
66 68 62
66 69 35
66 70 34
66 71 43
66 72 35
66 73 93
66 74 44
66 75 2
66 76 23
66 77 40
66 78 62
66 79 87
66 80 86
67 68 75
67 69 81
67 70 97
67 71 96
67 72 50
67 73 60
67 74 50
67 75 87
67 76 16
67 77 10
67 78 59
67 79 44
67 80 23
68 69 82
68 70 6
68 71 72
68 72 97
68 73 40
68 74 16
68 75 41
68 76 9
68 77 63
68 78 96
68 79 66
68 80 96
69 70 19
69 71 55
69 72 20
69 73 82
69 74 50
69 75 47
69 76 36
69 77 26
69 78 44
69 79 53
69 80 63
70 71 33
70 72 3
70 73 42
70 74 56
70 75 89
70 76 49
70 77 28
70 78 13
70 79 68
70 80 18
71 72 18
71 73 97
71 74 39
71 75 86
71 76 71
71 77 88
71 78 91
71 79 76
71 80 1
72 73 93
72 74 55
72 75 18
72 76 1
72 77 34
72 78 67
72 79 27
72 80 67
73 74 75
73 75 79
73 76 58
73 77 93
73 78 44
73 79 41
73 80 87
74 75 9
74 76 49
74 77 66
74 78 37
74 79 55
74 80 4
75 76 42
75 77 64
75 78 51
75 79 86
75 80 32
76 77 83
76 78 97
76 79 72
76 80 55
77 78 26
77 79 86
77 80 29
78 79 91
78 80 52
79 80 37
