74 2701 73
1 2 87
1 3 60
1 4 61
1 5 2
1 6 97
1 7 16
1 8 39
1 9 88
1 10 25
1 11 11
1 12 2
1 13 81
1 14 40
1 15 50
1 16 96
1 17 93
1 18 24
1 19 56
1 20 76
1 21 28
1 22 86
1 23 37
1 24 15
1 25 30
1 26 2
1 27 79
1 28 55
1 29 34
1 30 70
1 31 9
1 32 73
1 33 41
1 34 24
1 35 10
1 36 29
1 37 25
1 38 11
1 39 7
1 40 1
1 41 76
1 42 45
1 43 98
1 44 46
1 45 65
1 46 73
1 47 66
1 48 34
1 49 37
1 50 49
1 51 49
1 52 15
1 53 52
1 54 3
1 55 60
1 56 23
1 57 99
1 58 21
1 59 63
1 60 8
1 61 10
1 62 30
1 63 69
1 64 98
1 65 97
1 66 83
1 67 14
1 68 68
1 69 57
1 70 24
1 71 19
1 72 47
1 73 70
1 74 38
2 3 1
2 4 79
2 5 17
2 6 46
2 7 78
2 8 35
2 9 61
2 10 14
2 11 72
2 12 87
2 13 100
2 14 47
2 15 6
2 16 40
2 17 19
2 18 80
2 19 71
2 20 62
2 21 86
2 22 32
2 23 48
2 24 21
2 25 16
2 26 87
2 27 69
2 28 68
2 29 12
2 30 99
2 31 8
2 32 69
2 33 88
2 34 21
2 35 12
2 36 92
2 37 34
2 38 50
2 39 90
2 40 5
2 41 23
2 42 51
2 43 97
2 44 42
2 45 39
2 46 12
2 47 47
2 48 38
2 49 74
2 50 1
2 51 58
2 52 80
2 53 56
2 54 38
2 55 58
2 56 72
2 57 82
2 58 73
2 59 52
2 60 2
2 61 94
2 62 76
2 63 47
2 64 71
2 65 47
2 66 17
2 67 42
2 68 79
2 69 30
2 70 60
2 71 97
2 72 1
2 73 28
2 74 55
3 4 94
3 5 85
3 6 51
3 7 17
3 8 28
3 9 9
3 10 30
3 11 54
3 12 68
3 13 44
3 14 13
3 15 32
3 16 49
3 17 18
3 18 53
3 19 13
3 20 74
3 21 19
3 22 58
3 23 74
3 24 44
3 25 36
3 26 82
3 27 6
3 28 45
3 29 39
3 30 11
3 31 47
3 32 29
3 33 56
3 34 29
3 35 18
3 36 94
3 37 97
3 38 99
3 39 43
3 40 63
3 41 97
3 42 75
3 43 11
3 44 27
3 45 82
3 46 30
3 47 79
3 48 83
3 49 24
3 50 79
3 51 100
3 52 34
3 53 76
3 54 9
3 55 6
3 56 59
3 57 8
3 58 25
3 59 82
3 60 21
3 61 24
3 62 2
3 63 87
3 64 95
3 65 80
3 66 89
3 67 78
3 68 86
3 69 48
3 70 81
3 71 36
3 72 62
3 73 37
3 74 65
4 5 49
4 6 78
4 7 12
4 8 33
4 9 50
4 10 95
4 11 44
4 12 13
4 13 3
4 14 81
4 15 19
4 16 13
4 17 66
4 18 100
4 19 10
4 20 31
4 21 72
4 22 11
4 23 29
4 24 44
4 25 100
4 26 43
4 27 72
4 28 72
4 29 88
4 30 23
4 31 70
4 32 28
4 33 72
4 34 55
4 35 44
4 36 30
4 37 94
4 38 14
4 39 8
4 40 90
4 41 79
4 42 13
4 43 1
4 44 95
4 45 80
4 46 76
4 47 12
4 48 14
4 49 79
4 50 90
4 51 15
4 52 88
4 53 48
4 54 16
4 55 36
4 56 51
4 57 63
4 58 42
4 59 50
4 60 37
4 61 95
4 62 21
4 63 78
4 64 99
4 65 87
4 66 71
4 67 74
4 68 42
4 69 94
4 70 47
4 71 1
4 72 97
4 73 61
4 74 85
5 6 70
5 7 70
5 8 56
5 9 37
5 10 99
5 11 36
5 12 100
5 13 4
5 14 47
5 15 67
5 16 92
5 17 72
5 18 99
5 19 49
5 20 53
5 21 72
5 22 78
5 23 60
5 24 6
5 25 100
5 26 26
5 27 70
5 28 18
5 29 88
5 30 22
5 31 84
5 32 5
5 33 64
5 34 49
5 35 67
5 36 91
5 37 79
5 38 49
5 39 67
5 40 60
5 41 60
5 42 94
5 43 24
5 44 48
5 45 13
5 46 97
5 47 52
5 48 91
5 49 63
5 50 33
5 51 84
5 52 86
5 53 63
5 54 60
5 55 44
5 56 60
5 57 15
5 58 2
5 59 23
5 60 43
5 61 18
5 62 23
5 63 61
5 64 55
5 65 88
5 66 88
5 67 83
5 68 52
5 69 81
5 70 55
5 71 67
5 72 42
5 73 88
5 74 57
6 7 96
6 8 41
6 9 4
6 10 50
6 11 68
6 12 81
6 13 46
6 14 23
6 15 86
6 16 100
6 17 51
6 18 58
6 19 1
6 20 98
6 21 19
6 22 98
6 23 19
6 24 57
6 25 13
6 26 99
6 27 99
6 28 72
6 29 76
6 30 18
6 31 18
6 32 18
6 33 33
6 34 55
6 35 96
6 36 73
6 37 30
6 38 30
6 39 24
6 40 99
6 41 30
6 42 14
6 43 6
6 44 41
6 45 30
6 46 60
6 47 82
6 48 62
6 49 50
6 50 28
6 51 69
6 52 47
6 53 80
6 54 5
6 55 4
6 56 58
6 57 61
6 58 9
6 59 41
6 60 38
6 61 40
6 62 77
6 63 25
6 64 67
6 65 36
6 66 38
6 67 49
6 68 10
6 69 48
6 70 69
6 71 93
6 72 28
6 73 57
6 74 73
7 8 22
7 9 64
7 10 56
7 11 42
7 12 20
7 13 69
7 14 82
7 15 98
7 16 25
7 17 72
7 18 12
7 19 72
7 20 45
7 21 81
7 22 2
7 23 76
7 24 26
7 25 99
7 26 81
7 27 7
7 28 68
7 29 59
7 30 96
7 31 84
7 32 79
7 33 25
7 34 9
7 35 81
7 36 70
7 37 96
7 38 9
7 39 43
7 40 24
7 41 56
7 42 78
7 43 99
7 44 69
7 45 96
7 46 58
7 47 49
7 48 19
7 49 84
7 50 60
7 51 1
7 52 21
7 53 20
7 54 6
7 55 29
7 56 7
7 57 69
7 58 11
7 59 98
7 60 28
7 61 31
7 62 46
7 63 68
7 64 73
7 65 43
7 66 70
7 67 57
7 68 48
7 69 100
7 70 15
7 71 98
7 72 75
7 73 28
7 74 77
8 9 46
8 10 9
8 11 59
8 12 48
8 13 60
8 14 94
8 15 98
8 16 81
8 17 54
8 18 30
8 19 88
8 20 69
8 21 71
8 22 69
8 23 41
8 24 60
8 25 3
8 26 42
8 27 95
8 28 12
8 29 63
8 30 31
8 31 61
8 32 48
8 33 55
8 34 77
8 35 63
8 36 61
8 37 23
8 38 19
8 39 93
8 40 7
8 41 1
8 42 69
8 43 83
8 44 26
8 45 18
8 46 76
8 47 45
8 48 53
8 49 98
8 50 95
8 51 17
8 52 66
8 53 46
8 54 53
8 55 11
8 56 63
8 57 59
8 58 22
8 59 68
8 60 12
8 61 54
8 62 37
8 63 10
8 64 46
8 65 88
8 66 84
8 67 87
8 68 90
8 69 86
8 70 4
8 71 96
8 72 34
8 73 26
8 74 93
9 10 32
9 11 65
9 12 25
9 13 12
9 14 22
9 15 23
9 16 52
9 17 19
9 18 9
9 19 86
9 20 91
9 21 19
9 22 4
9 23 31
9 24 46
9 25 56
9 26 50
9 27 55
9 28 29
9 29 82
9 30 33
9 31 2
9 32 89
9 33 96
9 34 25
9 35 96
9 36 10
9 37 98
9 38 26
9 39 64
9 40 6
9 41 78
9 42 81
9 43 76
9 44 66
9 45 67
9 46 7
9 47 99
9 48 11
9 49 74
9 50 96
9 51 15
9 52 95
9 53 7
9 54 67
9 55 27
9 56 74
9 57 16
9 58 50
9 59 36
9 60 58
9 61 41
9 62 30
9 63 64
9 64 41
9 65 94
9 66 70
9 67 37
9 68 40
9 69 17
9 70 39
9 71 2
9 72 54
9 73 62
9 74 61
10 11 27
10 12 77
10 13 54
10 14 91
10 15 7
10 16 84
10 17 16
10 18 26
10 19 16
10 20 74
10 21 4
10 22 23
10 23 27
10 24 75
10 25 65
10 26 29
10 27 29
10 28 66
10 29 2
10 30 34
10 31 1
10 32 79
10 33 45
10 34 58
10 35 91
10 36 60
10 37 88
10 38 8
10 39 18
10 40 68
10 41 34
10 42 100
10 43 28
10 44 39
10 45 27
10 46 28
10 47 63
10 48 79
10 49 59
10 50 88
10 51 68
10 52 83
10 53 4
10 54 1
10 55 41
10 56 87
10 57 48
10 58 63
10 59 41
10 60 84
10 61 67
10 62 63
10 63 100
10 64 36
10 65 36
10 66 44
10 67 97
10 68 25
10 69 86
10 70 76
10 71 45
10 72 38
10 73 83
10 74 71
11 12 96
11 13 68
11 14 74
11 15 100
11 16 7
11 17 75
11 18 44
11 19 86
11 20 43
11 21 49
11 22 50
11 23 35
11 24 68
11 25 24
11 26 78
11 27 49
11 28 38
11 29 70
11 30 43
11 31 34
11 32 62
11 33 7
11 34 24
11 35 62
11 36 37
11 37 24
11 38 16
11 39 1
11 40 50
11 41 95
11 42 53
11 43 35
11 44 76
11 45 29
11 46 83
11 47 52
11 48 4
11 49 43
11 50 62
11 51 16
11 52 60
11 53 19
11 54 61
11 55 8
11 56 2
11 57 47
11 58 37
11 59 15
11 60 70
11 61 19
11 62 72
11 63 6
11 64 80
11 65 41
11 66 86
11 67 5
11 68 98
11 69 26
11 70 20
11 71 83
11 72 85
11 73 88
11 74 97
12 13 38
12 14 58
12 15 72
12 16 30
12 17 1
12 18 58
12 19 22
12 20 26
12 21 72
12 22 37
12 23 7
12 24 93
12 25 84
12 26 9
12 27 4
12 28 41
12 29 12
12 30 68
12 31 87
12 32 85
12 33 50
12 34 14
12 35 97
12 36 64
12 37 7
12 38 31
12 39 64
12 40 1
12 41 6
12 42 60
12 43 14
12 44 32
12 45 100
12 46 38
12 47 88
12 48 28
12 49 39
12 50 37
12 51 76
12 52 53
12 53 42
12 54 95
12 55 86
12 56 8
12 57 92
12 58 62
12 59 78
12 60 56
12 61 79
12 62 96
12 63 68
12 64 3
12 65 69
12 66 49
12 67 55
12 68 40
12 69 37
12 70 17
12 71 48
12 72 94
12 73 55
12 74 87
13 14 20
13 15 61
13 16 98
13 17 16
13 18 77
13 19 18
13 20 86
13 21 39
13 22 28
13 23 88
13 24 38
13 25 98
13 26 5
13 27 21
13 28 47
13 29 54
13 30 40
13 31 76
13 32 83
13 33 66
13 34 58
13 35 96
13 36 91
13 37 93
13 38 22
13 39 46
13 40 62
13 41 83
13 42 56
13 43 53
13 44 52
13 45 42
13 46 97
13 47 85
13 48 94
13 49 55
13 50 85
13 51 66
13 52 53
13 53 50
13 54 78
13 55 14
13 56 94
13 57 24
13 58 89
13 59 69
13 60 6
13 61 6
13 62 6
13 63 89
13 64 12
13 65 29
13 66 76
13 67 6
13 68 92
13 69 2
13 70 40
13 71 28
13 72 3
13 73 2
13 74 52
14 15 91
14 16 20
14 17 84
14 18 49
14 19 68
14 20 55
14 21 25
14 22 71
14 23 55
14 24 72
14 25 66
14 26 80
14 27 48
14 28 37
14 29 32
14 30 84
14 31 50
14 32 10
14 33 88
14 34 68
14 35 40
14 36 8
14 37 19
14 38 44
14 39 39
14 40 49
14 41 73
14 42 31
14 43 65
14 44 45
14 45 61
14 46 62
14 47 17
14 48 13
14 49 48
14 50 69
14 51 13
14 52 34
14 53 95
14 54 57
14 55 51
14 56 89
14 57 74
14 58 17
14 59 99
14 60 24
14 61 33
14 62 65
14 63 17
14 64 55
14 65 57
14 66 81
14 67 78
14 68 4
14 69 23
14 70 80
14 71 27
14 72 83
14 73 25
14 74 16
15 16 3
15 17 12
15 18 63
15 19 5
15 20 76
15 21 68
15 22 5
15 23 88
15 24 33
15 25 58
15 26 12
15 27 14
15 28 21
15 29 89
15 30 53
15 31 11
15 32 57
15 33 34
15 34 27
15 35 9
15 36 19
15 37 32
15 38 31
15 39 37
15 40 7
15 41 73
15 42 42
15 43 87
15 44 18
15 45 48
15 46 51
15 47 79
15 48 69
15 49 19
15 50 90
15 51 58
15 52 46
15 53 43
15 54 18
15 55 83
15 56 34
15 57 16
15 58 93
15 59 65
15 60 47
15 61 51
15 62 62
15 63 44
15 64 27
15 65 17
15 66 6
15 67 34
15 68 37
15 69 44
15 70 94
15 71 5
15 72 45
15 73 68
15 74 90
16 17 82
16 18 56
16 19 15
16 20 3
16 21 51
16 22 80
16 23 14
16 24 93
16 25 45
16 26 35
16 27 28
16 28 36
16 29 32
16 30 56
16 31 38
16 32 7
16 33 8
16 34 15
16 35 45
16 36 36
16 37 19
16 38 12
16 39 59
16 40 16
16 41 53
16 42 2
16 43 82
16 44 26
16 45 8
16 46 56
16 47 51
16 48 72
16 49 76
16 50 28
16 51 8
16 52 67
16 53 81
16 54 21
16 55 24
16 56 30
16 57 55
16 58 23
16 59 20
16 60 92
16 61 81
16 62 88
16 63 49
16 64 91
16 65 46
16 66 80
16 67 53
16 68 44
16 69 54
16 70 73
16 71 91
16 72 90
16 73 21
16 74 23
17 18 93
17 19 95
17 20 89
17 21 8
17 22 60
17 23 39
17 24 8
17 25 98
17 26 33
17 27 42
17 28 34
17 29 59
17 30 11
17 31 36
17 32 89
17 33 76
17 34 97
17 35 18
17 36 12
17 37 48
17 38 23
17 39 97
17 40 82
17 41 57
17 42 20
17 43 65
17 44 66
17 45 78
17 46 35
17 47 5
17 48 87
17 49 3
17 50 17
17 51 47
17 52 37
17 53 63
17 54 34
17 55 73
17 56 67
17 57 47
17 58 81
17 59 17
17 60 3
17 61 5
17 62 23
17 63 16
17 64 75
17 65 45
17 66 91
17 67 31
17 68 92
17 69 73
17 70 30
17 71 94
17 72 97
17 73 94
17 74 10
18 19 47
18 20 38
18 21 17
18 22 96
18 23 3
18 24 8
18 25 81
18 26 47
18 27 81
18 28 77
18 29 22
18 30 29
18 31 3
18 32 14
18 33 36
18 34 81
18 35 33
18 36 69
18 37 62
18 38 26
18 39 81
18 40 74
18 41 68
18 42 94
18 43 65
18 44 33
18 45 55
18 46 92
18 47 26
18 48 41
18 49 28
18 50 14
18 51 1
18 52 58
18 53 77
18 54 41
18 55 76
18 56 50
18 57 7
18 58 7
18 59 69
18 60 68
18 61 54
18 62 51
18 63 65
18 64 49
18 65 41
18 66 83
18 67 49
18 68 16
18 69 25
18 70 5
18 71 68
18 72 99
18 73 34
18 74 61
19 20 42
19 21 100
19 22 69
19 23 99
19 24 76
19 25 82
19 26 14
19 27 41
19 28 52
19 29 94
19 30 36
19 31 1
19 32 66
19 33 88
19 34 17
19 35 71
19 36 92
19 37 14
19 38 61
19 39 73
19 40 4
19 41 99
19 42 60
19 43 78
19 44 16
19 45 86
19 46 39
19 47 49
19 48 4
19 49 42
19 50 22
19 51 75
19 52 3
19 53 68
19 54 75
19 55 2
19 56 100
19 57 18
19 58 29
19 59 44
19 60 62
19 61 12
19 62 56
19 63 92
19 64 80
19 65 19
19 66 7
19 67 57
19 68 73
19 69 24
19 70 36
19 71 29
19 72 47
19 73 67
19 74 80
20 21 75
20 22 77
20 23 41
20 24 71
20 25 21
20 26 42
20 27 39
20 28 94
20 29 19
20 30 63
20 31 57
20 32 11
20 33 60
20 34 95
20 35 46
20 36 2
20 37 60
20 38 4
20 39 45
20 40 67
20 41 19
20 42 79
20 43 94
20 44 85
20 45 42
20 46 34
20 47 95
20 48 24
20 49 43
20 50 81
20 51 86
20 52 89
20 53 60
20 54 79
20 55 54
20 56 2
20 57 8
20 58 66
20 59 5
20 60 36
20 61 35
20 62 55
20 63 48
20 64 43
20 65 15
20 66 98
20 67 99
20 68 40
20 69 20
20 70 30
20 71 17
20 72 96
20 73 78
20 74 52
21 22 21
21 23 66
21 24 94
21 25 17
21 26 7
21 27 53
21 28 43
21 29 96
21 30 58
21 31 5
21 32 42
21 33 84
21 34 38
21 35 89
21 36 14
21 37 74
21 38 78
21 39 90
21 40 39
21 41 18
21 42 71
21 43 21
21 44 70
21 45 41
21 46 96
21 47 42
21 48 80
21 49 1
21 50 11
21 51 27
21 52 100
21 53 61
21 54 91
21 55 23
21 56 85
21 57 38
21 58 27
21 59 40
21 60 90
21 61 8
21 62 15
21 63 74
21 64 98
21 65 48
21 66 19
21 67 40
21 68 52
21 69 45
21 70 64
21 71 41
21 72 82
21 73 43
21 74 31
22 23 73
22 24 26
22 25 61
22 26 58
22 27 42
22 28 34
22 29 88
22 30 16
22 31 70
22 32 45
22 33 17
22 34 89
22 35 96
22 36 47
22 37 30
22 38 72
22 39 98
22 40 33
22 41 70
22 42 91
22 43 54
22 44 60
22 45 16
22 46 99
22 47 76
22 48 35
22 49 78
22 50 61
22 51 82
22 52 14
22 53 29
22 54 95
22 55 84
22 56 33
22 57 9
22 58 50
22 59 69
22 60 97
22 61 84
22 62 29
22 63 81
22 64 64
22 65 53
22 66 19
22 67 36
22 68 22
22 69 72
22 70 61
22 71 22
22 72 93
22 73 89
22 74 95
23 24 13
23 25 20
23 26 20
23 27 40
23 28 94
23 29 3
23 30 36
23 31 46
23 32 14
23 33 67
23 34 72
23 35 77
23 36 39
23 37 74
23 38 84
23 39 77
23 40 82
23 41 79
23 42 24
23 43 80
23 44 38
23 45 94
23 46 10
23 47 73
23 48 79
23 49 29
23 50 88
23 51 68
23 52 10
23 53 61
23 54 50
23 55 28
23 56 11
23 57 16
23 58 39
23 59 22
23 60 19
23 61 66
23 62 46
23 63 5
23 64 40
23 65 5
23 66 74
23 67 14
23 68 47
23 69 53
23 70 43
23 71 28
23 72 74
23 73 40
23 74 18
24 25 29
24 26 64
24 27 75
24 28 28
24 29 78
24 30 52
24 31 38
24 32 26
24 33 98
24 34 12
24 35 55
24 36 12
24 37 87
24 38 97
24 39 28
24 40 24
24 41 28
24 42 74
24 43 61
24 44 4
24 45 67
24 46 91
24 47 85
24 48 89
24 49 100
24 50 91
24 51 45
24 52 68
24 53 37
24 54 18
24 55 18
24 56 27
24 57 69
24 58 23
24 59 68
24 60 2
24 61 15
24 62 87
24 63 28
24 64 32
24 65 25
24 66 63
24 67 72
24 68 70
24 69 5
24 70 66
24 71 6
24 72 14
24 73 37
24 74 27
25 26 79
25 27 56
25 28 69
25 29 76
25 30 67
25 31 32
25 32 64
25 33 46
25 34 21
25 35 63
25 36 79
25 37 56
25 38 87
25 39 47
25 40 32
25 41 59
25 42 81
25 43 56
25 44 61
25 45 44
25 46 99
25 47 37
25 48 76
25 49 55
25 50 81
25 51 63
25 52 60
25 53 43
25 54 21
25 55 67
25 56 5
25 57 5
25 58 50
25 59 72
25 60 97
25 61 20
25 62 44
25 63 65
25 64 71
25 65 80
25 66 64
25 67 96
25 68 15
25 69 29
25 70 30
25 71 63
25 72 54
25 73 5
25 74 4
26 27 48
26 28 62
26 29 73
26 30 92
26 31 31
26 32 89
26 33 34
26 34 53
26 35 79
26 36 15
26 37 54
26 38 5
26 39 46
26 40 40
26 41 85
26 42 96
26 43 55
26 44 54
26 45 23
26 46 21
26 47 44
26 48 7
26 49 26
26 50 68
26 51 48
26 52 65
26 53 69
26 54 100
26 55 73
26 56 58
26 57 33
26 58 42
26 59 38
26 60 11
26 61 91
26 62 22
26 63 70
26 64 58
26 65 83
26 66 42
26 67 18
26 68 5
26 69 38
26 70 12
26 71 13
26 72 29
26 73 78
26 74 31
27 28 35
27 29 76
27 30 69
27 31 61
27 32 61
27 33 83
27 34 75
27 35 14
27 36 81
27 37 96
27 38 33
27 39 37
27 40 8
27 41 2
27 42 56
27 43 86
27 44 67
27 45 42
27 46 38
27 47 37
27 48 99
27 49 3
27 50 10
27 51 75
27 52 7
27 53 51
27 54 20
27 55 45
27 56 58
27 57 56
27 58 17
27 59 50
27 60 53
27 61 16
27 62 61
27 63 95
27 64 25
27 65 87
27 66 24
27 67 17
27 68 95
27 69 43
27 70 72
27 71 87
27 72 73
27 73 8
27 74 16
28 29 16
28 30 35
28 31 59
28 32 75
28 33 4
28 34 64
28 35 58
28 36 50
28 37 35
28 38 22
28 39 4
28 40 60
28 41 74
28 42 30
28 43 77
28 44 63
28 45 93
28 46 72
28 47 41
28 48 69
28 49 76
28 50 96
28 51 75
28 52 1
28 53 58
28 54 60
28 55 17
28 56 72
28 57 39
28 58 91
28 59 93
28 60 4
28 61 60
28 62 34
28 63 20
28 64 65
28 65 84
28 66 52
28 67 3
28 68 49
28 69 40
28 70 48
28 71 15
28 72 53
28 73 80
28 74 5
29 30 46
29 31 3
29 32 99
29 33 21
29 34 27
29 35 81
29 36 98
29 37 73
29 38 98
29 39 38
29 40 81
29 41 35
29 42 17
29 43 83
29 44 26
29 45 23
29 46 87
29 47 92
29 48 52
29 49 88
29 50 10
29 51 83
29 52 63
29 53 23
29 54 8
29 55 33
29 56 98
29 57 49
29 58 75
29 59 16
29 60 41
29 61 55
29 62 98
29 63 72
29 64 93
29 65 32
29 66 57
29 67 47
29 68 92
29 69 40
29 70 6
29 71 100
29 72 35
29 73 70
29 74 5
30 31 85
30 32 63
30 33 11
30 34 40
30 35 87
30 36 87
30 37 92
30 38 64
30 39 44
30 40 96
30 41 95
30 42 33
30 43 2
30 44 74
30 45 54
30 46 69
30 47 94
30 48 96
30 49 26
30 50 74
30 51 18
30 52 56
30 53 8
30 54 34
30 55 11
30 56 43
30 57 32
30 58 100
30 59 91
30 60 52
30 61 10
30 62 100
30 63 3
30 64 13
30 65 20
30 66 80
30 67 25
30 68 10
30 69 43
30 70 40
30 71 27
30 72 6
30 73 9
30 74 89
31 32 1
31 33 15
31 34 56
31 35 94
31 36 18
31 37 44
31 38 47
31 39 14
31 40 59
31 41 18
31 42 89
31 43 96
31 44 64
31 45 91
31 46 29
31 47 65
31 48 97
31 49 86
31 50 81
31 51 65
31 52 91
31 53 59
31 54 37
31 55 31
31 56 47
31 57 8
31 58 12
31 59 17
31 60 73
31 61 23
31 62 19
31 63 8
31 64 95
31 65 49
31 66 31
31 67 87
31 68 83
31 69 79
31 70 63
31 71 2
31 72 64
31 73 45
31 74 61
32 33 14
32 34 23
32 35 12
32 36 80
32 37 16
32 38 76
32 39 97
32 40 1
32 41 6
32 42 26
32 43 87
32 44 40
32 45 6
32 46 11
32 47 77
32 48 96
32 49 32
32 50 21
32 51 67
32 52 34
32 53 38
32 54 97
32 55 41
32 56 69
32 57 64
32 58 92
32 59 38
32 60 8
32 61 76
32 62 18
32 63 78
32 64 93
32 65 58
32 66 46
32 67 33
32 68 4
32 69 17
32 70 81
32 71 41
32 72 34
32 73 49
32 74 24
33 34 93
33 35 72
33 36 13
33 37 76
33 38 8
33 39 35
33 40 29
33 41 72
33 42 79
33 43 88
33 44 85
33 45 99
33 46 49
33 47 26
33 48 51
33 49 8
33 50 11
33 51 41
33 52 23
33 53 33
33 54 77
33 55 31
33 56 74
33 57 12
33 58 7
33 59 83
33 60 62
33 61 71
33 62 90
33 63 69
33 64 6
33 65 89
33 66 77
33 67 61
33 68 74
33 69 60
33 70 42
33 71 75
33 72 81
33 73 76
33 74 6
34 35 80
34 36 98
34 37 72
34 38 6
34 39 33
34 40 90
34 41 44
34 42 66
34 43 5
34 44 64
34 45 60
34 46 7
34 47 73
34 48 44
34 49 49
34 50 48
34 51 88
34 52 61
34 53 71
34 54 63
34 55 67
34 56 69
34 57 63
34 58 84
34 59 34
34 60 41
34 61 53
34 62 68
34 63 2
34 64 53
34 65 64
34 66 78
34 67 90
34 68 78
34 69 27
34 70 5
34 71 18
34 72 4
34 73 18
34 74 21
35 36 58
35 37 46
35 38 74
35 39 25
35 40 14
35 41 1
35 42 64
35 43 24
35 44 14
35 45 6
35 46 83
35 47 21
35 48 67
35 49 8
35 50 22
35 51 33
35 52 20
35 53 41
35 54 67
35 55 66
35 56 81
35 57 53
35 58 34
35 59 5
35 60 2
35 61 48
35 62 98
35 63 11
35 64 57
35 65 50
35 66 69
35 67 53
35 68 86
35 69 80
35 70 74
35 71 91
35 72 2
35 73 27
35 74 32
36 37 51
36 38 87
36 39 94
36 40 55
36 41 10
36 42 94
36 43 86
36 44 9
36 45 53
36 46 82
36 47 93
36 48 40
36 49 60
36 50 6
36 51 34
36 52 63
36 53 24
36 54 17
36 55 48
36 56 26
36 57 98
36 58 39
36 59 37
36 60 28
36 61 48
36 62 64
36 63 99
36 64 33
36 65 84
36 66 89
36 67 70
36 68 67
36 69 53
36 70 60
36 71 62
36 72 40
36 73 56
36 74 24
37 38 85
37 39 8
37 40 85
37 41 20
37 42 53
37 43 73
37 44 48
37 45 19
37 46 2
37 47 49
37 48 48
37 49 8
37 50 79
37 51 88
37 52 66
37 53 37
37 54 66
37 55 17
37 56 3
37 57 64
37 58 36
37 59 88
37 60 78
37 61 83
37 62 67
37 63 13
37 64 8
37 65 37
37 66 92
37 67 28
37 68 33
37 69 9
37 70 7
37 71 91
37 72 6
37 73 46
37 74 22
38 39 27
38 40 61
38 41 18
38 42 3
38 43 56
38 44 26
38 45 3
38 46 98
38 47 11
38 48 21
38 49 41
38 50 31
38 51 23
38 52 1
38 53 30
38 54 55
38 55 15
38 56 38
38 57 31
38 58 13
38 59 79
38 60 97
38 61 81
38 62 98
38 63 13
38 64 76
38 65 10
38 66 43
38 67 67
38 68 13
38 69 3
38 70 66
38 71 4
38 72 68
38 73 14
38 74 69
39 40 28
39 41 11
39 42 23
39 43 75
39 44 61
39 45 56
39 46 50
39 47 51
39 48 25
39 49 88
39 50 22
39 51 38
39 52 70
39 53 65
39 54 23
39 55 66
39 56 29
39 57 85
39 58 69
39 59 44
39 60 8
39 61 98
39 62 3
39 63 61
39 64 5
39 65 41
39 66 38
39 67 2
39 68 73
39 69 16
39 70 26
39 71 87
39 72 51
39 73 97
39 74 53
40 41 49
40 42 9
40 43 67
40 44 62
40 45 44
40 46 35
40 47 4
40 48 53
40 49 60
40 50 95
40 51 77
40 52 9
40 53 61
40 54 97
40 55 32
40 56 53
40 57 5
40 58 96
40 59 60
40 60 37
40 61 33
40 62 44
40 63 84
40 64 45
40 65 33
40 66 20
40 67 41
40 68 61
40 69 34
40 70 35
40 71 24
40 72 97
40 73 16
40 74 78
41 42 13
41 43 86
41 44 79
41 45 83
41 46 27
41 47 75
41 48 33
41 49 5
41 50 96
41 51 87
41 52 41
41 53 23
41 54 37
41 55 40
41 56 64
41 57 98
41 58 83
41 59 39
41 60 78
41 61 20
41 62 20
41 63 38
41 64 7
41 65 19
41 66 23
41 67 84
41 68 72
41 69 93
41 70 46
41 71 74
41 72 40
41 73 64
41 74 33
42 43 55
42 44 58
42 45 4
42 46 50
42 47 26
42 48 9
42 49 18
42 50 73
42 51 12
42 52 27
42 53 3
42 54 16
42 55 78
42 56 24
42 57 44
42 58 87
42 59 77
42 60 54
42 61 12
42 62 25
42 63 46
42 64 54
42 65 31
42 66 71
42 67 76
42 68 91
42 69 36
42 70 93
42 71 13
42 72 80
42 73 26
42 74 92
43 44 40
43 45 86
43 46 30
43 47 7
43 48 16
43 49 3
43 50 62
43 51 4
43 52 48
43 53 25
43 54 68
43 55 52
43 56 88
43 57 84
43 58 99
43 59 39
43 60 85
43 61 15
43 62 60
43 63 31
43 64 27
43 65 14
43 66 73
43 67 75
43 68 36
43 69 78
43 70 49
43 71 7
43 72 99
43 73 91
43 74 89
44 45 14
44 46 73
44 47 30
44 48 4
44 49 89
44 50 61
44 51 66
44 52 34
44 53 3
44 54 55
44 55 76
44 56 27
44 57 28
44 58 68
44 59 96
44 60 8
44 61 16
44 62 80
44 63 69
44 64 55
44 65 52
44 66 29
44 67 58
44 68 50
44 69 41
44 70 14
44 71 52
44 72 65
44 73 60
44 74 91
45 46 53
45 47 73
45 48 91
45 49 53
45 50 44
45 51 46
45 52 18
45 53 20
45 54 44
45 55 48
45 56 95
45 57 8
45 58 81
45 59 31
45 60 35
45 61 63
45 62 48
45 63 70
45 64 87
45 65 62
45 66 68
45 67 5
45 68 94
45 69 87
45 70 94
45 71 63
45 72 14
45 73 100
45 74 25
46 47 51
46 48 84
46 49 44
46 50 46
46 51 35
46 52 20
46 53 76
46 54 72
46 55 44
46 56 92
46 57 40
46 58 86
46 59 77
46 60 90
46 61 3
46 62 90
46 63 67
46 64 8
46 65 51
46 66 68
46 67 23
46 68 27
46 69 50
46 70 95
46 71 39
46 72 26
46 73 28
46 74 41
47 48 50
47 49 7
47 50 46
47 51 29
47 52 62
47 53 65
47 54 42
47 55 69
47 56 26
47 57 14
47 58 95
47 59 24
47 60 57
47 61 29
47 62 94
47 63 41
47 64 38
47 65 30
47 66 37
47 67 25
47 68 72
47 69 10
47 70 67
47 71 38
47 72 84
47 73 38
47 74 75
48 49 17
48 50 100
48 51 19
48 52 69
48 53 25
48 54 15
48 55 49
48 56 54
48 57 6
48 58 47
48 59 59
48 60 12
48 61 57
48 62 3
48 63 87
48 64 48
48 65 78
48 66 29
48 67 62
48 68 98
48 69 88
48 70 95
48 71 24
48 72 7
48 73 36
48 74 1
49 50 78
49 51 84
49 52 87
49 53 8
49 54 100
49 55 59
49 56 99
49 57 25
49 58 10
49 59 14
49 60 12
49 61 3
49 62 41
49 63 27
49 64 23
49 65 8
49 66 12
49 67 82
49 68 67
49 69 28
49 70 56
49 71 16
49 72 50
49 73 44
49 74 60
50 51 79
50 52 52
50 53 95
50 54 37
50 55 85
50 56 23
50 57 73
50 58 28
50 59 36
50 60 51
50 61 27
50 62 34
50 63 16
50 64 50
50 65 98
50 66 100
50 67 5
50 68 46
50 69 86
50 70 61
50 71 100
50 72 87
50 73 91
50 74 40
51 52 25
51 53 21
51 54 37
51 55 5
51 56 76
51 57 83
51 58 82
51 59 4
51 60 84
51 61 77
51 62 66
51 63 91
51 64 85
51 65 41
51 66 74
51 67 55
51 68 19
51 69 70
51 70 35
51 71 68
51 72 35
51 73 57
51 74 20
52 53 67
52 54 55
52 55 68
52 56 67
52 57 65
52 58 18
52 59 40
52 60 7
52 61 94
52 62 62
52 63 84
52 64 99
52 65 15
52 66 51
52 67 23
52 68 90
52 69 65
52 70 3
52 71 6
52 72 11
52 73 15
52 74 9
53 54 47
53 55 90
53 56 46
53 57 47
53 58 41
53 59 54
53 60 38
53 61 88
53 62 19
53 63 76
53 64 35
53 65 46
53 66 31
53 67 2
53 68 75
53 69 89
53 70 5
53 71 1
53 72 10
53 73 64
53 74 53
54 55 46
54 56 3
54 57 86
54 58 84
54 59 16
54 60 64
54 61 3
54 62 92
54 63 82
54 64 53
54 65 30
54 66 49
54 67 37
54 68 58
54 69 10
54 70 78
54 71 73
54 72 96
54 73 18
54 74 42
55 56 72
55 57 45
55 58 79
55 59 81
55 60 65
55 61 71
55 62 18
55 63 44
55 64 56
55 65 96
55 66 62
55 67 30
55 68 87
55 69 87
55 70 26
55 71 22
55 72 64
55 73 17
55 74 17
56 57 93
56 58 17
56 59 90
56 60 21
56 61 97
56 62 87
56 63 76
56 64 57
56 65 55
56 66 95
56 67 32
56 68 10
56 69 15
56 70 41
56 71 80
56 72 7
56 73 74
56 74 3
57 58 47
57 59 71
57 60 65
57 61 74
57 62 29
57 63 60
57 64 66
57 65 95
57 66 27
57 67 57
57 68 74
57 69 89
57 70 24
57 71 58
57 72 75
57 73 72
57 74 37
58 59 79
58 60 61
58 61 13
58 62 11
58 63 54
58 64 32
58 65 27
58 66 13
58 67 87
58 68 69
58 69 57
58 70 84
58 71 25
58 72 48
58 73 14
58 74 38
59 60 61
59 61 30
59 62 41
59 63 58
59 64 92
59 65 98
59 66 61
59 67 62
59 68 88
59 69 14
59 70 63
59 71 55
59 72 67
59 73 33
59 74 9
60 61 67
60 62 42
60 63 90
60 64 84
60 65 75
60 66 59
60 67 30
60 68 49
60 69 70
60 70 38
60 71 37
60 72 60
60 73 48
60 74 55
61 62 32
61 63 72
61 64 2
61 65 60
61 66 21
61 67 44
61 68 14
61 69 90
61 70 36
61 71 89
61 72 3
61 73 62
61 74 3
62 63 80
62 64 23
62 65 32
62 66 51
62 67 24
62 68 75
62 69 94
62 70 16
62 71 60
62 72 7
62 73 67
62 74 66
63 64 89
63 65 35
63 66 23
63 67 57
63 68 35
63 69 64
63 70 10
63 71 24
63 72 98
63 73 67
63 74 75
64 65 55
64 66 57
64 67 7
64 68 71
64 69 46
64 70 99
64 71 96
64 72 59
64 73 44
64 74 29
65 66 44
65 67 79
65 68 11
65 69 55
65 70 47
65 71 9
65 72 66
65 73 57
65 74 15
66 67 76
66 68 37
66 69 52
66 70 80
66 71 21
66 72 35
66 73 77
66 74 30
67 68 96
67 69 3
67 70 13
67 71 88
67 72 59
67 73 54
67 74 46
68 69 65
68 70 61
68 71 14
68 72 20
68 73 89
68 74 28
69 70 35
69 71 53
69 72 12
69 73 29
69 74 35
70 71 49
70 72 81
70 73 42
70 74 76
71 72 66
71 73 11
71 74 81
72 73 58
72 74 6
73 74 74
