68 2278 67
1 2 5
1 3 63
1 4 5
1 5 88
1 6 86
1 7 22
1 8 24
1 9 65
1 10 70
1 11 8
1 12 28
1 13 71
1 14 38
1 15 30
1 16 24
1 17 78
1 18 55
1 19 96
1 20 89
1 21 76
1 22 57
1 23 87
1 24 54
1 25 42
1 26 42
1 27 94
1 28 77
1 29 82
1 30 99
1 31 22
1 32 17
1 33 63
1 34 63
1 35 7
1 36 23
1 37 65
1 38 89
1 39 69
1 40 58
1 41 18
1 42 10
1 43 73
1 44 37
1 45 20
1 46 31
1 47 10
1 48 26
1 49 67
1 50 76
1 51 89
1 52 10
1 53 35
1 54 95
1 55 58
1 56 55
1 57 89
1 58 98
1 59 51
1 60 2
1 61 34
1 62 1
1 63 96
1 64 5
1 65 41
1 66 67
1 67 89
1 68 19
2 3 53
2 4 43
2 5 2
2 6 49
2 7 97
2 8 99
2 9 10
2 10 55
2 11 53
2 12 87
2 13 84
2 14 99
2 15 55
2 16 9
2 17 94
2 18 68
2 19 66
2 20 39
2 21 11
2 22 23
2 23 15
2 24 62
2 25 49
2 26 19
2 27 32
2 28 37
2 29 89
2 30 28
2 31 52
2 32 86
2 33 1
2 34 3
2 35 14
2 36 39
2 37 9
2 38 61
2 39 82
2 40 28
2 41 16
2 42 42
2 43 88
2 44 29
2 45 23
2 46 64
2 47 84
2 48 29
2 49 57
2 50 43
2 51 46
2 52 22
2 53 24
2 54 73
2 55 41
2 56 90
2 57 83
2 58 58
2 59 41
2 60 51
2 61 78
2 62 70
2 63 82
2 64 54
2 65 7
2 66 75
2 67 22
2 68 29
3 4 9
3 5 8
3 6 65
3 7 64
3 8 44
3 9 10
3 10 1
3 11 60
3 12 97
3 13 92
3 14 11
3 15 53
3 16 14
3 17 24
3 18 53
3 19 10
3 20 49
3 21 43
3 22 37
3 23 44
3 24 40
3 25 25
3 26 46
3 27 69
3 28 86
3 29 75
3 30 87
3 31 1
3 32 22
3 33 72
3 34 81
3 35 49
3 36 69
3 37 75
3 38 20
3 39 36
3 40 86
3 41 92
3 42 41
3 43 32
3 44 46
3 45 58
3 46 75
3 47 32
3 48 2
3 49 66
3 50 4
3 51 68
3 52 1
3 53 46
3 54 8
3 55 11
3 56 33
3 57 34
3 58 48
3 59 59
3 60 53
3 61 92
3 62 20
3 63 64
3 64 39
3 65 45
3 66 82
3 67 44
3 68 88
4 5 52
4 6 70
4 7 75
4 8 4
4 9 63
4 10 58
4 11 99
4 12 92
4 13 29
4 14 85
4 15 88
4 16 74
4 17 9
4 18 50
4 19 55
4 20 72
4 21 94
4 22 31
4 23 12
4 24 75
4 25 29
4 26 89
4 27 34
4 28 27
4 29 5
4 30 52
4 31 61
4 32 40
4 33 79
4 34 43
4 35 18
4 36 33
4 37 13
4 38 50
4 39 24
4 40 57
4 41 77
4 42 9
4 43 68
4 44 80
4 45 40
4 46 62
4 47 30
4 48 98
4 49 86
4 50 85
4 51 17
4 52 49
4 53 1
4 54 44
4 55 10
4 56 18
4 57 66
4 58 97
4 59 74
4 60 55
4 61 70
4 62 55
4 63 88
4 64 64
4 65 37
4 66 77
4 67 81
4 68 27
5 6 26
5 7 92
5 8 73
5 9 55
5 10 46
5 11 69
5 12 65
5 13 99
5 14 65
5 15 52
5 16 7
5 17 9
5 18 65
5 19 61
5 20 74
5 21 94
5 22 1
5 23 91
5 24 31
5 25 85
5 26 46
5 27 39
5 28 34
5 29 24
5 30 5
5 31 74
5 32 56
5 33 58
5 34 27
5 35 68
5 36 76
5 37 53
5 38 10
5 39 96
5 40 99
5 41 76
5 42 37
5 43 56
5 44 47
5 45 62
5 46 55
5 47 2
5 48 20
5 49 75
5 50 62
5 51 26
5 52 63
5 53 46
5 54 11
5 55 60
5 56 70
5 57 2
5 58 83
5 59 88
5 60 99
5 61 14
5 62 44
5 63 30
5 64 26
5 65 29
5 66 45
5 67 64
5 68 12
6 7 1
6 8 69
6 9 5
6 10 37
6 11 51
6 12 57
6 13 8
6 14 88
6 15 38
6 16 18
6 17 67
6 18 52
6 19 62
6 20 21
6 21 92
6 22 14
6 23 29
6 24 10
6 25 34
6 26 49
6 27 1
6 28 4
6 29 4
6 30 47
6 31 16
6 32 10
6 33 21
6 34 9
6 35 74
6 36 66
6 37 32
6 38 15
6 39 20
6 40 100
6 41 73
6 42 82
6 43 42
6 44 21
6 45 72
6 46 98
6 47 79
6 48 14
6 49 60
6 50 97
6 51 19
6 52 5
6 53 95
6 54 89
6 55 20
6 56 91
6 57 67
6 58 73
6 59 7
6 60 94
6 61 61
6 62 75
6 63 74
6 64 56
6 65 31
6 66 24
6 67 95
6 68 4
7 8 24
7 9 43
7 10 8
7 11 74
7 12 30
7 13 63
7 14 73
7 15 51
7 16 86
7 17 41
7 18 34
7 19 18
7 20 94
7 21 87
7 22 48
7 23 1
7 24 49
7 25 39
7 26 92
7 27 34
7 28 31
7 29 98
7 30 79
7 31 74
7 32 92
7 33 20
7 34 59
7 35 9
7 36 79
7 37 49
7 38 11
7 39 11
7 40 97
7 41 53
7 42 45
7 43 23
7 44 84
7 45 44
7 46 59
7 47 52
7 48 94
7 49 30
7 50 73
7 51 14
7 52 77
7 53 88
7 54 41
7 55 72
7 56 4
7 57 6
7 58 36
7 59 1
7 60 90
7 61 83
7 62 46
7 63 52
7 64 74
7 65 79
7 66 75
7 67 54
7 68 78
8 9 76
8 10 48
8 11 85
8 12 58
8 13 22
8 14 21
8 15 73
8 16 43
8 17 21
8 18 88
8 19 72
8 20 91
8 21 17
8 22 30
8 23 65
8 24 75
8 25 4
8 26 41
8 27 63
8 28 44
8 29 80
8 30 33
8 31 98
8 32 48
8 33 53
8 34 26
8 35 74
8 36 20
8 37 88
8 38 27
8 39 49
8 40 50
8 41 41
8 42 36
8 43 33
8 44 26
8 45 76
8 46 44
8 47 65
8 48 69
8 49 20
8 50 14
8 51 74
8 52 61
8 53 67
8 54 13
8 55 80
8 56 44
8 57 94
8 58 66
8 59 89
8 60 2
8 61 63
8 62 94
8 63 75
8 64 58
8 65 14
8 66 7
8 67 95
8 68 5
9 10 22
9 11 11
9 12 47
9 13 58
9 14 58
9 15 52
9 16 56
9 17 86
9 18 17
9 19 76
9 20 42
9 21 32
9 22 71
9 23 94
9 24 36
9 25 8
9 26 69
9 27 12
9 28 1
9 29 11
9 30 89
9 31 11
9 32 16
9 33 59
9 34 61
9 35 57
9 36 21
9 37 51
9 38 79
9 39 94
9 40 10
9 41 1
9 42 68
9 43 6
9 44 69
9 45 4
9 46 39
9 47 96
9 48 4
9 49 59
9 50 51
9 51 45
9 52 73
9 53 63
9 54 19
9 55 30
9 56 81
9 57 87
9 58 34
9 59 54
9 60 88
9 61 76
9 62 10
9 63 20
9 64 42
9 65 86
9 66 6
9 67 6
9 68 9
10 11 15
10 12 73
10 13 99
10 14 6
10 15 6
10 16 8
10 17 12
10 18 45
10 19 21
10 20 62
10 21 74
10 22 88
10 23 31
10 24 4
10 25 33
10 26 29
10 27 41
10 28 9
10 29 65
10 30 2
10 31 79
10 32 88
10 33 39
10 34 9
10 35 56
10 36 1
10 37 96
10 38 60
10 39 99
10 40 69
10 41 9
10 42 48
10 43 95
10 44 68
10 45 73
10 46 83
10 47 77
10 48 45
10 49 20
10 50 5
10 51 26
10 52 35
10 53 71
10 54 86
10 55 41
10 56 79
10 57 37
10 58 87
10 59 86
10 60 49
10 61 88
10 62 67
10 63 83
10 64 39
10 65 10
10 66 48
10 67 4
10 68 43
11 12 56
11 13 50
11 14 63
11 15 10
11 16 86
11 17 19
11 18 68
11 19 73
11 20 66
11 21 72
11 22 96
11 23 52
11 24 65
11 25 76
11 26 77
11 27 49
11 28 45
11 29 47
11 30 11
11 31 74
11 32 24
11 33 53
11 34 4
11 35 42
11 36 70
11 37 20
11 38 64
11 39 83
11 40 13
11 41 37
11 42 45
11 43 63
11 44 43
11 45 65
11 46 67
11 47 92
11 48 33
11 49 59
11 50 65
11 51 27
11 52 58
11 53 31
11 54 76
11 55 61
11 56 63
11 57 91
11 58 49
11 59 68
11 60 93
11 61 67
11 62 51
11 63 4
11 64 86
11 65 7
11 66 51
11 67 57
11 68 32
12 13 2
12 14 76
12 15 52
12 16 77
12 17 15
12 18 71
12 19 86
12 20 85
12 21 9
12 22 70
12 23 12
12 24 11
12 25 75
12 26 59
12 27 76
12 28 33
12 29 84
12 30 25
12 31 40
12 32 98
12 33 19
12 34 10
12 35 98
12 36 15
12 37 57
12 38 2
12 39 4
12 40 36
12 41 17
12 42 30
12 43 44
12 44 74
12 45 1
12 46 92
12 47 19
12 48 98
12 49 50
12 50 4
12 51 16
12 52 40
12 53 70
12 54 44
12 55 54
12 56 70
12 57 53
12 58 74
12 59 4
12 60 68
12 61 71
12 62 35
12 63 12
12 64 100
12 65 14
12 66 25
12 67 21
12 68 36
13 14 56
13 15 36
13 16 77
13 17 95
13 18 32
13 19 11
13 20 49
13 21 93
13 22 90
13 23 85
13 24 20
13 25 99
13 26 54
13 27 98
13 28 36
13 29 15
13 30 87
13 31 60
13 32 95
13 33 49
13 34 63
13 35 94
13 36 83
13 37 69
13 38 77
13 39 60
13 40 34
13 41 53
13 42 81
13 43 22
13 44 37
13 45 64
13 46 84
13 47 44
13 48 64
13 49 42
13 50 8
13 51 17
13 52 99
13 53 49
13 54 84
13 55 52
13 56 15
13 57 67
13 58 79
13 59 100
13 60 32
13 61 47
13 62 2
13 63 56
13 64 93
13 65 80
13 66 23
13 67 20
13 68 88
14 15 77
14 16 32
14 17 61
14 18 64
14 19 29
14 20 80
14 21 4
14 22 82
14 23 18
14 24 29
14 25 45
14 26 35
14 27 51
14 28 65
14 29 56
14 30 94
14 31 44
14 32 74
14 33 95
14 34 96
14 35 25
14 36 85
14 37 73
14 38 53
14 39 61
14 40 25
14 41 87
14 42 48
14 43 29
14 44 57
14 45 83
14 46 95
14 47 20
14 48 54
14 49 21
14 50 32
14 51 26
14 52 59
14 53 65
14 54 90
14 55 27
14 56 16
14 57 31
14 58 14
14 59 65
14 60 1
14 61 27
14 62 13
14 63 1
14 64 66
14 65 15
14 66 18
14 67 14
14 68 73
15 16 16
15 17 75
15 18 14
15 19 18
15 20 68
15 21 78
15 22 29
15 23 60
15 24 55
15 25 75
15 26 21
15 27 44
15 28 83
15 29 94
15 30 2
15 31 44
15 32 35
15 33 14
15 34 88
15 35 77
15 36 53
15 37 69
15 38 55
15 39 96
15 40 22
15 41 49
15 42 4
15 43 17
15 44 98
15 45 21
15 46 48
15 47 91
15 48 35
15 49 95
15 50 96
15 51 98
15 52 13
15 53 22
15 54 68
15 55 55
15 56 82
15 57 52
15 58 71
15 59 51
15 60 76
15 61 14
15 62 12
15 63 72
15 64 83
15 65 88
15 66 45
15 67 86
15 68 97
16 17 5
16 18 37
16 19 87
16 20 50
16 21 48
16 22 41
16 23 11
16 24 80
16 25 39
16 26 86
16 27 87
16 28 96
16 29 58
16 30 37
16 31 8
16 32 63
16 33 10
16 34 3
16 35 93
16 36 52
16 37 48
16 38 38
16 39 28
16 40 4
16 41 37
16 42 33
16 43 29
16 44 94
16 45 29
16 46 55
16 47 2
16 48 59
16 49 82
16 50 24
16 51 88
16 52 91
16 53 2
16 54 11
16 55 97
16 56 66
16 57 54
16 58 31
16 59 60
16 60 3
16 61 82
16 62 49
16 63 78
16 64 80
16 65 37
16 66 59
16 67 90
16 68 34
17 18 17
17 19 83
17 20 29
17 21 78
17 22 84
17 23 53
17 24 95
17 25 9
17 26 49
17 27 51
17 28 94
17 29 63
17 30 68
17 31 91
17 32 72
17 33 74
17 34 25
17 35 47
17 36 80
17 37 55
17 38 86
17 39 73
17 40 75
17 41 95
17 42 62
17 43 61
17 44 59
17 45 15
17 46 54
17 47 38
17 48 82
17 49 2
17 50 14
17 51 40
17 52 6
17 53 5
17 54 95
17 55 57
17 56 80
17 57 60
17 58 15
17 59 94
17 60 75
17 61 24
17 62 84
17 63 41
17 64 91
17 65 82
17 66 43
17 67 53
17 68 43
18 19 44
18 20 37
18 21 77
18 22 58
18 23 99
18 24 25
18 25 55
18 26 46
18 27 32
18 28 71
18 29 64
18 30 16
18 31 87
18 32 19
18 33 52
18 34 72
18 35 75
18 36 72
18 37 54
18 38 2
18 39 49
18 40 7
18 41 36
18 42 49
18 43 46
18 44 90
18 45 1
18 46 22
18 47 1
18 48 66
18 49 2
18 50 26
18 51 2
18 52 29
18 53 48
18 54 85
18 55 7
18 56 83
18 57 50
18 58 58
18 59 4
18 60 89
18 61 59
18 62 95
18 63 43
18 64 79
18 65 98
18 66 38
18 67 26
18 68 1
19 20 98
19 21 6
19 22 81
19 23 41
19 24 38
19 25 42
19 26 53
19 27 79
19 28 64
19 29 72
19 30 64
19 31 31
19 32 48
19 33 2
19 34 49
19 35 1
19 36 96
19 37 34
19 38 69
19 39 3
19 40 28
19 41 4
19 42 22
19 43 1
19 44 61
19 45 85
19 46 95
19 47 48
19 48 12
19 49 71
19 50 34
19 51 80
19 52 80
19 53 95
19 54 17
19 55 22
19 56 56
19 57 82
19 58 82
19 59 63
19 60 38
19 61 99
19 62 63
19 63 13
19 64 85
19 65 20
19 66 32
19 67 63
19 68 57
20 21 24
20 22 40
20 23 27
20 24 58
20 25 82
20 26 13
20 27 76
20 28 91
20 29 54
20 30 57
20 31 9
20 32 52
20 33 45
20 34 83
20 35 79
20 36 31
20 37 52
20 38 90
20 39 59
20 40 60
20 41 83
20 42 53
20 43 3
20 44 77
20 45 94
20 46 54
20 47 79
20 48 38
20 49 26
20 50 73
20 51 64
20 52 35
20 53 81
20 54 1
20 55 90
20 56 10
20 57 84
20 58 65
20 59 73
20 60 77
20 61 86
20 62 83
20 63 2
20 64 30
20 65 59
20 66 52
20 67 25
20 68 99
21 22 78
21 23 47
21 24 49
21 25 42
21 26 93
21 27 67
21 28 49
21 29 33
21 30 88
21 31 49
21 32 84
21 33 99
21 34 9
21 35 38
21 36 73
21 37 59
21 38 32
21 39 78
21 40 72
21 41 55
21 42 65
21 43 17
21 44 72
21 45 4
21 46 63
21 47 64
21 48 93
21 49 68
21 50 97
21 51 38
21 52 99
21 53 63
21 54 78
21 55 56
21 56 13
21 57 86
21 58 89
21 59 44
21 60 61
21 61 75
21 62 65
21 63 76
21 64 91
21 65 57
21 66 73
21 67 28
21 68 81
22 23 1
22 24 60
22 25 75
22 26 30
22 27 55
22 28 70
22 29 86
22 30 40
22 31 20
22 32 7
22 33 40
22 34 17
22 35 96
22 36 44
22 37 78
22 38 72
22 39 42
22 40 84
22 41 69
22 42 1
22 43 98
22 44 43
22 45 69
22 46 20
22 47 3
22 48 50
22 49 79
22 50 16
22 51 53
22 52 13
22 53 61
22 54 85
22 55 33
22 56 66
22 57 6
22 58 51
22 59 64
22 60 42
22 61 35
22 62 60
22 63 37
22 64 77
22 65 15
22 66 26
22 67 76
22 68 53
23 24 34
23 25 56
23 26 6
23 27 28
23 28 62
23 29 14
23 30 78
23 31 45
23 32 6
23 33 12
23 34 56
23 35 31
23 36 4
23 37 82
23 38 59
23 39 66
23 40 26
23 41 90
23 42 73
23 43 76
23 44 99
23 45 41
23 46 39
23 47 25
23 48 31
23 49 16
23 50 96
23 51 98
23 52 46
23 53 78
23 54 29
23 55 97
23 56 53
23 57 75
23 58 38
23 59 28
23 60 85
23 61 27
23 62 60
23 63 52
23 64 80
23 65 89
23 66 28
23 67 52
23 68 31
24 25 73
24 26 32
24 27 10
24 28 71
24 29 7
24 30 66
24 31 97
24 32 24
24 33 89
24 34 65
24 35 30
24 36 25
24 37 33
24 38 29
24 39 94
24 40 2
24 41 86
24 42 20
24 43 36
24 44 34
24 45 58
24 46 27
24 47 21
24 48 81
24 49 7
24 50 29
24 51 62
24 52 77
24 53 44
24 54 83
24 55 41
24 56 8
24 57 40
24 58 64
24 59 73
24 60 16
24 61 80
24 62 61
24 63 70
24 64 73
24 65 82
24 66 78
24 67 74
24 68 16
25 26 67
25 27 86
25 28 8
25 29 14
25 30 17
25 31 5
25 32 72
25 33 29
25 34 55
25 35 95
25 36 49
25 37 84
25 38 47
25 39 60
25 40 37
25 41 92
25 42 54
25 43 68
25 44 87
25 45 32
25 46 2
25 47 16
25 48 72
25 49 23
25 50 4
25 51 62
25 52 68
25 53 41
25 54 37
25 55 55
25 56 35
25 57 9
25 58 90
25 59 89
25 60 43
25 61 62
25 62 3
25 63 9
25 64 58
25 65 45
25 66 30
25 67 96
25 68 64
26 27 9
26 28 100
26 29 47
26 30 76
26 31 47
26 32 3
26 33 34
26 34 38
26 35 87
26 36 74
26 37 77
26 38 34
26 39 59
26 40 53
26 41 95
26 42 90
26 43 95
26 44 80
26 45 88
26 46 91
26 47 6
26 48 77
26 49 85
26 50 17
26 51 42
26 52 52
26 53 30
26 54 75
26 55 77
26 56 9
26 57 64
26 58 4
26 59 47
26 60 15
26 61 90
26 62 50
26 63 52
26 64 31
26 65 51
26 66 41
26 67 1
26 68 76
27 28 27
27 29 69
27 30 38
27 31 24
27 32 82
27 33 92
27 34 67
27 35 7
27 36 59
27 37 65
27 38 90
27 39 9
27 40 78
27 41 78
27 42 71
27 43 63
27 44 59
27 45 34
27 46 45
27 47 90
27 48 75
27 49 59
27 50 3
27 51 67
27 52 89
27 53 63
27 54 75
27 55 1
27 56 41
27 57 58
27 58 45
27 59 53
27 60 61
27 61 87
27 62 78
27 63 14
27 64 42
27 65 81
27 66 16
27 67 39
27 68 66
28 29 19
28 30 41
28 31 71
28 32 64
28 33 78
28 34 96
28 35 20
28 36 67
28 37 73
28 38 24
28 39 79
28 40 65
28 41 28
28 42 61
28 43 13
28 44 58
28 45 68
28 46 89
28 47 6
28 48 49
28 49 12
28 50 5
28 51 49
28 52 90
28 53 12
28 54 34
28 55 67
28 56 70
28 57 74
28 58 24
28 59 66
28 60 54
28 61 25
28 62 10
28 63 37
28 64 32
28 65 42
28 66 1
28 67 8
28 68 17
29 30 93
29 31 81
29 32 86
29 33 31
29 34 86
29 35 11
29 36 33
29 37 11
29 38 40
29 39 58
29 40 4
29 41 40
29 42 97
29 43 78
29 44 34
29 45 82
29 46 88
29 47 42
29 48 2
29 49 31
29 50 79
29 51 54
29 52 94
29 53 29
29 54 62
29 55 53
29 56 7
29 57 91
29 58 17
29 59 70
29 60 69
29 61 48
29 62 75
29 63 2
29 64 65
29 65 47
29 66 22
29 67 9
29 68 58
30 31 68
30 32 38
30 33 57
30 34 31
30 35 3
30 36 75
30 37 38
30 38 11
30 39 10
30 40 39
30 41 42
30 42 9
30 43 98
30 44 5
30 45 25
30 46 22
30 47 27
30 48 7
30 49 8
30 50 82
30 51 71
30 52 60
30 53 43
30 54 95
30 55 82
30 56 42
30 57 32
30 58 84
30 59 26
30 60 14
30 61 16
30 62 90
30 63 88
30 64 71
30 65 27
30 66 17
30 67 89
30 68 83
31 32 52
31 33 71
31 34 24
31 35 11
31 36 2
31 37 10
31 38 84
31 39 96
31 40 6
31 41 4
31 42 79
31 43 59
31 44 66
31 45 7
31 46 26
31 47 11
31 48 65
31 49 31
31 50 10
31 51 75
31 52 99
31 53 21
31 54 55
31 55 13
31 56 85
31 57 5
31 58 42
31 59 56
31 60 25
31 61 66
31 62 14
31 63 66
31 64 46
31 65 46
31 66 91
31 67 57
31 68 85
32 33 67
32 34 73
32 35 15
32 36 36
32 37 17
32 38 90
32 39 23
32 40 3
32 41 95
32 42 85
32 43 4
32 44 8
32 45 95
32 46 87
32 47 59
32 48 72
32 49 29
32 50 5
32 51 38
32 52 76
32 53 13
32 54 66
32 55 95
32 56 75
32 57 16
32 58 46
32 59 85
32 60 56
32 61 4
32 62 20
32 63 53
32 64 97
32 65 72
32 66 41
32 67 64
32 68 16
33 34 78
33 35 54
33 36 76
33 37 7
33 38 79
33 39 27
33 40 58
33 41 21
33 42 46
33 43 23
33 44 60
33 45 57
33 46 53
33 47 17
33 48 44
33 49 27
33 50 89
33 51 75
33 52 35
33 53 51
33 54 53
33 55 41
33 56 42
33 57 43
33 58 57
33 59 35
33 60 40
33 61 89
33 62 2
33 63 4
33 64 65
33 65 39
33 66 37
33 67 7
33 68 18
34 35 85
34 36 57
34 37 30
34 38 63
34 39 54
34 40 10
34 41 91
34 42 47
34 43 15
34 44 52
34 45 23
34 46 99
34 47 4
34 48 88
34 49 94
34 50 23
34 51 52
34 52 98
34 53 26
34 54 96
34 55 62
34 56 21
34 57 10
34 58 41
34 59 30
34 60 57
34 61 83
34 62 36
34 63 24
34 64 53
34 65 3
34 66 51
34 67 30
34 68 39
35 36 6
35 37 85
35 38 17
35 39 83
35 40 26
35 41 43
35 42 60
35 43 61
35 44 1
35 45 52
35 46 91
35 47 50
35 48 48
35 49 60
35 50 94
35 51 23
35 52 82
35 53 73
35 54 26
35 55 43
35 56 58
35 57 100
35 58 13
35 59 86
35 60 78
35 61 36
35 62 39
35 63 61
35 64 25
35 65 70
35 66 21
35 67 59
35 68 3
36 37 78
36 38 77
36 39 52
36 40 29
36 41 79
36 42 17
36 43 11
36 44 60
36 45 93
36 46 48
36 47 60
36 48 47
36 49 85
36 50 40
36 51 96
36 52 27
36 53 15
36 54 49
36 55 79
36 56 3
36 57 14
36 58 83
36 59 58
36 60 38
36 61 17
36 62 46
36 63 53
36 64 92
36 65 81
36 66 37
36 67 36
36 68 57
37 38 3
37 39 73
37 40 17
37 41 95
37 42 56
37 43 22
37 44 86
37 45 71
37 46 77
37 47 83
37 48 66
37 49 29
37 50 83
37 51 42
37 52 19
37 53 51
37 54 84
37 55 90
37 56 4
37 57 66
37 58 84
37 59 80
37 60 34
37 61 100
37 62 89
37 63 81
37 64 58
37 65 53
37 66 25
37 67 91
37 68 80
38 39 62
38 40 49
38 41 62
38 42 46
38 43 10
38 44 39
38 45 15
38 46 87
38 47 54
38 48 97
38 49 11
38 50 21
38 51 89
38 52 69
38 53 16
38 54 41
38 55 90
38 56 84
38 57 80
38 58 96
38 59 11
38 60 90
38 61 16
38 62 9
38 63 1
38 64 40
38 65 53
38 66 83
38 67 39
38 68 39
39 40 25
39 41 100
39 42 49
39 43 89
39 44 46
39 45 84
39 46 37
39 47 39
39 48 53
39 49 75
39 50 18
39 51 66
39 52 20
39 53 91
39 54 40
39 55 32
39 56 34
39 57 7
39 58 40
39 59 9
39 60 72
39 61 41
39 62 24
39 63 83
39 64 23
39 65 12
39 66 20
39 67 63
39 68 46
40 41 3
40 42 29
40 43 70
40 44 56
40 45 73
40 46 56
40 47 82
40 48 52
40 49 100
40 50 28
40 51 12
40 52 96
40 53 98
40 54 79
40 55 77
40 56 27
40 57 9
40 58 22
40 59 80
40 60 65
40 61 88
40 62 78
40 63 52
40 64 22
40 65 28
40 66 66
40 67 81
40 68 98
41 42 39
41 43 31
41 44 65
41 45 71
41 46 41
41 47 47
41 48 18
41 49 81
41 50 61
41 51 90
41 52 43
41 53 71
41 54 5
41 55 3
41 56 45
41 57 31
41 58 85
41 59 89
41 60 67
41 61 48
41 62 52
41 63 26
41 64 97
41 65 73
41 66 50
41 67 96
41 68 59
42 43 9
42 44 3
42 45 62
42 46 54
42 47 5
42 48 57
42 49 4
42 50 15
42 51 32
42 52 19
42 53 96
42 54 63
42 55 3
42 56 83
42 57 44
42 58 70
42 59 23
42 60 29
42 61 1
42 62 56
42 63 2
42 64 78
42 65 80
42 66 63
42 67 72
42 68 61
43 44 91
43 45 49
43 46 83
43 47 82
43 48 79
43 49 72
43 50 4
43 51 97
43 52 60
43 53 40
43 54 73
43 55 78
43 56 7
43 57 94
43 58 42
43 59 80
43 60 40
43 61 46
43 62 83
43 63 1
43 64 69
43 65 67
43 66 70
43 67 57
43 68 49
44 45 2
44 46 73
44 47 90
44 48 1
44 49 23
44 50 75
44 51 30
44 52 58
44 53 29
44 54 30
44 55 1
44 56 14
44 57 41
44 58 91
44 59 61
44 60 19
44 61 30
44 62 29
44 63 89
44 64 22
44 65 19
44 66 23
44 67 20
44 68 4
45 46 81
45 47 34
45 48 3
45 49 76
45 50 54
45 51 86
45 52 71
45 53 63
45 54 76
45 55 20
45 56 50
45 57 94
45 58 56
45 59 76
45 60 36
45 61 23
45 62 66
45 63 17
45 64 40
45 65 57
45 66 58
45 67 5
45 68 8
46 47 86
46 48 47
46 49 43
46 50 29
46 51 3
46 52 69
46 53 93
46 54 44
46 55 59
46 56 95
46 57 66
46 58 52
46 59 77
46 60 19
46 61 71
46 62 25
46 63 47
46 64 86
46 65 47
46 66 89
46 67 98
46 68 70
47 48 78
47 49 54
47 50 98
47 51 89
47 52 45
47 53 90
47 54 75
47 55 74
47 56 50
47 57 21
47 58 67
47 59 53
47 60 93
47 61 45
47 62 79
47 63 52
47 64 50
47 65 23
47 66 9
47 67 63
47 68 29
48 49 80
48 50 36
48 51 28
48 52 80
48 53 51
48 54 37
48 55 49
48 56 17
48 57 53
48 58 76
48 59 79
48 60 87
48 61 14
48 62 19
48 63 78
48 64 97
48 65 5
48 66 31
48 67 36
48 68 52
49 50 31
49 51 77
49 52 63
49 53 4
49 54 77
49 55 97
49 56 71
49 57 60
49 58 54
49 59 90
49 60 18
49 61 82
49 62 85
49 63 42
49 64 41
49 65 83
49 66 35
49 67 39
49 68 28
50 51 65
50 52 34
50 53 99
50 54 12
50 55 99
50 56 38
50 57 47
50 58 52
50 59 6
50 60 85
50 61 33
50 62 33
50 63 32
50 64 66
50 65 70
50 66 59
50 67 25
50 68 14
51 52 100
51 53 33
51 54 69
51 55 9
51 56 86
51 57 37
51 58 65
51 59 30
51 60 85
51 61 22
51 62 1
51 63 35
51 64 16
51 65 27
51 66 27
51 67 26
51 68 65
52 53 14
52 54 88
52 55 29
52 56 64
52 57 6
52 58 6
52 59 68
52 60 82
52 61 28
52 62 44
52 63 50
52 64 10
52 65 22
52 66 20
52 67 45
52 68 88
53 54 31
53 55 46
53 56 89
53 57 100
53 58 52
53 59 27
53 60 9
53 61 99
53 62 59
53 63 20
53 64 85
53 65 2
53 66 71
53 67 94
53 68 74
54 55 27
54 56 8
54 57 66
54 58 26
54 59 32
54 60 94
54 61 16
54 62 69
54 63 60
54 64 95
54 65 74
54 66 6
54 67 44
54 68 60
55 56 96
55 57 6
55 58 44
55 59 75
55 60 33
55 61 96
55 62 44
55 63 7
55 64 28
55 65 32
55 66 85
55 67 65
55 68 61
56 57 15
56 58 11
56 59 13
56 60 39
56 61 55
56 62 89
56 63 5
56 64 77
56 65 27
56 66 47
56 67 1
56 68 40
57 58 72
57 59 32
57 60 10
57 61 92
57 62 37
57 63 65
57 64 41
57 65 86
57 66 1
57 67 2
57 68 68
58 59 99
58 60 22
58 61 31
58 62 52
58 63 25
58 64 40
58 65 100
58 66 9
58 67 39
58 68 27
59 60 100
59 61 45
59 62 14
59 63 5
59 64 53
59 65 59
59 66 62
59 67 22
59 68 29
60 61 76
60 62 18
60 63 32
60 64 2
60 65 12
60 66 58
60 67 33
60 68 70
61 62 12
61 63 80
61 64 44
61 65 54
61 66 13
61 67 18
61 68 63
62 63 55
62 64 49
62 65 82
62 66 96
62 67 12
62 68 79
63 64 49
63 65 63
63 66 90
63 67 21
63 68 88
64 65 44
64 66 59
64 67 21
64 68 18
65 66 37
65 67 91
65 68 36
66 67 73
66 68 66
67 68 39
