50 1225 49
1 2 60
1 3 70
1 4 100
1 5 91
1 6 63
1 7 66
1 8 74
1 9 62
1 10 42
1 11 50
1 12 22
1 13 24
1 14 61
1 15 80
1 16 88
1 17 62
1 18 63
1 19 13
1 20 56
1 21 82
1 22 65
1 23 29
1 24 3
1 25 9
1 26 12
1 27 5
1 28 62
1 29 91
1 30 86
1 31 2
1 32 38
1 33 26
1 34 20
1 35 16
1 36 86
1 37 69
1 38 6
1 39 29
1 40 32
1 41 37
1 42 54
1 43 1
1 44 74
1 45 11
1 46 83
1 47 86
1 48 81
1 49 59
1 50 54
2 3 54
2 4 11
2 5 65
2 6 70
2 7 96
2 8 7
2 9 89
2 10 82
2 11 89
2 12 90
2 13 65
2 14 21
2 15 17
2 16 50
2 17 83
2 18 48
2 19 82
2 20 51
2 21 79
2 22 17
2 23 25
2 24 14
2 25 35
2 26 31
2 27 80
2 28 87
2 29 3
2 30 60
2 31 45
2 32 98
2 33 52
2 34 28
2 35 42
2 36 81
2 37 56
2 38 62
2 39 83
2 40 82
2 41 86
2 42 38
2 43 4
2 44 63
2 45 82
2 46 75
2 47 59
2 48 84
2 49 60
2 50 22
3 4 68
3 5 90
3 6 27
3 7 31
3 8 65
3 9 100
3 10 41
3 11 8
3 12 64
3 13 60
3 14 81
3 15 2
3 16 51
3 17 27
3 18 77
3 19 25
3 20 99
3 21 82
3 22 48
3 23 63
3 24 33
3 25 39
3 26 68
3 27 28
3 28 26
3 29 36
3 30 82
3 31 66
3 32 11
3 33 16
3 34 32
3 35 94
3 36 5
3 37 98
3 38 72
3 39 25
3 40 46
3 41 22
3 42 41
3 43 83
3 44 1
3 45 96
3 46 40
3 47 52
3 48 38
3 49 89
3 50 39
4 5 59
4 6 61
4 7 4
4 8 39
4 9 88
4 10 7
4 11 7
4 12 17
4 13 54
4 14 4
4 15 83
4 16 100
4 17 10
4 18 34
4 19 99
4 20 15
4 21 64
4 22 85
4 23 78
4 24 60
4 25 96
4 26 67
4 27 48
4 28 89
4 29 14
4 30 19
4 31 2
4 32 47
4 33 84
4 34 89
4 35 6
4 36 43
4 37 46
4 38 7
4 39 53
4 40 9
4 41 99
4 42 73
4 43 3
4 44 6
4 45 4
4 46 29
4 47 11
4 48 64
4 49 8
4 50 90
5 6 14
5 7 5
5 8 29
5 9 99
5 10 60
5 11 77
5 12 70
5 13 45
5 14 67
5 15 8
5 16 78
5 17 39
5 18 55
5 19 67
5 20 80
5 21 59
5 22 48
5 23 57
5 24 85
5 25 38
5 26 42
5 27 35
5 28 39
5 29 81
5 30 17
5 31 69
5 32 36
5 33 60
5 34 67
5 35 97
5 36 57
5 37 21
5 38 4
5 39 59
5 40 12
5 41 33
5 42 96
5 43 96
5 44 39
5 45 26
5 46 95
5 47 90
5 48 47
5 49 67
5 50 58
6 7 78
6 8 96
6 9 9
6 10 26
6 11 47
6 12 27
6 13 84
6 14 99
6 15 7
6 16 34
6 17 29
6 18 29
6 19 65
6 20 85
6 21 6
6 22 98
6 23 82
6 24 2
6 25 15
6 26 54
6 27 86
6 28 65
6 29 27
6 30 35
6 31 21
6 32 1
6 33 74
6 34 58
6 35 64
6 36 16
6 37 1
6 38 75
6 39 38
6 40 21
6 41 42
6 42 22
6 43 8
6 44 42
6 45 12
6 46 10
6 47 23
6 48 79
6 49 84
6 50 55
7 8 44
7 9 48
7 10 92
7 11 30
7 12 64
7 13 53
7 14 68
7 15 96
7 16 40
7 17 4
7 18 76
7 19 75
7 20 9
7 21 41
7 22 14
7 23 43
7 24 29
7 25 98
7 26 100
7 27 76
7 28 20
7 29 47
7 30 40
7 31 88
7 32 66
7 33 50
7 34 52
7 35 80
7 36 41
7 37 87
7 38 2
7 39 91
7 40 98
7 41 86
7 42 23
7 43 77
7 44 66
7 45 16
7 46 21
7 47 25
7 48 77
7 49 74
7 50 64
8 9 8
8 10 7
8 11 5
8 12 48
8 13 10
8 14 88
8 15 88
8 16 78
8 17 13
8 18 11
8 19 43
8 20 36
8 21 80
8 22 31
8 23 48
8 24 98
8 25 38
8 26 62
8 27 98
8 28 58
8 29 40
8 30 98
8 31 90
8 32 38
8 33 95
8 34 39
8 35 39
8 36 47
8 37 63
8 38 3
8 39 9
8 40 24
8 41 65
8 42 7
8 43 11
8 44 85
8 45 19
8 46 16
8 47 98
8 48 40
8 49 22
8 50 46
9 10 86
9 11 43
9 12 77
9 13 18
9 14 63
9 15 80
9 16 35
9 17 51
9 18 77
9 19 6
9 20 25
9 21 91
9 22 82
9 23 93
9 24 62
9 25 28
9 26 35
9 27 97
9 28 71
9 29 77
9 30 99
9 31 48
9 32 97
9 33 5
9 34 42
9 35 51
9 36 39
9 37 92
9 38 35
9 39 95
9 40 97
9 41 46
9 42 17
9 43 31
9 44 6
9 45 4
9 46 56
9 47 66
9 48 20
9 49 5
9 50 75
10 11 89
10 12 88
10 13 4
10 14 37
10 15 54
10 16 12
10 17 70
10 18 16
10 19 87
10 20 5
10 21 36
10 22 66
10 23 11
10 24 4
10 25 86
10 26 40
10 27 76
10 28 13
10 29 26
10 30 6
10 31 79
10 32 5
10 33 73
10 34 20
10 35 85
10 36 54
10 37 38
10 38 92
10 39 66
10 40 18
10 41 33
10 42 43
10 43 2
10 44 73
10 45 76
10 46 81
10 47 12
10 48 22
10 49 92
10 50 32
11 12 48
11 13 60
11 14 54
11 15 5
11 16 59
11 17 8
11 18 31
11 19 60
11 20 54
11 21 41
11 22 67
11 23 69
11 24 8
11 25 54
11 26 73
11 27 84
11 28 98
11 29 50
11 30 69
11 31 75
11 32 6
11 33 56
11 34 9
11 35 26
11 36 91
11 37 61
11 38 96
11 39 52
11 40 38
11 41 1
11 42 65
11 43 87
11 44 68
11 45 11
11 46 90
11 47 3
11 48 41
11 49 58
11 50 18
12 13 86
12 14 13
12 15 25
12 16 87
12 17 62
12 18 14
12 19 16
12 20 10
12 21 79
12 22 89
12 23 7
12 24 49
12 25 17
12 26 4
12 27 99
12 28 63
12 29 83
12 30 21
12 31 39
12 32 75
12 33 1
12 34 38
12 35 80
12 36 43
12 37 90
12 38 58
12 39 44
12 40 73
12 41 62
12 42 1
12 43 46
12 44 72
12 45 63
12 46 48
12 47 21
12 48 63
12 49 30
12 50 81
13 14 94
13 15 61
13 16 56
13 17 45
13 18 47
13 19 78
13 20 27
13 21 5
13 22 37
13 23 64
13 24 100
13 25 51
13 26 66
13 27 58
13 28 86
13 29 72
13 30 37
13 31 39
13 32 63
13 33 84
13 34 48
13 35 49
13 36 6
13 37 84
13 38 45
13 39 87
13 40 83
13 41 51
13 42 58
13 43 46
13 44 1
13 45 60
13 46 8
13 47 78
13 48 21
13 49 47
13 50 93
14 15 1
14 16 5
14 17 13
14 18 16
14 19 84
14 20 42
14 21 12
14 22 18
14 23 30
14 24 90
14 25 61
14 26 37
14 27 94
14 28 38
14 29 90
14 30 35
14 31 42
14 32 45
14 33 34
14 34 57
14 35 86
14 36 36
14 37 73
14 38 29
14 39 29
14 40 68
14 41 86
14 42 21
14 43 73
14 44 68
14 45 38
14 46 3
14 47 72
14 48 35
14 49 37
14 50 80
15 16 18
15 17 43
15 18 63
15 19 53
15 20 47
15 21 25
15 22 80
15 23 31
15 24 34
15 25 31
15 26 39
15 27 62
15 28 38
15 29 32
15 30 88
15 31 85
15 32 64
15 33 98
15 34 42
15 35 19
15 36 6
15 37 39
15 38 96
15 39 50
15 40 99
15 41 27
15 42 56
15 43 98
15 44 5
15 45 48
15 46 87
15 47 15
15 48 89
15 49 99
15 50 32
16 17 71
16 18 1
16 19 65
16 20 10
16 21 61
16 22 77
16 23 97
16 24 91
16 25 89
16 26 61
16 27 75
16 28 91
16 29 49
16 30 5
16 31 50
16 32 60
16 33 8
16 34 2
16 35 97
16 36 73
16 37 49
16 38 26
16 39 44
16 40 98
16 41 52
16 42 3
16 43 23
16 44 74
16 45 67
16 46 99
16 47 15
16 48 85
16 49 57
16 50 88
17 18 17
17 19 41
17 20 21
17 21 11
17 22 91
17 23 8
17 24 1
17 25 75
17 26 95
17 27 44
17 28 55
17 29 90
17 30 19
17 31 4
17 32 40
17 33 85
17 34 5
17 35 16
17 36 18
17 37 1
17 38 24
17 39 34
17 40 50
17 41 47
17 42 25
17 43 18
17 44 69
17 45 81
17 46 65
17 47 66
17 48 12
17 49 94
17 50 28
18 19 57
18 20 22
18 21 62
18 22 53
18 23 45
18 24 99
18 25 31
18 26 45
18 27 9
18 28 44
18 29 7
18 30 21
18 31 7
18 32 38
18 33 6
18 34 94
18 35 64
18 36 82
18 37 86
18 38 24
18 39 47
18 40 15
18 41 46
18 42 96
18 43 41
18 44 30
18 45 85
18 46 43
18 47 6
18 48 81
18 49 32
18 50 98
19 20 65
19 21 44
19 22 75
19 23 33
19 24 8
19 25 38
19 26 56
19 27 64
19 28 72
19 29 88
19 30 8
19 31 77
19 32 15
19 33 17
19 34 32
19 35 28
19 36 85
19 37 4
19 38 97
19 39 2
19 40 15
19 41 82
19 42 61
19 43 92
19 44 39
19 45 9
19 46 49
19 47 41
19 48 82
19 49 41
19 50 53
20 21 37
20 22 19
20 23 89
20 24 10
20 25 35
20 26 6
20 27 44
20 28 20
20 29 65
20 30 56
20 31 34
20 32 47
20 33 44
20 34 14
20 35 67
20 36 68
20 37 94
20 38 85
20 39 40
20 40 19
20 41 43
20 42 94
20 43 93
20 44 28
20 45 98
20 46 91
20 47 12
20 48 9
20 49 83
20 50 62
21 22 26
21 23 6
21 24 44
21 25 32
21 26 47
21 27 69
21 28 17
21 29 63
21 30 66
21 31 77
21 32 1
21 33 3
21 34 1
21 35 44
21 36 67
21 37 24
21 38 50
21 39 73
21 40 49
21 41 22
21 42 61
21 43 88
21 44 21
21 45 26
21 46 85
21 47 24
21 48 84
21 49 34
21 50 1
22 23 59
22 24 55
22 25 21
22 26 43
22 27 58
22 28 68
22 29 59
22 30 23
22 31 7
22 32 17
22 33 42
22 34 48
22 35 81
22 36 1
22 37 91
22 38 70
22 39 44
22 40 79
22 41 35
22 42 72
22 43 52
22 44 14
22 45 58
22 46 33
22 47 12
22 48 50
22 49 41
22 50 40
23 24 4
23 25 64
23 26 79
23 27 91
23 28 29
23 29 19
23 30 59
23 31 56
23 32 8
23 33 7
23 34 66
23 35 64
23 36 30
23 37 87
23 38 47
23 39 65
23 40 78
23 41 66
23 42 17
23 43 1
23 44 31
23 45 76
23 46 95
23 47 72
23 48 24
23 49 77
23 50 1
24 25 76
24 26 9
24 27 71
24 28 96
24 29 78
24 30 63
24 31 4
24 32 86
24 33 45
24 34 77
24 35 6
24 36 54
24 37 89
24 38 85
24 39 58
24 40 5
24 41 45
24 42 92
24 43 89
24 44 78
24 45 10
24 46 95
24 47 60
24 48 77
24 49 3
24 50 10
25 26 54
25 27 22
25 28 35
25 29 48
25 30 23
25 31 65
25 32 81
25 33 33
25 34 4
25 35 41
25 36 21
25 37 28
25 38 32
25 39 33
25 40 40
25 41 3
25 42 27
25 43 11
25 44 78
25 45 30
25 46 17
25 47 71
25 48 98
25 49 69
25 50 1
26 27 51
26 28 84
26 29 30
26 30 93
26 31 51
26 32 27
26 33 27
26 34 41
26 35 16
26 36 2
26 37 1
26 38 72
26 39 59
26 40 89
26 41 45
26 42 50
26 43 46
26 44 67
26 45 57
26 46 10
26 47 89
26 48 27
26 49 9
26 50 79
27 28 49
27 29 48
27 30 51
27 31 76
27 32 51
27 33 61
27 34 59
27 35 14
27 36 21
27 37 21
27 38 77
27 39 51
27 40 31
27 41 6
27 42 56
27 43 29
27 44 59
27 45 30
27 46 27
27 47 22
27 48 81
27 49 65
27 50 94
28 29 61
28 30 48
28 31 58
28 32 36
28 33 9
28 34 72
28 35 33
28 36 87
28 37 54
28 38 69
28 39 22
28 40 38
28 41 12
28 42 10
28 43 25
28 44 87
28 45 24
28 46 26
28 47 29
28 48 48
28 49 55
28 50 79
29 30 72
29 31 71
29 32 49
29 33 21
29 34 64
29 35 76
29 36 86
29 37 74
29 38 49
29 39 79
29 40 62
29 41 48
29 42 44
29 43 95
29 44 16
29 45 39
29 46 38
29 47 22
29 48 49
29 49 56
29 50 21
30 31 1
30 32 53
30 33 40
30 34 26
30 35 49
30 36 88
30 37 56
30 38 7
30 39 76
30 40 79
30 41 2
30 42 20
30 43 50
30 44 82
30 45 78
30 46 35
30 47 71
30 48 88
30 49 95
30 50 13
31 32 15
31 33 16
31 34 3
31 35 89
31 36 56
31 37 45
31 38 2
31 39 53
31 40 44
31 41 26
31 42 17
31 43 80
31 44 50
31 45 96
31 46 32
31 47 49
31 48 97
31 49 70
31 50 41
32 33 39
32 34 47
32 35 35
32 36 52
32 37 97
32 38 78
32 39 20
32 40 67
32 41 66
32 42 44
32 43 45
32 44 37
32 45 49
32 46 20
32 47 18
32 48 80
32 49 46
32 50 42
33 34 93
33 35 52
33 36 56
33 37 82
33 38 47
33 39 19
33 40 81
33 41 64
33 42 28
33 43 96
33 44 38
33 45 52
33 46 54
33 47 68
33 48 92
33 49 12
33 50 82
34 35 69
34 36 13
34 37 28
34 38 79
34 39 93
34 40 22
34 41 90
34 42 37
34 43 27
34 44 71
34 45 50
34 46 96
34 47 1
34 48 55
34 49 39
34 50 50
35 36 97
35 37 64
35 38 21
35 39 99
35 40 74
35 41 87
35 42 98
35 43 74
35 44 50
35 45 71
35 46 86
35 47 78
35 48 54
35 49 47
35 50 29
36 37 55
36 38 34
36 39 45
36 40 100
36 41 23
36 42 25
36 43 60
36 44 39
36 45 67
36 46 65
36 47 14
36 48 21
36 49 28
36 50 8
37 38 73
37 39 100
37 40 53
37 41 86
37 42 95
37 43 18
37 44 66
37 45 27
37 46 51
37 47 59
37 48 26
37 49 22
37 50 37
38 39 81
38 40 64
38 41 69
38 42 83
38 43 12
38 44 17
38 45 8
38 46 7
38 47 82
38 48 21
38 49 12
38 50 76
39 40 41
39 41 55
39 42 48
39 43 51
39 44 30
39 45 37
39 46 76
39 47 78
39 48 16
39 49 40
39 50 52
40 41 76
40 42 99
40 43 55
40 44 72
40 45 77
40 46 14
40 47 70
40 48 79
40 49 79
40 50 86
41 42 54
41 43 30
41 44 46
41 45 90
41 46 72
41 47 60
41 48 1
41 49 94
41 50 47
42 43 77
42 44 95
42 45 85
42 46 75
42 47 69
42 48 3
42 49 28
42 50 62
43 44 66
43 45 88
43 46 97
43 47 84
43 48 10
43 49 36
43 50 18
44 45 9
44 46 83
44 47 92
44 48 87
44 49 44
44 50 3
45 46 74
45 47 19
45 48 9
45 49 60
45 50 42
46 47 20
46 48 34
46 49 16
46 50 69
47 48 27
47 49 66
47 50 18
48 49 88
48 50 63
49 50 89
