59 1711 58
1 2 69
1 3 22
1 4 27
1 5 79
1 6 35
1 7 21
1 8 18
1 9 22
1 10 76
1 11 99
1 12 64
1 13 69
1 14 100
1 15 55
1 16 81
1 17 70
1 18 15
1 19 1
1 20 86
1 21 86
1 22 80
1 23 55
1 24 49
1 25 82
1 26 68
1 27 97
1 28 42
1 29 36
1 30 83
1 31 98
1 32 83
1 33 87
1 34 34
1 35 95
1 36 73
1 37 5
1 38 53
1 39 76
1 40 25
1 41 66
1 42 83
1 43 39
1 44 54
1 45 95
1 46 78
1 47 92
1 48 52
1 49 78
1 50 43
1 51 41
1 52 79
1 53 64
1 54 39
1 55 60
1 56 54
1 57 24
1 58 47
1 59 44
2 3 54
2 4 12
2 5 86
2 6 98
2 7 88
2 8 5
2 9 48
2 10 46
2 11 8
2 12 22
2 13 70
2 14 25
2 15 77
2 16 12
2 17 49
2 18 35
2 19 55
2 20 36
2 21 71
2 22 4
2 23 43
2 24 43
2 25 80
2 26 66
2 27 20
2 28 41
2 29 6
2 30 33
2 31 64
2 32 17
2 33 61
2 34 53
2 35 45
2 36 94
2 37 95
2 38 80
2 39 32
2 40 57
2 41 45
2 42 29
2 43 77
2 44 17
2 45 81
2 46 27
2 47 53
2 48 8
2 49 50
2 50 78
2 51 37
2 52 38
2 53 2
2 54 5
2 55 38
2 56 60
2 57 2
2 58 15
2 59 83
3 4 42
3 5 6
3 6 60
3 7 91
3 8 61
3 9 65
3 10 41
3 11 82
3 12 74
3 13 77
3 14 98
3 15 75
3 16 26
3 17 80
3 18 80
3 19 98
3 20 86
3 21 4
3 22 32
3 23 92
3 24 31
3 25 37
3 26 97
3 27 83
3 28 36
3 29 25
3 30 54
3 31 20
3 32 69
3 33 38
3 34 43
3 35 44
3 36 44
3 37 83
3 38 77
3 39 90
3 40 8
3 41 63
3 42 74
3 43 12
3 44 88
3 45 68
3 46 49
3 47 96
3 48 42
3 49 98
3 50 37
3 51 16
3 52 6
3 53 94
3 54 43
3 55 95
3 56 80
3 57 76
3 58 66
3 59 70
4 5 92
4 6 74
4 7 44
4 8 26
4 9 59
4 10 6
4 11 78
4 12 31
4 13 50
4 14 14
4 15 65
4 16 66
4 17 67
4 18 34
4 19 24
4 20 80
4 21 55
4 22 26
4 23 2
4 24 41
4 25 92
4 26 55
4 27 54
4 28 1
4 29 99
4 30 28
4 31 28
4 32 94
4 33 46
4 34 76
4 35 62
4 36 15
4 37 91
4 38 23
4 39 23
4 40 46
4 41 27
4 42 15
4 43 46
4 44 32
4 45 4
4 46 30
4 47 63
4 48 49
4 49 88
4 50 40
4 51 5
4 52 60
4 53 91
4 54 52
4 55 29
4 56 36
4 57 84
4 58 54
4 59 93
5 6 52
5 7 41
5 8 8
5 9 26
5 10 80
5 11 81
5 12 31
5 13 64
5 14 75
5 15 68
5 16 32
5 17 68
5 18 83
5 19 10
5 20 50
5 21 69
5 22 37
5 23 23
5 24 15
5 25 44
5 26 71
5 27 14
5 28 75
5 29 10
5 30 37
5 31 79
5 32 17
5 33 84
5 34 46
5 35 84
5 36 41
5 37 36
5 38 71
5 39 1
5 40 82
5 41 70
5 42 15
5 43 74
5 44 35
5 45 6
5 46 81
5 47 96
5 48 47
5 49 95
5 50 49
5 51 96
5 52 60
5 53 4
5 54 60
5 55 32
5 56 26
5 57 44
5 58 17
5 59 100
6 7 98
6 8 17
6 9 17
6 10 3
6 11 88
6 12 46
6 13 35
6 14 19
6 15 74
6 16 94
6 17 41
6 18 51
6 19 58
6 20 20
6 21 33
6 22 55
6 23 3
6 24 48
6 25 81
6 26 94
6 27 4
6 28 84
6 29 80
6 30 79
6 31 33
6 32 36
6 33 41
6 34 59
6 35 75
6 36 94
6 37 70
6 38 1
6 39 19
6 40 35
6 41 15
6 42 79
6 43 98
6 44 66
6 45 71
6 46 37
6 47 86
6 48 8
6 49 34
6 50 23
6 51 45
6 52 42
6 53 57
6 54 61
6 55 4
6 56 41
6 57 45
6 58 4
6 59 51
7 8 62
7 9 27
7 10 53
7 11 50
7 12 63
7 13 13
7 14 77
7 15 76
7 16 62
7 17 13
7 18 35
7 19 82
7 20 33
7 21 82
7 22 10
7 23 16
7 24 46
7 25 74
7 26 43
7 27 51
7 28 47
7 29 20
7 30 50
7 31 69
7 32 65
7 33 99
7 34 95
7 35 16
7 36 60
7 37 52
7 38 43
7 39 7
7 40 7
7 41 38
7 42 43
7 43 78
7 44 77
7 45 78
7 46 3
7 47 58
7 48 47
7 49 10
7 50 80
7 51 81
7 52 39
7 53 96
7 54 22
7 55 84
7 56 26
7 57 70
7 58 54
7 59 94
8 9 62
8 10 96
8 11 30
8 12 9
8 13 28
8 14 33
8 15 65
8 16 51
8 17 65
8 18 47
8 19 19
8 20 34
8 21 65
8 22 63
8 23 32
8 24 17
8 25 71
8 26 55
8 27 53
8 28 3
8 29 24
8 30 43
8 31 11
8 32 37
8 33 12
8 34 30
8 35 98
8 36 76
8 37 72
8 38 22
8 39 64
8 40 29
8 41 51
8 42 39
8 43 27
8 44 22
8 45 86
8 46 86
8 47 28
8 48 27
8 49 35
8 50 38
8 51 60
8 52 96
8 53 46
8 54 53
8 55 84
8 56 74
8 57 2
8 58 87
8 59 76
9 10 11
9 11 87
9 12 15
9 13 87
9 14 21
9 15 14
9 16 24
9 17 9
9 18 43
9 19 23
9 20 80
9 21 23
9 22 85
9 23 29
9 24 2
9 25 37
9 26 6
9 27 99
9 28 41
9 29 46
9 30 23
9 31 9
9 32 81
9 33 16
9 34 35
9 35 39
9 36 6
9 37 85
9 38 40
9 39 2
9 40 70
9 41 29
9 42 31
9 43 63
9 44 62
9 45 56
9 46 47
9 47 60
9 48 45
9 49 52
9 50 40
9 51 68
9 52 100
9 53 93
9 54 9
9 55 4
9 56 87
9 57 44
9 58 67
9 59 85
10 11 54
10 12 61
10 13 23
10 14 76
10 15 16
10 16 28
10 17 99
10 18 64
10 19 61
10 20 45
10 21 97
10 22 21
10 23 42
10 24 34
10 25 36
10 26 72
10 27 97
10 28 18
10 29 59
10 30 97
10 31 47
10 32 82
10 33 85
10 34 21
10 35 86
10 36 99
10 37 64
10 38 4
10 39 82
10 40 39
10 41 55
10 42 96
10 43 34
10 44 97
10 45 72
10 46 81
10 47 55
10 48 16
10 49 9
10 50 5
10 51 100
10 52 2
10 53 96
10 54 22
10 55 84
10 56 7
10 57 13
10 58 23
10 59 58
11 12 15
11 13 17
11 14 76
11 15 95
11 16 39
11 17 62
11 18 3
11 19 27
11 20 82
11 21 30
11 22 76
11 23 89
11 24 87
11 25 28
11 26 44
11 27 44
11 28 63
11 29 35
11 30 31
11 31 94
11 32 80
11 33 10
11 34 31
11 35 38
11 36 46
11 37 1
11 38 5
11 39 80
11 40 90
11 41 32
11 42 2
11 43 51
11 44 55
11 45 36
11 46 52
11 47 4
11 48 26
11 49 45
11 50 17
11 51 89
11 52 44
11 53 51
11 54 33
11 55 13
11 56 1
11 57 76
11 58 27
11 59 78
12 13 37
12 14 11
12 15 42
12 16 14
12 17 22
12 18 2
12 19 24
12 20 81
12 21 66
12 22 51
12 23 70
12 24 76
12 25 36
12 26 26
12 27 88
12 28 31
12 29 59
12 30 36
12 31 65
12 32 99
12 33 85
12 34 4
12 35 49
12 36 50
12 37 34
12 38 49
12 39 23
12 40 78
12 41 28
12 42 88
12 43 34
12 44 49
12 45 20
12 46 94
12 47 92
12 48 7
12 49 42
12 50 91
12 51 23
12 52 81
12 53 60
12 54 77
12 55 39
12 56 22
12 57 8
12 58 40
12 59 45
13 14 83
13 15 49
13 16 10
13 17 47
13 18 22
13 19 31
13 20 33
13 21 4
13 22 66
13 23 4
13 24 63
13 25 8
13 26 52
13 27 77
13 28 43
13 29 40
13 30 96
13 31 73
13 32 32
13 33 28
13 34 83
13 35 2
13 36 12
13 37 90
13 38 26
13 39 77
13 40 65
13 41 69
13 42 58
13 43 21
13 44 78
13 45 69
13 46 9
13 47 91
13 48 3
13 49 70
13 50 72
13 51 74
13 52 31
13 53 100
13 54 29
13 55 7
13 56 92
13 57 67
13 58 50
13 59 54
14 15 11
14 16 72
14 17 88
14 18 65
14 19 43
14 20 42
14 21 82
14 22 91
14 23 7
14 24 80
14 25 11
14 26 47
14 27 23
14 28 47
14 29 70
14 30 84
14 31 52
14 32 97
14 33 14
14 34 67
14 35 55
14 36 22
14 37 70
14 38 5
14 39 1
14 40 85
14 41 7
14 42 27
14 43 54
14 44 5
14 45 80
14 46 6
14 47 3
14 48 66
14 49 56
14 50 78
14 51 77
14 52 12
14 53 5
14 54 64
14 55 89
14 56 59
14 57 3
14 58 74
14 59 74
15 16 48
15 17 51
15 18 92
15 19 67
15 20 63
15 21 65
15 22 3
15 23 1
15 24 41
15 25 34
15 26 93
15 27 28
15 28 89
15 29 77
15 30 60
15 31 44
15 32 36
15 33 54
15 34 50
15 35 35
15 36 18
15 37 30
15 38 19
15 39 55
15 40 31
15 41 96
15 42 33
15 43 30
15 44 11
15 45 60
15 46 78
15 47 97
15 48 25
15 49 58
15 50 100
15 51 86
15 52 3
15 53 24
15 54 28
15 55 86
15 56 44
15 57 84
15 58 70
15 59 22
16 17 79
16 18 72
16 19 30
16 20 29
16 21 41
16 22 71
16 23 38
16 24 68
16 25 51
16 26 14
16 27 48
16 28 40
16 29 64
16 30 61
16 31 96
16 32 16
16 33 22
16 34 72
16 35 23
16 36 66
16 37 54
16 38 15
16 39 57
16 40 95
16 41 65
16 42 100
16 43 83
16 44 65
16 45 9
16 46 44
16 47 20
16 48 82
16 49 36
16 50 27
16 51 64
16 52 78
16 53 77
16 54 39
16 55 4
16 56 48
16 57 29
16 58 50
16 59 82
17 18 68
17 19 28
17 20 99
17 21 59
17 22 67
17 23 45
17 24 59
17 25 51
17 26 58
17 27 3
17 28 66
17 29 100
17 30 45
17 31 30
17 32 2
17 33 51
17 34 44
17 35 14
17 36 2
17 37 31
17 38 65
17 39 5
17 40 55
17 41 53
17 42 32
17 43 72
17 44 97
17 45 34
17 46 86
17 47 6
17 48 88
17 49 30
17 50 2
17 51 76
17 52 73
17 53 14
17 54 75
17 55 84
17 56 79
17 57 26
17 58 31
17 59 11
18 19 65
18 20 79
18 21 93
18 22 36
18 23 61
18 24 18
18 25 21
18 26 19
18 27 58
18 28 49
18 29 42
18 30 99
18 31 17
18 32 45
18 33 43
18 34 34
18 35 32
18 36 10
18 37 37
18 38 75
18 39 76
18 40 14
18 41 37
18 42 50
18 43 41
18 44 10
18 45 95
18 46 9
18 47 1
18 48 79
18 49 78
18 50 22
18 51 15
18 52 31
18 53 48
18 54 18
18 55 22
18 56 80
18 57 86
18 58 34
18 59 74
19 20 99
19 21 10
19 22 77
19 23 52
19 24 5
19 25 76
19 26 27
19 27 51
19 28 38
19 29 38
19 30 61
19 31 7
19 32 6
19 33 81
19 34 69
19 35 13
19 36 36
19 37 49
19 38 46
19 39 53
19 40 65
19 41 74
19 42 67
19 43 62
19 44 52
19 45 62
19 46 95
19 47 58
19 48 94
19 49 93
19 50 76
19 51 19
19 52 75
19 53 55
19 54 58
19 55 45
19 56 14
19 57 28
19 58 12
19 59 46
20 21 83
20 22 57
20 23 38
20 24 41
20 25 27
20 26 69
20 27 77
20 28 71
20 29 21
20 30 15
20 31 65
20 32 100
20 33 43
20 34 45
20 35 68
20 36 88
20 37 15
20 38 33
20 39 67
20 40 73
20 41 44
20 42 69
20 43 4
20 44 72
20 45 39
20 46 66
20 47 94
20 48 88
20 49 29
20 50 48
20 51 23
20 52 33
20 53 63
20 54 38
20 55 99
20 56 76
20 57 99
20 58 30
20 59 17
21 22 45
21 23 98
21 24 24
21 25 94
21 26 96
21 27 49
21 28 85
21 29 41
21 30 89
21 31 40
21 32 24
21 33 60
21 34 53
21 35 97
21 36 82
21 37 51
21 38 19
21 39 61
21 40 27
21 41 23
21 42 60
21 43 81
21 44 75
21 45 72
21 46 34
21 47 61
21 48 74
21 49 85
21 50 72
21 51 79
21 52 47
21 53 44
21 54 8
21 55 49
21 56 5
21 57 31
21 58 85
21 59 24
22 23 56
22 24 31
22 25 25
22 26 11
22 27 35
22 28 39
22 29 6
22 30 64
22 31 26
22 32 96
22 33 25
22 34 22
22 35 23
22 36 42
22 37 27
22 38 1
22 39 24
22 40 76
22 41 31
22 42 39
22 43 82
22 44 86
22 45 57
22 46 100
22 47 96
22 48 32
22 49 10
22 50 100
22 51 84
22 52 9
22 53 71
22 54 30
22 55 30
22 56 5
22 57 46
22 58 74
22 59 69
23 24 52
23 25 46
23 26 72
23 27 15
23 28 73
23 29 86
23 30 5
23 31 99
23 32 21
23 33 96
23 34 52
23 35 32
23 36 74
23 37 98
23 38 19
23 39 60
23 40 22
23 41 41
23 42 5
23 43 43
23 44 87
23 45 65
23 46 18
23 47 64
23 48 21
23 49 70
23 50 70
23 51 50
23 52 29
23 53 26
23 54 95
23 55 64
23 56 16
23 57 42
23 58 80
23 59 23
24 25 37
24 26 5
24 27 37
24 28 89
24 29 47
24 30 65
24 31 52
24 32 77
24 33 13
24 34 29
24 35 89
24 36 53
24 37 82
24 38 98
24 39 84
24 40 85
24 41 53
24 42 87
24 43 47
24 44 22
24 45 46
24 46 24
24 47 22
24 48 88
24 49 39
24 50 56
24 51 43
24 52 35
24 53 67
24 54 99
24 55 62
24 56 100
24 57 100
24 58 44
24 59 23
25 26 78
25 27 94
25 28 59
25 29 54
25 30 94
25 31 97
25 32 23
25 33 43
25 34 65
25 35 69
25 36 44
25 37 61
25 38 64
25 39 100
25 40 6
25 41 73
25 42 38
25 43 78
25 44 22
25 45 66
25 46 86
25 47 74
25 48 36
25 49 40
25 50 14
25 51 31
25 52 54
25 53 85
25 54 7
25 55 29
25 56 32
25 57 53
25 58 35
25 59 16
26 27 40
26 28 47
26 29 46
26 30 99
26 31 45
26 32 19
26 33 32
26 34 51
26 35 83
26 36 52
26 37 88
26 38 93
26 39 25
26 40 78
26 41 79
26 42 17
26 43 57
26 44 46
26 45 33
26 46 77
26 47 82
26 48 60
26 49 71
26 50 76
26 51 60
26 52 69
26 53 90
26 54 62
26 55 20
26 56 23
26 57 62
26 58 51
26 59 85
27 28 40
27 29 1
27 30 14
27 31 60
27 32 86
27 33 70
27 34 64
27 35 50
27 36 49
27 37 74
27 38 16
27 39 6
27 40 22
27 41 19
27 42 84
27 43 2
27 44 4
27 45 100
27 46 20
27 47 1
27 48 34
27 49 100
27 50 89
27 51 15
27 52 66
27 53 47
27 54 75
27 55 42
27 56 26
27 57 37
27 58 11
27 59 41
28 29 30
28 30 7
28 31 38
28 32 93
28 33 7
28 34 72
28 35 2
28 36 54
28 37 96
28 38 67
28 39 39
28 40 69
28 41 64
28 42 44
28 43 17
28 44 38
28 45 46
28 46 26
28 47 53
28 48 15
28 49 61
28 50 71
28 51 90
28 52 33
28 53 53
28 54 15
28 55 89
28 56 71
28 57 2
28 58 93
28 59 88
29 30 89
29 31 55
29 32 94
29 33 52
29 34 68
29 35 39
29 36 53
29 37 62
29 38 59
29 39 12
29 40 57
29 41 56
29 42 66
29 43 14
29 44 21
29 45 53
29 46 64
29 47 32
29 48 48
29 49 34
29 50 71
29 51 97
29 52 56
29 53 48
29 54 11
29 55 23
29 56 34
29 57 53
29 58 92
29 59 91
30 31 27
30 32 31
30 33 26
30 34 40
30 35 12
30 36 39
30 37 56
30 38 4
30 39 12
30 40 58
30 41 63
30 42 14
30 43 77
30 44 28
30 45 37
30 46 10
30 47 21
30 48 34
30 49 59
30 50 74
30 51 1
30 52 68
30 53 30
30 54 54
30 55 44
30 56 39
30 57 23
30 58 28
30 59 68
31 32 19
31 33 14
31 34 45
31 35 8
31 36 8
31 37 51
31 38 77
31 39 2
31 40 97
31 41 23
31 42 41
31 43 80
31 44 19
31 45 36
31 46 98
31 47 21
31 48 64
31 49 14
31 50 35
31 51 82
31 52 80
31 53 83
31 54 13
31 55 79
31 56 40
31 57 55
31 58 1
31 59 41
32 33 69
32 34 67
32 35 16
32 36 29
32 37 9
32 38 38
32 39 90
32 40 85
32 41 67
32 42 80
32 43 96
32 44 89
32 45 54
32 46 35
32 47 31
32 48 75
32 49 16
32 50 48
32 51 37
32 52 45
32 53 83
32 54 34
32 55 90
32 56 58
32 57 69
32 58 38
32 59 100
33 34 67
33 35 7
33 36 25
33 37 94
33 38 63
33 39 44
33 40 55
33 41 7
33 42 64
33 43 87
33 44 22
33 45 19
33 46 33
33 47 10
33 48 70
33 49 39
33 50 2
33 51 27
33 52 97
33 53 20
33 54 53
33 55 47
33 56 44
33 57 37
33 58 12
33 59 6
34 35 37
34 36 2
34 37 32
34 38 52
34 39 91
34 40 63
34 41 79
34 42 54
34 43 7
34 44 28
34 45 35
34 46 25
34 47 73
34 48 59
34 49 57
34 50 3
34 51 53
34 52 79
34 53 77
34 54 41
34 55 55
34 56 54
34 57 9
34 58 85
34 59 78
35 36 97
35 37 32
35 38 38
35 39 93
35 40 9
35 41 28
35 42 67
35 43 56
35 44 29
35 45 21
35 46 80
35 47 10
35 48 63
35 49 65
35 50 29
35 51 68
35 52 59
35 53 87
35 54 32
35 55 33
35 56 91
35 57 1
35 58 82
35 59 44
36 37 18
36 38 36
36 39 52
36 40 29
36 41 34
36 42 1
36 43 93
36 44 63
36 45 36
36 46 61
36 47 70
36 48 82
36 49 71
36 50 13
36 51 74
36 52 87
36 53 48
36 54 20
36 55 85
36 56 31
36 57 22
36 58 39
36 59 86
37 38 38
37 39 48
37 40 60
37 41 10
37 42 75
37 43 80
37 44 27
37 45 46
37 46 6
37 47 47
37 48 13
37 49 30
37 50 1
37 51 17
37 52 22
37 53 71
37 54 6
37 55 24
37 56 8
37 57 34
37 58 5
37 59 36
38 39 46
38 40 8
38 41 37
38 42 95
38 43 41
38 44 42
38 45 79
38 46 85
38 47 23
38 48 55
38 49 36
38 50 64
38 51 73
38 52 31
38 53 20
38 54 67
38 55 2
38 56 69
38 57 32
38 58 38
38 59 62
39 40 87
39 41 34
39 42 79
39 43 57
39 44 8
39 45 41
39 46 52
39 47 45
39 48 73
39 49 84
39 50 97
39 51 27
39 52 61
39 53 91
39 54 60
39 55 28
39 56 76
39 57 68
39 58 48
39 59 20
40 41 51
40 42 54
40 43 54
40 44 98
40 45 97
40 46 27
40 47 65
40 48 23
40 49 98
40 50 98
40 51 66
40 52 53
40 53 48
40 54 70
40 55 81
40 56 26
40 57 83
40 58 99
40 59 45
41 42 52
41 43 43
41 44 64
41 45 13
41 46 48
41 47 22
41 48 46
41 49 72
41 50 32
41 51 97
41 52 64
41 53 8
41 54 85
41 55 35
41 56 13
41 57 93
41 58 70
41 59 6
42 43 57
42 44 39
42 45 64
42 46 93
42 47 96
42 48 86
42 49 81
42 50 77
42 51 81
42 52 85
42 53 44
42 54 34
42 55 58
42 56 58
42 57 17
42 58 23
42 59 40
43 44 66
43 45 79
43 46 65
43 47 15
43 48 53
43 49 1
43 50 12
43 51 98
43 52 95
43 53 31
43 54 47
43 55 93
43 56 9
43 57 99
43 58 3
43 59 27
44 45 3
44 46 50
44 47 37
44 48 33
44 49 58
44 50 91
44 51 24
44 52 37
44 53 61
44 54 35
44 55 94
44 56 30
44 57 85
44 58 11
44 59 44
45 46 91
45 47 26
45 48 37
45 49 10
45 50 41
45 51 58
45 52 25
45 53 19
45 54 58
45 55 92
45 56 38
45 57 100
45 58 52
45 59 88
46 47 62
46 48 42
46 49 2
46 50 20
46 51 47
46 52 92
46 53 49
46 54 33
46 55 48
46 56 95
46 57 29
46 58 5
46 59 70
47 48 14
47 49 44
47 50 70
47 51 18
47 52 33
47 53 47
47 54 92
47 55 59
47 56 40
47 57 43
47 58 24
47 59 7
48 49 30
48 50 75
48 51 16
48 52 78
48 53 25
48 54 15
48 55 58
48 56 31
48 57 82
48 58 74
48 59 60
49 50 17
49 51 16
49 52 28
49 53 1
49 54 34
49 55 69
49 56 19
49 57 38
49 58 43
49 59 77
50 51 23
50 52 72
50 53 10
50 54 89
50 55 17
50 56 94
50 57 72
50 58 37
50 59 47
51 52 13
51 53 2
51 54 3
51 55 41
51 56 79
51 57 38
51 58 66
51 59 48
52 53 79
52 54 79
52 55 31
52 56 97
52 57 12
52 58 27
52 59 85
53 54 72
53 55 73
53 56 27
53 57 32
53 58 81
53 59 25
54 55 74
54 56 2
54 57 8
54 58 14
54 59 65
55 56 40
55 57 19
55 58 8
55 59 38
56 57 64
56 58 91
56 59 98
57 58 90
57 59 72
58 59 3
