84 3486 83
1 2 86
1 3 39
1 4 22
1 5 58
1 6 89
1 7 23
1 8 35
1 9 47
1 10 76
1 11 26
1 12 5
1 13 85
1 14 74
1 15 54
1 16 19
1 17 32
1 18 57
1 19 25
1 20 69
1 21 21
1 22 7
1 23 35
1 24 68
1 25 46
1 26 4
1 27 4
1 28 84
1 29 89
1 30 45
1 31 27
1 32 7
1 33 61
1 34 81
1 35 55
1 36 88
1 37 11
1 38 32
1 39 41
1 40 68
1 41 10
1 42 25
1 43 69
1 44 21
1 45 83
1 46 86
1 47 98
1 48 58
1 49 10
1 50 84
1 51 44
1 52 13
1 53 7
1 54 28
1 55 82
1 56 99
1 57 77
1 58 12
1 59 9
1 60 18
1 61 78
1 62 83
1 63 17
1 64 74
1 65 56
1 66 66
1 67 27
1 68 57
1 69 8
1 70 82
1 71 72
1 72 86
1 73 19
1 74 1
1 75 33
1 76 15
1 77 38
1 78 19
1 79 1
1 80 27
1 81 40
1 82 85
1 83 90
1 84 16
2 3 72
2 4 76
2 5 12
2 6 44
2 7 51
2 8 19
2 9 38
2 10 77
2 11 56
2 12 55
2 13 39
2 14 98
2 15 16
2 16 45
2 17 57
2 18 99
2 19 16
2 20 67
2 21 67
2 22 86
2 23 23
2 24 95
2 25 44
2 26 60
2 27 94
2 28 9
2 29 99
2 30 45
2 31 22
2 32 12
2 33 35
2 34 52
2 35 96
2 36 78
2 37 99
2 38 29
2 39 82
2 40 5
2 41 67
2 42 98
2 43 2
2 44 20
2 45 77
2 46 30
2 47 83
2 48 38
2 49 2
2 50 55
2 51 96
2 52 86
2 53 93
2 54 5
2 55 75
2 56 93
2 57 45
2 58 8
2 59 20
2 60 85
2 61 85
2 62 54
2 63 64
2 64 43
2 65 21
2 66 4
2 67 45
2 68 23
2 69 17
2 70 97
2 71 60
2 72 8
2 73 15
2 74 100
2 75 61
2 76 49
2 77 43
2 78 8
2 79 9
2 80 60
2 81 49
2 82 57
2 83 77
2 84 74
3 4 15
3 5 97
3 6 17
3 7 75
3 8 92
3 9 57
3 10 97
3 11 52
3 12 44
3 13 81
3 14 96
3 15 86
3 16 74
3 17 65
3 18 25
3 19 97
3 20 64
3 21 88
3 22 84
3 23 66
3 24 27
3 25 83
3 26 52
3 27 77
3 28 43
3 29 61
3 30 56
3 31 75
3 32 99
3 33 46
3 34 37
3 35 9
3 36 99
3 37 32
3 38 32
3 39 9
3 40 95
3 41 98
3 42 100
3 43 74
3 44 26
3 45 41
3 46 70
3 47 82
3 48 59
3 49 18
3 50 71
3 51 20
3 52 30
3 53 32
3 54 24
3 55 76
3 56 52
3 57 94
3 58 43
3 59 94
3 60 1
3 61 47
3 62 99
3 63 51
3 64 19
3 65 38
3 66 38
3 67 97
3 68 69
3 69 88
3 70 88
3 71 27
3 72 62
3 73 88
3 74 66
3 75 92
3 76 5
3 77 68
3 78 82
3 79 35
3 80 85
3 81 78
3 82 64
3 83 68
3 84 85
4 5 57
4 6 26
4 7 92
4 8 100
4 9 63
4 10 36
4 11 36
4 12 47
4 13 55
4 14 10
4 15 100
4 16 73
4 17 75
4 18 23
4 19 49
4 20 81
4 21 13
4 22 86
4 23 84
4 24 54
4 25 91
4 26 62
4 27 58
4 28 67
4 29 45
4 30 65
4 31 13
4 32 77
4 33 23
4 34 68
4 35 96
4 36 70
4 37 69
4 38 95
4 39 22
4 40 95
4 41 39
4 42 85
4 43 84
4 44 99
4 45 94
4 46 41
4 47 23
4 48 15
4 49 77
4 50 37
4 51 24
4 52 89
4 53 48
4 54 20
4 55 21
4 56 37
4 57 16
4 58 36
4 59 27
4 60 45
4 61 99
4 62 54
4 63 52
4 64 21
4 65 20
4 66 92
4 67 72
4 68 6
4 69 7
4 70 43
4 71 85
4 72 87
4 73 31
4 74 87
4 75 23
4 76 20
4 77 86
4 78 76
4 79 60
4 80 11
4 81 24
4 82 97
4 83 99
4 84 80
5 6 12
5 7 8
5 8 99
5 9 64
5 10 82
5 11 13
5 12 56
5 13 59
5 14 68
5 15 25
5 16 30
5 17 1
5 18 95
5 19 34
5 20 85
5 21 19
5 22 61
5 23 27
5 24 40
5 25 94
5 26 51
5 27 83
5 28 18
5 29 22
5 30 58
5 31 29
5 32 9
5 33 17
5 34 7
5 35 13
5 36 76
5 37 57
5 38 13
5 39 14
5 40 78
5 41 98
5 42 2
5 43 83
5 44 100
5 45 24
5 46 74
5 47 66
5 48 99
5 49 67
5 50 60
5 51 43
5 52 14
5 53 16
5 54 67
5 55 66
5 56 53
5 57 52
5 58 92
5 59 87
5 60 18
5 61 19
5 62 63
5 63 29
5 64 43
5 65 40
5 66 32
5 67 6
5 68 85
5 69 44
5 70 79
5 71 21
5 72 96
5 73 22
5 74 95
5 75 33
5 76 86
5 77 37
5 78 100
5 79 37
5 80 17
5 81 83
5 82 54
5 83 22
5 84 96
6 7 7
6 8 100
6 9 96
6 10 55
6 11 17
6 12 1
6 13 54
6 14 9
6 15 21
6 16 92
6 17 79
6 18 14
6 19 16
6 20 8
6 21 90
6 22 19
6 23 42
6 24 57
6 25 35
6 26 47
6 27 93
6 28 48
6 29 46
6 30 56
6 31 4
6 32 15
6 33 37
6 34 39
6 35 46
6 36 8
6 37 5
6 38 63
6 39 42
6 40 97
6 41 85
6 42 97
6 43 55
6 44 60
6 45 36
6 46 65
6 47 92
6 48 26
6 49 60
6 50 20
6 51 31
6 52 4
6 53 23
6 54 56
6 55 28
6 56 53
6 57 37
6 58 50
6 59 17
6 60 86
6 61 72
6 62 24
6 63 21
6 64 13
6 65 85
6 66 26
6 67 24
6 68 44
6 69 19
6 70 82
6 71 81
6 72 29
6 73 61
6 74 1
6 75 99
6 76 2
6 77 63
6 78 40
6 79 58
6 80 3
6 81 62
6 82 64
6 83 64
6 84 87
7 8 19
7 9 82
7 10 15
7 11 95
7 12 54
7 13 47
7 14 61
7 15 42
7 16 38
7 17 89
7 18 11
7 19 32
7 20 22
7 21 98
7 22 63
7 23 82
7 24 19
7 25 20
7 26 65
7 27 64
7 28 45
7 29 77
7 30 13
7 31 60
7 32 88
7 33 47
7 34 8
7 35 13
7 36 17
7 37 71
7 38 15
7 39 19
7 40 79
7 41 10
7 42 42
7 43 16
7 44 28
7 45 50
7 46 98
7 47 79
7 48 47
7 49 73
7 50 75
7 51 79
7 52 66
7 53 76
7 54 85
7 55 59
7 56 85
7 57 81
7 58 17
7 59 4
7 60 14
7 61 89
7 62 7
7 63 71
7 64 98
7 65 69
7 66 79
7 67 5
7 68 79
7 69 64
7 70 6
7 71 7
7 72 18
7 73 60
7 74 26
7 75 3
7 76 53
7 77 38
7 78 85
7 79 75
7 80 92
7 81 64
7 82 89
7 83 16
7 84 57
8 9 71
8 10 32
8 11 5
8 12 37
8 13 82
8 14 30
8 15 37
8 16 18
8 17 4
8 18 67
8 19 98
8 20 63
8 21 85
8 22 4
8 23 44
8 24 48
8 25 30
8 26 41
8 27 28
8 28 35
8 29 82
8 30 98
8 31 23
8 32 64
8 33 9
8 34 79
8 35 3
8 36 72
8 37 88
8 38 5
8 39 5
8 40 32
8 41 51
8 42 15
8 43 24
8 44 43
8 45 93
8 46 25
8 47 46
8 48 90
8 49 48
8 50 14
8 51 57
8 52 97
8 53 33
8 54 83
8 55 7
8 56 86
8 57 96
8 58 49
8 59 40
8 60 89
8 61 10
8 62 25
8 63 54
8 64 79
8 65 2
8 66 96
8 67 2
8 68 63
8 69 16
8 70 53
8 71 72
8 72 86
8 73 47
8 74 11
8 75 2
8 76 47
8 77 60
8 78 77
8 79 31
8 80 11
8 81 53
8 82 49
8 83 51
8 84 39
9 10 97
9 11 48
9 12 34
9 13 81
9 14 20
9 15 43
9 16 48
9 17 7
9 18 74
9 19 24
9 20 46
9 21 89
9 22 41
9 23 40
9 24 51
9 25 64
9 26 81
9 27 4
9 28 14
9 29 91
9 30 24
9 31 3
9 32 52
9 33 68
9 34 34
9 35 82
9 36 10
9 37 86
9 38 29
9 39 27
9 40 34
9 41 8
9 42 99
9 43 83
9 44 13
9 45 44
9 46 59
9 47 11
9 48 48
9 49 72
9 50 42
9 51 87
9 52 8
9 53 23
9 54 23
9 55 62
9 56 47
9 57 5
9 58 88
9 59 79
9 60 46
9 61 62
9 62 64
9 63 22
9 64 15
9 65 29
9 66 24
9 67 17
9 68 15
9 69 69
9 70 91
9 71 9
9 72 2
9 73 86
9 74 28
9 75 45
9 76 14
9 77 36
9 78 22
9 79 3
9 80 16
9 81 62
9 82 21
9 83 22
9 84 10
10 11 31
10 12 16
10 13 33
10 14 9
10 15 18
10 16 72
10 17 59
10 18 23
10 19 70
10 20 82
10 21 57
10 22 9
10 23 69
10 24 64
10 25 91
10 26 83
10 27 64
10 28 19
10 29 69
10 30 1
10 31 32
10 32 50
10 33 27
10 34 72
10 35 50
10 36 32
10 37 28
10 38 47
10 39 99
10 40 85
10 41 47
10 42 19
10 43 67
10 44 11
10 45 93
10 46 24
10 47 32
10 48 13
10 49 25
10 50 43
10 51 40
10 52 33
10 53 17
10 54 27
10 55 65
10 56 51
10 57 45
10 58 65
10 59 74
10 60 64
10 61 95
10 62 94
10 63 58
10 64 40
10 65 48
10 66 63
10 67 48
10 68 52
10 69 20
10 70 28
10 71 93
10 72 6
10 73 7
10 74 86
10 75 98
10 76 39
10 77 69
10 78 66
10 79 55
10 80 64
10 81 18
10 82 84
10 83 91
10 84 26
11 12 78
11 13 96
11 14 73
11 15 50
11 16 88
11 17 53
11 18 36
11 19 97
11 20 30
11 21 11
11 22 96
11 23 19
11 24 27
11 25 10
11 26 85
11 27 6
11 28 11
11 29 75
11 30 32
11 31 89
11 32 9
11 33 79
11 34 34
11 35 24
11 36 35
11 37 81
11 38 64
11 39 75
11 40 67
11 41 84
11 42 74
11 43 85
11 44 42
11 45 19
11 46 38
11 47 14
11 48 100
11 49 51
11 50 29
11 51 27
11 52 87
11 53 75
11 54 22
11 55 31
11 56 73
11 57 74
11 58 80
11 59 25
11 60 51
11 61 88
11 62 75
11 63 20
11 64 7
11 65 56
11 66 15
11 67 25
11 68 28
11 69 16
11 70 60
11 71 20
11 72 29
11 73 89
11 74 67
11 75 50
11 76 65
11 77 49
11 78 43
11 79 56
11 80 74
11 81 26
11 82 71
11 83 94
11 84 29
12 13 73
12 14 20
12 15 67
12 16 92
12 17 90
12 18 74
12 19 56
12 20 48
12 21 16
12 22 66
12 23 13
12 24 8
12 25 44
12 26 60
12 27 20
12 28 37
12 29 88
12 30 72
12 31 67
12 32 6
12 33 52
12 34 36
12 35 66
12 36 93
12 37 75
12 38 1
12 39 93
12 40 93
12 41 46
12 42 26
12 43 91
12 44 31
12 45 37
12 46 61
12 47 92
12 48 92
12 49 83
12 50 1
12 51 56
12 52 28
12 53 83
12 54 90
12 55 60
12 56 82
12 57 69
12 58 61
12 59 14
12 60 21
12 61 36
12 62 68
12 63 16
12 64 84
12 65 97
12 66 40
12 67 52
12 68 88
12 69 15
12 70 77
12 71 23
12 72 44
12 73 52
12 74 18
12 75 22
12 76 96
12 77 70
12 78 75
12 79 65
12 80 7
12 81 81
12 82 56
12 83 89
12 84 56
13 14 68
13 15 28
13 16 1
13 17 16
13 18 37
13 19 32
13 20 45
13 21 7
13 22 46
13 23 15
13 24 59
13 25 39
13 26 43
13 27 24
13 28 55
13 29 47
13 30 80
13 31 63
13 32 20
13 33 32
13 34 39
13 35 4
13 36 35
13 37 46
13 38 76
13 39 4
13 40 20
13 41 13
13 42 8
13 43 1
13 44 78
13 45 86
13 46 60
13 47 96
13 48 13
13 49 63
13 50 36
13 51 6
13 52 89
13 53 22
13 54 86
13 55 45
13 56 9
13 57 10
13 58 20
13 59 35
13 60 4
13 61 94
13 62 97
13 63 43
13 64 14
13 65 64
13 66 12
13 67 5
13 68 18
13 69 2
13 70 75
13 71 19
13 72 88
13 73 1
13 74 77
13 75 1
13 76 11
13 77 89
13 78 81
13 79 37
13 80 25
13 81 77
13 82 66
13 83 8
13 84 39
14 15 46
14 16 72
14 17 89
14 18 83
14 19 92
14 20 39
14 21 70
14 22 11
14 23 26
14 24 54
14 25 41
14 26 77
14 27 76
14 28 29
14 29 96
14 30 42
14 31 15
14 32 61
14 33 94
14 34 30
14 35 77
14 36 30
14 37 50
14 38 77
14 39 58
14 40 82
14 41 10
14 42 23
14 43 100
14 44 23
14 45 10
14 46 78
14 47 76
14 48 21
14 49 24
14 50 60
14 51 100
14 52 12
14 53 37
14 54 13
14 55 88
14 56 92
14 57 8
14 58 27
14 59 71
14 60 59
14 61 94
14 62 20
14 63 25
14 64 40
14 65 33
14 66 24
14 67 99
14 68 46
14 69 6
14 70 72
14 71 58
14 72 7
14 73 45
14 74 51
14 75 38
14 76 64
14 77 33
14 78 39
14 79 73
14 80 28
14 81 78
14 82 7
14 83 3
14 84 39
15 16 78
15 17 52
15 18 93
15 19 73
15 20 26
15 21 74
15 22 42
15 23 28
15 24 66
15 25 54
15 26 4
15 27 61
15 28 73
15 29 42
15 30 33
15 31 9
15 32 97
15 33 50
15 34 14
15 35 43
15 36 23
15 37 75
15 38 92
15 39 44
15 40 54
15 41 52
15 42 83
15 43 68
15 44 28
15 45 21
15 46 5
15 47 77
15 48 72
15 49 30
15 50 46
15 51 8
15 52 40
15 53 26
15 54 42
15 55 63
15 56 55
15 57 75
15 58 44
15 59 65
15 60 7
15 61 62
15 62 71
15 63 24
15 64 92
15 65 46
15 66 68
15 67 70
15 68 23
15 69 70
15 70 51
15 71 38
15 72 33
15 73 67
15 74 4
15 75 76
15 76 72
15 77 47
15 78 83
15 79 93
15 80 20
15 81 74
15 82 8
15 83 36
15 84 17
16 17 67
16 18 18
16 19 15
16 20 9
16 21 46
16 22 55
16 23 79
16 24 30
16 25 54
16 26 23
16 27 20
16 28 17
16 29 89
16 30 62
16 31 34
16 32 48
16 33 49
16 34 73
16 35 9
16 36 77
16 37 50
16 38 28
16 39 95
16 40 8
16 41 75
16 42 47
16 43 58
16 44 11
16 45 73
16 46 25
16 47 48
16 48 80
16 49 6
16 50 74
16 51 65
16 52 29
16 53 63
16 54 23
16 55 72
16 56 80
16 57 32
16 58 65
16 59 67
16 60 84
16 61 9
16 62 15
16 63 7
16 64 18
16 65 16
16 66 77
16 67 53
16 68 91
16 69 52
16 70 66
16 71 12
16 72 65
16 73 21
16 74 90
16 75 60
16 76 82
16 77 76
16 78 1
16 79 17
16 80 64
16 81 97
16 82 34
16 83 75
16 84 42
17 18 13
17 19 21
17 20 6
17 21 1
17 22 45
17 23 86
17 24 4
17 25 26
17 26 30
17 27 79
17 28 27
17 29 29
17 30 80
17 31 17
17 32 10
17 33 75
17 34 2
17 35 94
17 36 16
17 37 59
17 38 9
17 39 96
17 40 58
17 41 18
17 42 58
17 43 31
17 44 40
17 45 64
17 46 82
17 47 93
17 48 24
17 49 17
17 50 88
17 51 91
17 52 57
17 53 49
17 54 2
17 55 93
17 56 70
17 57 91
17 58 33
17 59 59
17 60 24
17 61 47
17 62 64
17 63 12
17 64 98
17 65 6
17 66 54
17 67 39
17 68 31
17 69 72
17 70 68
17 71 69
17 72 43
17 73 30
17 74 47
17 75 77
17 76 15
17 77 37
17 78 29
17 79 93
17 80 99
17 81 64
17 82 98
17 83 80
17 84 14
18 19 63
18 20 22
18 21 25
18 22 20
18 23 2
18 24 95
18 25 65
18 26 93
18 27 61
18 28 84
18 29 66
18 30 9
18 31 52
18 32 76
18 33 62
18 34 15
18 35 7
18 36 7
18 37 74
18 38 42
18 39 24
18 40 9
18 41 48
18 42 29
18 43 31
18 44 52
18 45 7
18 46 49
18 47 24
18 48 58
18 49 57
18 50 62
18 51 72
18 52 19
18 53 98
18 54 18
18 55 93
18 56 84
18 57 97
18 58 95
18 59 60
18 60 49
18 61 32
18 62 33
18 63 87
18 64 83
18 65 89
18 66 8
18 67 16
18 68 30
18 69 72
18 70 87
18 71 23
18 72 27
18 73 57
18 74 74
18 75 68
18 76 74
18 77 67
18 78 10
18 79 31
18 80 52
18 81 44
18 82 86
18 83 90
18 84 16
19 20 76
19 21 82
19 22 47
19 23 68
19 24 37
19 25 82
19 26 40
19 27 51
19 28 63
19 29 74
19 30 53
19 31 58
19 32 14
19 33 20
19 34 83
19 35 62
19 36 58
19 37 50
19 38 99
19 39 26
19 40 48
19 41 12
19 42 84
19 43 28
19 44 41
19 45 3
19 46 84
19 47 50
19 48 34
19 49 53
19 50 4
19 51 36
19 52 11
19 53 50
19 54 83
19 55 95
19 56 10
19 57 95
19 58 97
19 59 73
19 60 60
19 61 82
19 62 84
19 63 74
19 64 58
19 65 91
19 66 98
19 67 39
19 68 5
19 69 57
19 70 90
19 71 90
19 72 16
19 73 6
19 74 56
19 75 31
19 76 55
19 77 55
19 78 84
19 79 90
19 80 73
19 81 78
19 82 42
19 83 18
19 84 96
20 21 84
20 22 20
20 23 51
20 24 35
20 25 46
20 26 12
20 27 28
20 28 10
20 29 75
20 30 15
20 31 43
20 32 78
20 33 13
20 34 34
20 35 94
20 36 53
20 37 22
20 38 8
20 39 70
20 40 24
20 41 31
20 42 70
20 43 57
20 44 63
20 45 41
20 46 49
20 47 68
20 48 72
20 49 4
20 50 58
20 51 7
20 52 2
20 53 75
20 54 90
20 55 82
20 56 97
20 57 10
20 58 71
20 59 95
20 60 89
20 61 52
20 62 94
20 63 89
20 64 64
20 65 70
20 66 50
20 67 28
20 68 32
20 69 59
20 70 18
20 71 56
20 72 64
20 73 3
20 74 71
20 75 100
20 76 25
20 77 29
20 78 48
20 79 74
20 80 51
20 81 10
20 82 82
20 83 58
20 84 78
21 22 12
21 23 35
21 24 98
21 25 89
21 26 13
21 27 67
21 28 50
21 29 33
21 30 44
21 31 33
21 32 5
21 33 33
21 34 88
21 35 1
21 36 73
21 37 83
21 38 7
21 39 20
21 40 63
21 41 19
21 42 99
21 43 83
21 44 18
21 45 49
21 46 37
21 47 39
21 48 77
21 49 61
21 50 28
21 51 51
21 52 76
21 53 57
21 54 52
21 55 29
21 56 48
21 57 68
21 58 60
21 59 88
21 60 42
21 61 2
21 62 18
21 63 91
21 64 10
21 65 52
21 66 99
21 67 9
21 68 77
21 69 77
21 70 22
21 71 23
21 72 32
21 73 100
21 74 33
21 75 45
21 76 9
21 77 39
21 78 85
21 79 32
21 80 97
21 81 30
21 82 90
21 83 48
21 84 100
22 23 48
22 24 6
22 25 44
22 26 18
22 27 15
22 28 76
22 29 85
22 30 83
22 31 13
22 32 1
22 33 75
22 34 74
22 35 45
22 36 61
22 37 15
22 38 42
22 39 99
22 40 33
22 41 19
22 42 70
22 43 49
22 44 72
22 45 75
22 46 67
22 47 95
22 48 44
22 49 15
22 50 22
22 51 19
22 52 63
22 53 26
22 54 51
22 55 37
22 56 2
22 57 68
22 58 48
22 59 63
22 60 49
22 61 74
22 62 13
22 63 54
22 64 63
22 65 80
22 66 89
22 67 34
22 68 63
22 69 15
22 70 95
22 71 63
22 72 46
22 73 36
22 74 21
22 75 57
22 76 66
22 77 55
22 78 10
22 79 49
22 80 98
22 81 60
22 82 29
22 83 34
22 84 22
23 24 68
23 25 82
23 26 34
23 27 22
23 28 29
23 29 76
23 30 22
23 31 22
23 32 27
23 33 17
23 34 46
23 35 48
23 36 83
23 37 40
23 38 55
23 39 18
23 40 91
23 41 56
23 42 37
23 43 41
23 44 88
23 45 61
23 46 56
23 47 31
23 48 90
23 49 17
23 50 63
23 51 5
23 52 23
23 53 45
23 54 99
23 55 58
23 56 96
23 57 83
23 58 83
23 59 21
23 60 32
23 61 13
23 62 58
23 63 81
23 64 47
23 65 71
23 66 2
23 67 28
23 68 85
23 69 53
23 70 80
23 71 85
23 72 50
23 73 34
23 74 3
23 75 86
23 76 83
23 77 51
23 78 68
23 79 57
23 80 91
23 81 25
23 82 93
23 83 75
23 84 92
24 25 15
24 26 76
24 27 3
24 28 77
24 29 22
24 30 68
24 31 73
24 32 70
24 33 84
24 34 74
24 35 97
24 36 53
24 37 7
24 38 18
24 39 71
24 40 9
24 41 81
24 42 59
24 43 48
24 44 75
24 45 53
24 46 98
24 47 90
24 48 47
24 49 60
24 50 52
24 51 53
24 52 84
24 53 29
24 54 80
24 55 65
24 56 18
24 57 56
24 58 46
24 59 83
24 60 31
24 61 84
24 62 86
24 63 59
24 64 96
24 65 21
24 66 39
24 67 55
24 68 60
24 69 90
24 70 99
24 71 3
24 72 10
24 73 1
24 74 98
24 75 38
24 76 73
24 77 65
24 78 96
24 79 65
24 80 100
24 81 48
24 82 4
24 83 65
24 84 38
25 26 94
25 27 83
25 28 62
25 29 52
25 30 60
25 31 16
25 32 22
25 33 37
25 34 84
25 35 98
25 36 63
25 37 37
25 38 54
25 39 41
25 40 55
25 41 55
25 42 6
25 43 27
25 44 91
25 45 39
25 46 99
25 47 1
25 48 89
25 49 54
25 50 47
25 51 18
25 52 51
25 53 28
25 54 44
25 55 12
25 56 31
25 57 88
25 58 49
25 59 60
25 60 48
25 61 78
25 62 17
25 63 87
25 64 34
25 65 11
25 66 31
25 67 8
25 68 11
25 69 17
25 70 29
25 71 85
25 72 4
25 73 38
25 74 65
25 75 3
25 76 97
25 77 92
25 78 87
25 79 24
25 80 99
25 81 70
25 82 13
25 83 50
25 84 76
26 27 100
26 28 22
26 29 27
26 30 59
26 31 86
26 32 2
26 33 91
26 34 70
26 35 62
26 36 96
26 37 53
26 38 82
26 39 41
26 40 5
26 41 47
26 42 40
26 43 28
26 44 63
26 45 34
26 46 85
26 47 73
26 48 80
26 49 58
26 50 26
26 51 42
26 52 36
26 53 80
26 54 48
26 55 63
26 56 13
26 57 86
26 58 89
26 59 73
26 60 82
26 61 73
26 62 54
26 63 49
26 64 65
26 65 50
26 66 7
26 67 20
26 68 21
26 69 15
26 70 12
26 71 70
26 72 14
26 73 39
26 74 1
26 75 68
26 76 46
26 77 44
26 78 27
26 79 85
26 80 47
26 81 92
26 82 26
26 83 39
26 84 40
27 28 89
27 29 36
27 30 54
27 31 74
27 32 43
27 33 85
27 34 97
27 35 83
27 36 97
27 37 1
27 38 97
27 39 71
27 40 46
27 41 67
27 42 10
27 43 49
27 44 60
27 45 18
27 46 8
27 47 35
27 48 36
27 49 48
27 50 20
27 51 42
27 52 16
27 53 27
27 54 43
27 55 85
27 56 48
27 57 24
27 58 54
27 59 31
27 60 9
27 61 94
27 62 12
27 63 92
27 64 40
27 65 22
27 66 11
27 67 57
27 68 45
27 69 40
27 70 79
27 71 42
27 72 25
27 73 54
27 74 90
27 75 79
27 76 95
27 77 46
27 78 73
27 79 10
27 80 45
27 81 58
27 82 41
27 83 77
27 84 76
28 29 15
28 30 84
28 31 83
28 32 32
28 33 14
28 34 87
28 35 66
28 36 37
28 37 3
28 38 37
28 39 29
28 40 6
28 41 66
28 42 10
28 43 50
28 44 76
28 45 58
28 46 47
28 47 5
28 48 24
28 49 56
28 50 9
28 51 77
28 52 39
28 53 52
28 54 18
28 55 41
28 56 38
28 57 58
28 58 52
28 59 57
28 60 24
28 61 26
28 62 80
28 63 65
28 64 75
28 65 48
28 66 68
28 67 17
28 68 60
28 69 70
28 70 78
28 71 86
28 72 17
28 73 13
28 74 88
28 75 9
28 76 5
28 77 1
28 78 40
28 79 81
28 80 43
28 81 79
28 82 67
28 83 44
28 84 87
29 30 68
29 31 64
29 32 72
29 33 48
29 34 54
29 35 84
29 36 84
29 37 57
29 38 37
29 39 75
29 40 95
29 41 26
29 42 15
29 43 51
29 44 89
29 45 43
29 46 82
29 47 2
29 48 90
29 49 65
29 50 25
29 51 66
29 52 84
29 53 56
29 54 76
29 55 65
29 56 31
29 57 8
29 58 82
29 59 39
29 60 4
29 61 5
29 62 91
29 63 65
29 64 68
29 65 8
29 66 82
29 67 35
29 68 48
29 69 99
29 70 2
29 71 8
29 72 22
29 73 28
29 74 54
29 75 27
29 76 35
29 77 60
29 78 14
29 79 97
29 80 13
29 81 20
29 82 12
29 83 61
29 84 7
30 31 55
30 32 18
30 33 25
30 34 3
30 35 34
30 36 30
30 37 46
30 38 66
30 39 75
30 40 85
30 41 74
30 42 55
30 43 70
30 44 72
30 45 55
30 46 27
30 47 88
30 48 59
30 49 95
30 50 30
30 51 25
30 52 30
30 53 76
30 54 21
30 55 8
30 56 57
30 57 52
30 58 90
30 59 88
30 60 10
30 61 77
30 62 61
30 63 71
30 64 82
30 65 83
30 66 17
30 67 3
30 68 17
30 69 59
30 70 18
30 71 69
30 72 62
30 73 42
30 74 22
30 75 32
30 76 75
30 77 25
30 78 69
30 79 57
30 80 73
30 81 85
30 82 31
30 83 69
30 84 43
31 32 85
31 33 23
31 34 39
31 35 28
31 36 84
31 37 6
31 38 24
31 39 88
31 40 64
31 41 35
31 42 47
31 43 74
31 44 28
31 45 59
31 46 88
31 47 13
31 48 28
31 49 28
31 50 28
31 51 32
31 52 21
31 53 57
31 54 84
31 55 97
31 56 96
31 57 4
31 58 75
31 59 80
31 60 24
31 61 68
31 62 24
31 63 94
31 64 58
31 65 55
31 66 45
31 67 62
31 68 18
31 69 25
31 70 66
31 71 70
31 72 43
31 73 85
31 74 24
31 75 46
31 76 69
31 77 29
31 78 45
31 79 32
31 80 93
31 81 78
31 82 8
31 83 81
31 84 23
32 33 7
32 34 58
32 35 69
32 36 55
32 37 51
32 38 88
32 39 65
32 40 97
32 41 71
32 42 84
32 43 98
32 44 18
32 45 40
32 46 66
32 47 70
32 48 82
32 49 74
32 50 86
32 51 77
32 52 41
32 53 88
32 54 83
32 55 66
32 56 45
32 57 36
32 58 7
32 59 96
32 60 21
32 61 28
32 62 1
32 63 55
32 64 50
32 65 84
32 66 1
32 67 73
32 68 20
32 69 44
32 70 33
32 71 40
32 72 43
32 73 62
32 74 75
32 75 25
32 76 100
32 77 18
32 78 68
32 79 97
32 80 27
32 81 17
32 82 62
32 83 12
32 84 39
33 34 24
33 35 45
33 36 100
33 37 42
33 38 54
33 39 99
33 40 65
33 41 86
33 42 73
33 43 53
33 44 78
33 45 6
33 46 36
33 47 57
33 48 12
33 49 96
33 50 5
33 51 14
33 52 11
33 53 25
33 54 85
33 55 50
33 56 93
33 57 79
33 58 59
33 59 100
33 60 71
33 61 62
33 62 27
33 63 81
33 64 21
33 65 5
33 66 93
33 67 60
33 68 71
33 69 87
33 70 34
33 71 8
33 72 6
33 73 77
33 74 38
33 75 58
33 76 19
33 77 32
33 78 72
33 79 34
33 80 73
33 81 52
33 82 80
33 83 10
33 84 86
34 35 41
34 36 93
34 37 38
34 38 93
34 39 40
34 40 8
34 41 60
34 42 36
34 43 43
34 44 56
34 45 87
34 46 20
34 47 43
34 48 67
34 49 6
34 50 7
34 51 80
34 52 50
34 53 4
34 54 83
34 55 70
34 56 93
34 57 42
34 58 94
34 59 36
34 60 83
34 61 85
34 62 44
34 63 27
34 64 56
34 65 31
34 66 14
34 67 30
34 68 8
34 69 84
34 70 70
34 71 37
34 72 17
34 73 62
34 74 100
34 75 61
34 76 75
34 77 25
34 78 44
34 79 37
34 80 91
34 81 74
34 82 70
34 83 43
34 84 48
35 36 39
35 37 48
35 38 91
35 39 76
35 40 3
35 41 34
35 42 49
35 43 77
35 44 4
35 45 31
35 46 91
35 47 97
35 48 81
35 49 12
35 50 43
35 51 62
35 52 92
35 53 90
35 54 37
35 55 67
35 56 56
35 57 21
35 58 87
35 59 21
35 60 51
35 61 54
35 62 45
35 63 27
35 64 89
35 65 4
35 66 95
35 67 12
35 68 94
35 69 98
35 70 8
35 71 8
35 72 9
35 73 88
35 74 71
35 75 37
35 76 38
35 77 87
35 78 89
35 79 56
35 80 20
35 81 78
35 82 36
35 83 6
35 84 55
36 37 81
36 38 100
36 39 77
36 40 52
36 41 4
36 42 53
36 43 35
36 44 20
36 45 5
36 46 98
36 47 19
36 48 81
36 49 68
36 50 52
36 51 53
36 52 25
36 53 31
36 54 28
36 55 96
36 56 23
36 57 81
36 58 43
36 59 28
36 60 86
36 61 29
36 62 38
36 63 70
36 64 16
36 65 25
36 66 42
36 67 29
36 68 39
36 69 18
36 70 65
36 71 46
36 72 80
36 73 61
36 74 99
36 75 64
36 76 37
36 77 18
36 78 40
36 79 80
36 80 69
36 81 52
36 82 84
36 83 54
36 84 52
37 38 46
37 39 9
37 40 85
37 41 52
37 42 50
37 43 81
37 44 94
37 45 63
37 46 16
37 47 51
37 48 51
37 49 9
37 50 84
37 51 70
37 52 62
37 53 3
37 54 86
37 55 7
37 56 100
37 57 22
37 58 22
37 59 67
37 60 99
37 61 72
37 62 7
37 63 17
37 64 51
37 65 66
37 66 18
37 67 15
37 68 77
37 69 27
37 70 100
37 71 29
37 72 44
37 73 86
37 74 6
37 75 95
37 76 21
37 77 7
37 78 25
37 79 16
37 80 68
37 81 5
37 82 90
37 83 92
37 84 20
38 39 5
38 40 96
38 41 84
38 42 30
38 43 21
38 44 45
38 45 95
38 46 37
38 47 24
38 48 55
38 49 93
38 50 35
38 51 29
38 52 96
38 53 80
38 54 35
38 55 26
38 56 9
38 57 25
38 58 45
38 59 9
38 60 40
38 61 91
38 62 48
38 63 3
38 64 51
38 65 92
38 66 15
38 67 81
38 68 94
38 69 84
38 70 42
38 71 22
38 72 49
38 73 76
38 74 77
38 75 29
38 76 55
38 77 57
38 78 52
38 79 77
38 80 79
38 81 75
38 82 66
38 83 68
38 84 11
39 40 70
39 41 69
39 42 36
39 43 14
39 44 1
39 45 75
39 46 92
39 47 14
39 48 58
39 49 25
39 50 73
39 51 18
39 52 32
39 53 58
39 54 64
39 55 81
39 56 36
39 57 4
39 58 65
39 59 37
39 60 83
39 61 68
39 62 24
39 63 18
39 64 53
39 65 100
39 66 12
39 67 71
39 68 84
39 69 39
39 70 15
39 71 14
39 72 85
39 73 52
39 74 94
39 75 10
39 76 88
39 77 39
39 78 3
39 79 66
39 80 59
39 81 69
39 82 78
39 83 20
39 84 45
40 41 32
40 42 64
40 43 31
40 44 15
40 45 53
40 46 27
40 47 9
40 48 6
40 49 3
40 50 46
40 51 21
40 52 46
40 53 51
40 54 73
40 55 22
40 56 76
40 57 76
40 58 5
40 59 9
40 60 71
40 61 73
40 62 86
40 63 57
40 64 79
40 65 18
40 66 83
40 67 44
40 68 44
40 69 67
40 70 57
40 71 43
40 72 7
40 73 92
40 74 65
40 75 50
40 76 39
40 77 45
40 78 59
40 79 5
40 80 41
40 81 9
40 82 30
40 83 75
40 84 61
41 42 21
41 43 38
41 44 47
41 45 59
41 46 88
41 47 88
41 48 78
41 49 23
41 50 27
41 51 65
41 52 39
41 53 80
41 54 23
41 55 3
41 56 50
41 57 47
41 58 49
41 59 19
41 60 15
41 61 91
41 62 84
41 63 86
41 64 87
41 65 49
41 66 59
41 67 12
41 68 67
41 69 53
41 70 74
41 71 11
41 72 12
41 73 59
41 74 48
41 75 25
41 76 15
41 77 33
41 78 18
41 79 12
41 80 85
41 81 8
41 82 30
41 83 9
41 84 38
42 43 63
42 44 20
42 45 82
42 46 2
42 47 93
42 48 67
42 49 52
42 50 34
42 51 12
42 52 43
42 53 7
42 54 25
42 55 54
42 56 5
42 57 86
42 58 20
42 59 70
42 60 67
42 61 23
42 62 28
42 63 35
42 64 95
42 65 91
42 66 63
42 67 71
42 68 25
42 69 29
42 70 41
42 71 52
42 72 61
42 73 53
42 74 95
42 75 29
42 76 79
42 77 41
42 78 89
42 79 71
42 80 57
42 81 76
42 82 98
42 83 64
42 84 23
43 44 46
43 45 59
43 46 93
43 47 52
43 48 37
43 49 71
43 50 83
43 51 45
43 52 35
43 53 95
43 54 5
43 55 79
43 56 8
43 57 88
43 58 24
43 59 71
43 60 2
43 61 80
43 62 35
43 63 57
43 64 65
43 65 74
43 66 8
43 67 44
43 68 33
43 69 44
43 70 50
43 71 34
43 72 95
43 73 94
43 74 28
43 75 86
43 76 27
43 77 61
43 78 8
43 79 15
43 80 39
43 81 26
43 82 57
43 83 87
43 84 77
44 45 45
44 46 59
44 47 18
44 48 75
44 49 26
44 50 31
44 51 100
44 52 93
44 53 5
44 54 18
44 55 93
44 56 16
44 57 3
44 58 81
44 59 8
44 60 10
44 61 72
44 62 24
44 63 55
44 64 19
44 65 58
44 66 87
44 67 14
44 68 77
44 69 22
44 70 78
44 71 40
44 72 12
44 73 53
44 74 54
44 75 86
44 76 56
44 77 4
44 78 90
44 79 31
44 80 65
44 81 35
44 82 98
44 83 22
44 84 23
45 46 26
45 47 72
45 48 31
45 49 50
45 50 55
45 51 34
45 52 26
45 53 52
45 54 44
45 55 9
45 56 14
45 57 2
45 58 58
45 59 35
45 60 26
45 61 84
45 62 36
45 63 100
45 64 18
45 65 6
45 66 96
45 67 81
45 68 82
45 69 33
45 70 13
45 71 67
45 72 12
45 73 59
45 74 35
45 75 4
45 76 58
45 77 48
45 78 97
45 79 19
45 80 67
45 81 55
45 82 40
45 83 60
45 84 62
46 47 100
46 48 72
46 49 91
46 50 92
46 51 1
46 52 51
46 53 49
46 54 64
46 55 62
46 56 10
46 57 42
46 58 16
46 59 85
46 60 18
46 61 39
46 62 57
46 63 79
46 64 3
46 65 18
46 66 81
46 67 56
46 68 93
46 69 34
46 70 69
46 71 97
46 72 34
46 73 12
46 74 21
46 75 76
46 76 58
46 77 8
46 78 74
46 79 57
46 80 25
46 81 69
46 82 49
46 83 6
46 84 70
47 48 44
47 49 58
47 50 93
47 51 26
47 52 64
47 53 20
47 54 10
47 55 70
47 56 96
47 57 86
47 58 97
47 59 17
47 60 74
47 61 72
47 62 2
47 63 58
47 64 23
47 65 59
47 66 55
47 67 47
47 68 48
47 69 46
47 70 100
47 71 95
47 72 25
47 73 43
47 74 19
47 75 29
47 76 1
47 77 77
47 78 37
47 79 27
47 80 53
47 81 83
47 82 20
47 83 11
47 84 89
48 49 50
48 50 97
48 51 82
48 52 2
48 53 68
48 54 86
48 55 81
48 56 43
48 57 98
48 58 7
48 59 50
48 60 92
48 61 35
48 62 21
48 63 64
48 64 62
48 65 68
48 66 89
48 67 15
48 68 63
48 69 77
48 70 75
48 71 90
48 72 23
48 73 38
48 74 26
48 75 45
48 76 70
48 77 76
48 78 72
48 79 12
48 80 1
48 81 19
48 82 70
48 83 9
48 84 31
49 50 30
49 51 33
49 52 69
49 53 9
49 54 40
49 55 28
49 56 61
49 57 42
49 58 72
49 59 33
49 60 67
49 61 90
49 62 73
49 63 32
49 64 86
49 65 88
49 66 63
49 67 23
49 68 3
49 69 87
49 70 31
49 71 100
49 72 78
49 73 65
49 74 7
49 75 32
49 76 32
49 77 96
49 78 74
49 79 16
49 80 67
49 81 38
49 82 87
49 83 61
49 84 49
50 51 10
50 52 90
50 53 8
50 54 23
50 55 44
50 56 68
50 57 88
50 58 56
50 59 49
50 60 2
50 61 97
50 62 34
50 63 63
50 64 60
50 65 88
50 66 32
50 67 88
50 68 21
50 69 30
50 70 9
50 71 96
50 72 66
50 73 84
50 74 65
50 75 62
50 76 54
50 77 59
50 78 25
50 79 55
50 80 84
50 81 78
50 82 24
50 83 10
50 84 91
51 52 78
51 53 35
51 54 11
51 55 83
51 56 14
51 57 92
51 58 55
51 59 58
51 60 18
51 61 9
51 62 88
51 63 20
51 64 100
51 65 70
51 66 4
51 67 43
51 68 50
51 69 37
51 70 81
51 71 17
51 72 94
51 73 81
51 74 11
51 75 4
51 76 29
51 77 62
51 78 62
51 79 18
51 80 98
51 81 18
51 82 3
51 83 12
51 84 78
52 53 38
52 54 2
52 55 72
52 56 17
52 57 87
52 58 16
52 59 70
52 60 59
52 61 55
52 62 8
52 63 93
52 64 88
52 65 60
52 66 49
52 67 88
52 68 2
52 69 61
52 70 34
52 71 88
52 72 62
52 73 85
52 74 15
52 75 100
52 76 53
52 77 71
52 78 15
52 79 31
52 80 75
52 81 56
52 82 19
52 83 7
52 84 53
53 54 44
53 55 94
53 56 82
53 57 34
53 58 18
53 59 90
53 60 5
53 61 54
53 62 96
53 63 64
53 64 66
53 65 5
53 66 83
53 67 53
53 68 94
53 69 12
53 70 64
53 71 31
53 72 46
53 73 10
53 74 23
53 75 74
53 76 24
53 77 19
53 78 83
53 79 77
53 80 66
53 81 47
53 82 22
53 83 5
53 84 29
54 55 10
54 56 99
54 57 46
54 58 68
54 59 11
54 60 87
54 61 8
54 62 9
54 63 39
54 64 27
54 65 6
54 66 22
54 67 48
54 68 58
54 69 7
54 70 38
54 71 80
54 72 11
54 73 10
54 74 27
54 75 57
54 76 51
54 77 69
54 78 100
54 79 73
54 80 70
54 81 6
54 82 27
54 83 78
54 84 66
55 56 100
55 57 84
55 58 36
55 59 59
55 60 73
55 61 68
55 62 50
55 63 27
55 64 4
55 65 95
55 66 35
55 67 22
55 68 70
55 69 51
55 70 11
55 71 97
55 72 76
55 73 16
55 74 4
55 75 85
55 76 19
55 77 38
55 78 41
55 79 32
55 80 9
55 81 70
55 82 26
55 83 56
55 84 23
56 57 14
56 58 6
56 59 57
56 60 47
56 61 12
56 62 40
56 63 37
56 64 90
56 65 7
56 66 28
56 67 32
56 68 43
56 69 8
56 70 44
56 71 19
56 72 75
56 73 81
56 74 99
56 75 24
56 76 34
56 77 37
56 78 5
56 79 95
56 80 1
56 81 90
56 82 29
56 83 46
56 84 38
57 58 90
57 59 58
57 60 23
57 61 94
57 62 75
57 63 71
57 64 56
57 65 70
57 66 76
57 67 92
57 68 67
57 69 32
57 70 10
57 71 19
57 72 51
57 73 10
57 74 31
57 75 91
57 76 5
57 77 28
57 78 55
57 79 100
57 80 64
57 81 73
57 82 42
57 83 85
57 84 57
58 59 91
58 60 24
58 61 14
58 62 40
58 63 74
58 64 80
58 65 30
58 66 96
58 67 15
58 68 58
58 69 29
58 70 71
58 71 46
58 72 72
58 73 53
58 74 31
58 75 70
58 76 38
58 77 70
58 78 13
58 79 47
58 80 23
58 81 94
58 82 21
58 83 43
58 84 70
59 60 50
59 61 77
59 62 47
59 63 97
59 64 81
59 65 46
59 66 47
59 67 67
59 68 93
59 69 55
59 70 7
59 71 71
59 72 68
59 73 25
59 74 94
59 75 76
59 76 86
59 77 49
59 78 49
59 79 58
59 80 90
59 81 7
59 82 28
59 83 87
59 84 3
60 61 24
60 62 42
60 63 43
60 64 78
60 65 76
60 66 82
60 67 89
60 68 33
60 69 74
60 70 90
60 71 27
60 72 70
60 73 85
60 74 15
60 75 66
60 76 93
60 77 66
60 78 16
60 79 81
60 80 99
60 81 83
60 82 73
60 83 34
60 84 35
61 62 76
61 63 7
61 64 49
61 65 4
61 66 54
61 67 22
61 68 79
61 69 20
61 70 78
61 71 42
61 72 39
61 73 24
61 74 100
61 75 30
61 76 19
61 77 80
61 78 85
61 79 61
61 80 37
61 81 42
61 82 98
61 83 17
61 84 30
62 63 8
62 64 60
62 65 90
62 66 68
62 67 87
62 68 76
62 69 73
62 70 59
62 71 80
62 72 46
62 73 33
62 74 78
62 75 2
62 76 80
62 77 46
62 78 47
62 79 80
62 80 71
62 81 100
62 82 68
62 83 11
62 84 43
63 64 35
63 65 89
63 66 53
63 67 51
63 68 14
63 69 38
63 70 94
63 71 98
63 72 65
63 73 49
63 74 61
63 75 84
63 76 76
63 77 10
63 78 61
63 79 43
63 80 76
63 81 27
63 82 34
63 83 82
63 84 13
64 65 72
64 66 56
64 67 92
64 68 17
64 69 38
64 70 40
64 71 33
64 72 93
64 73 66
64 74 69
64 75 5
64 76 70
64 77 7
64 78 46
64 79 67
64 80 96
64 81 41
64 82 67
64 83 5
64 84 16
65 66 28
65 67 87
65 68 6
65 69 39
65 70 47
65 71 51
65 72 49
65 73 6
65 74 74
65 75 82
65 76 4
65 77 40
65 78 70
65 79 21
65 80 72
65 81 23
65 82 81
65 83 55
65 84 53
66 67 87
66 68 77
66 69 21
66 70 32
66 71 25
66 72 71
66 73 73
66 74 14
66 75 6
66 76 20
66 77 70
66 78 54
66 79 86
66 80 15
66 81 24
66 82 100
66 83 29
66 84 27
67 68 54
67 69 6
67 70 56
67 71 87
67 72 70
67 73 2
67 74 30
67 75 26
67 76 53
67 77 20
67 78 81
67 79 87
67 80 34
67 81 44
67 82 15
67 83 88
67 84 95
68 69 100
68 70 78
68 71 51
68 72 5
68 73 96
68 74 99
68 75 70
68 76 1
68 77 43
68 78 5
68 79 3
68 80 87
68 81 86
68 82 52
68 83 23
68 84 18
69 70 9
69 71 1
69 72 68
69 73 67
69 74 82
69 75 92
69 76 14
69 77 60
69 78 75
69 79 8
69 80 78
69 81 82
69 82 98
69 83 12
69 84 53
70 71 89
70 72 30
70 73 52
70 74 48
70 75 91
70 76 37
70 77 92
70 78 14
70 79 9
70 80 47
70 81 43
70 82 66
70 83 11
70 84 88
71 72 49
71 73 2
71 74 59
71 75 69
71 76 85
71 77 14
71 78 84
71 79 3
71 80 85
71 81 27
71 82 78
71 83 71
71 84 34
72 73 13
72 74 99
72 75 1
72 76 23
72 77 97
72 78 100
72 79 59
72 80 30
72 81 61
72 82 62
72 83 100
72 84 56
73 74 12
73 75 83
73 76 50
73 77 18
73 78 31
73 79 77
73 80 72
73 81 16
73 82 58
73 83 13
73 84 7
74 75 5
74 76 69
74 77 33
74 78 12
74 79 12
74 80 97
74 81 61
74 82 39
74 83 64
74 84 44
75 76 87
75 77 8
75 78 52
75 79 55
75 80 57
75 81 13
75 82 18
75 83 35
75 84 74
76 77 13
76 78 72
76 79 9
76 80 12
76 81 82
76 82 35
76 83 76
76 84 12
77 78 45
77 79 12
77 80 75
77 81 20
77 82 70
77 83 64
77 84 49
78 79 82
78 80 31
78 81 18
78 82 75
78 83 47
78 84 38
79 80 26
79 81 23
79 82 93
79 83 76
79 84 1
80 81 17
80 82 59
80 83 58
80 84 5
81 82 99
81 83 65
81 84 35
82 83 70
82 84 48
83 84 76
