77 2926 76
1 2 36
1 3 91
1 4 42
1 5 33
1 6 93
1 7 78
1 8 71
1 9 71
1 10 49
1 11 26
1 12 39
1 13 65
1 14 61
1 15 87
1 16 85
1 17 32
1 18 3
1 19 39
1 20 36
1 21 79
1 22 77
1 23 55
1 24 8
1 25 72
1 26 57
1 27 47
1 28 43
1 29 11
1 30 35
1 31 7
1 32 70
1 33 41
1 34 26
1 35 98
1 36 20
1 37 87
1 38 20
1 39 17
1 40 36
1 41 58
1 42 19
1 43 91
1 44 5
1 45 81
1 46 30
1 47 12
1 48 54
1 49 73
1 50 76
1 51 13
1 52 56
1 53 25
1 54 27
1 55 27
1 56 100
1 57 83
1 58 10
1 59 36
1 60 100
1 61 23
1 62 90
1 63 81
1 64 3
1 65 38
1 66 23
1 67 95
1 68 61
1 69 62
1 70 37
1 71 66
1 72 80
1 73 7
1 74 46
1 75 93
1 76 30
1 77 68
2 3 27
2 4 11
2 5 97
2 6 84
2 7 26
2 8 88
2 9 47
2 10 55
2 11 79
2 12 69
2 13 6
2 14 67
2 15 44
2 16 85
2 17 81
2 18 95
2 19 90
2 20 12
2 21 57
2 22 65
2 23 62
2 24 87
2 25 25
2 26 73
2 27 9
2 28 64
2 29 36
2 30 27
2 31 59
2 32 89
2 33 73
2 34 37
2 35 71
2 36 77
2 37 66
2 38 41
2 39 68
2 40 76
2 41 12
2 42 4
2 43 21
2 44 20
2 45 45
2 46 44
2 47 59
2 48 69
2 49 39
2 50 56
2 51 35
2 52 93
2 53 88
2 54 55
2 55 24
2 56 31
2 57 18
2 58 60
2 59 61
2 60 13
2 61 79
2 62 86
2 63 84
2 64 74
2 65 35
2 66 62
2 67 23
2 68 48
2 69 64
2 70 93
2 71 1
2 72 28
2 73 5
2 74 63
2 75 62
2 76 6
2 77 100
3 4 95
3 5 98
3 6 58
3 7 20
3 8 73
3 9 70
3 10 22
3 11 12
3 12 77
3 13 88
3 14 83
3 15 97
3 16 77
3 17 91
3 18 57
3 19 71
3 20 11
3 21 99
3 22 90
3 23 73
3 24 93
3 25 81
3 26 55
3 27 80
3 28 37
3 29 35
3 30 85
3 31 73
3 32 90
3 33 74
3 34 61
3 35 68
3 36 29
3 37 18
3 38 85
3 39 80
3 40 66
3 41 62
3 42 72
3 43 14
3 44 15
3 45 80
3 46 37
3 47 81
3 48 26
3 49 59
3 50 94
3 51 27
3 52 19
3 53 92
3 54 81
3 55 36
3 56 47
3 57 49
3 58 2
3 59 88
3 60 33
3 61 45
3 62 41
3 63 56
3 64 9
3 65 13
3 66 89
3 67 94
3 68 81
3 69 28
3 70 84
3 71 29
3 72 63
3 73 92
3 74 26
3 75 21
3 76 35
3 77 22
4 5 68
4 6 49
4 7 86
4 8 98
4 9 45
4 10 49
4 11 70
4 12 17
4 13 13
4 14 57
4 15 84
4 16 39
4 17 40
4 18 72
4 19 86
4 20 86
4 21 6
4 22 42
4 23 93
4 24 81
4 25 78
4 26 36
4 27 100
4 28 16
4 29 55
4 30 19
4 31 10
4 32 99
4 33 97
4 34 60
4 35 18
4 36 25
4 37 30
4 38 43
4 39 62
4 40 60
4 41 82
4 42 12
4 43 47
4 44 96
4 45 38
4 46 68
4 47 69
4 48 67
4 49 15
4 50 78
4 51 79
4 52 73
4 53 41
4 54 100
4 55 58
4 56 30
4 57 88
4 58 30
4 59 98
4 60 14
4 61 77
4 62 73
4 63 98
4 64 34
4 65 100
4 66 59
4 67 58
4 68 87
4 69 71
4 70 7
4 71 2
4 72 92
4 73 77
4 74 67
4 75 69
4 76 68
4 77 79
5 6 88
5 7 25
5 8 30
5 9 40
5 10 27
5 11 95
5 12 55
5 13 64
5 14 3
5 15 10
5 16 41
5 17 83
5 18 20
5 19 14
5 20 61
5 21 96
5 22 3
5 23 73
5 24 23
5 25 21
5 26 98
5 27 55
5 28 30
5 29 5
5 30 88
5 31 36
5 32 23
5 33 35
5 34 25
5 35 24
5 36 92
5 37 59
5 38 95
5 39 1
5 40 51
5 41 99
5 42 53
5 43 94
5 44 14
5 45 46
5 46 74
5 47 52
5 48 60
5 49 85
5 50 89
5 51 71
5 52 86
5 53 26
5 54 14
5 55 2
5 56 88
5 57 55
5 58 62
5 59 18
5 60 56
5 61 56
5 62 20
5 63 25
5 64 2
5 65 36
5 66 13
5 67 59
5 68 58
5 69 19
5 70 25
5 71 7
5 72 71
5 73 49
5 74 31
5 75 16
5 76 6
5 77 32
6 7 86
6 8 79
6 9 17
6 10 34
6 11 59
6 12 27
6 13 1
6 14 89
6 15 39
6 16 58
6 17 45
6 18 95
6 19 34
6 20 7
6 21 86
6 22 5
6 23 85
6 24 12
6 25 49
6 26 85
6 27 83
6 28 86
6 29 30
6 30 54
6 31 100
6 32 69
6 33 73
6 34 30
6 35 61
6 36 99
6 37 44
6 38 93
6 39 46
6 40 47
6 41 95
6 42 94
6 43 13
6 44 4
6 45 73
6 46 15
6 47 97
6 48 6
6 49 61
6 50 85
6 51 54
6 52 36
6 53 41
6 54 39
6 55 9
6 56 22
6 57 38
6 58 89
6 59 71
6 60 61
6 61 71
6 62 5
6 63 64
6 64 59
6 65 45
6 66 13
6 67 22
6 68 45
6 69 40
6 70 37
6 71 21
6 72 7
6 73 29
6 74 96
6 75 56
6 76 2
6 77 14
7 8 4
7 9 33
7 10 68
7 11 88
7 12 52
7 13 18
7 14 54
7 15 33
7 16 39
7 17 89
7 18 99
7 19 22
7 20 44
7 21 4
7 22 16
7 23 74
7 24 19
7 25 24
7 26 87
7 27 82
7 28 76
7 29 99
7 30 23
7 31 55
7 32 45
7 33 81
7 34 79
7 35 9
7 36 15
7 37 61
7 38 54
7 39 33
7 40 63
7 41 100
7 42 79
7 43 86
7 44 30
7 45 55
7 46 13
7 47 14
7 48 41
7 49 3
7 50 72
7 51 62
7 52 36
7 53 3
7 54 56
7 55 11
7 56 12
7 57 61
7 58 25
7 59 60
7 60 25
7 61 65
7 62 82
7 63 82
7 64 19
7 65 58
7 66 83
7 67 55
7 68 5
7 69 1
7 70 79
7 71 1
7 72 99
7 73 65
7 74 57
7 75 37
7 76 38
7 77 6
8 9 1
8 10 30
8 11 63
8 12 93
8 13 95
8 14 23
8 15 81
8 16 32
8 17 100
8 18 52
8 19 4
8 20 59
8 21 73
8 22 80
8 23 46
8 24 35
8 25 57
8 26 88
8 27 3
8 28 95
8 29 7
8 30 74
8 31 26
8 32 96
8 33 4
8 34 72
8 35 62
8 36 100
8 37 95
8 38 97
8 39 27
8 40 90
8 41 31
8 42 95
8 43 66
8 44 14
8 45 61
8 46 77
8 47 49
8 48 70
8 49 89
8 50 31
8 51 28
8 52 69
8 53 89
8 54 39
8 55 58
8 56 86
8 57 2
8 58 86
8 59 71
8 60 83
8 61 55
8 62 25
8 63 98
8 64 27
8 65 38
8 66 64
8 67 61
8 68 41
8 69 80
8 70 69
8 71 45
8 72 90
8 73 9
8 74 58
8 75 85
8 76 77
8 77 85
9 10 79
9 11 15
9 12 1
9 13 94
9 14 26
9 15 34
9 16 89
9 17 34
9 18 29
9 19 91
9 20 20
9 21 67
9 22 100
9 23 83
9 24 26
9 25 92
9 26 89
9 27 35
9 28 48
9 29 92
9 30 62
9 31 77
9 32 22
9 33 62
9 34 76
9 35 81
9 36 83
9 37 32
9 38 12
9 39 63
9 40 5
9 41 2
9 42 18
9 43 92
9 44 96
9 45 80
9 46 22
9 47 72
9 48 61
9 49 38
9 50 10
9 51 52
9 52 54
9 53 55
9 54 21
9 55 56
9 56 10
9 57 42
9 58 9
9 59 41
9 60 30
9 61 46
9 62 37
9 63 38
9 64 63
9 65 54
9 66 23
9 67 6
9 68 31
9 69 2
9 70 45
9 71 2
9 72 39
9 73 85
9 74 80
9 75 8
9 76 5
9 77 96
10 11 91
10 12 93
10 13 99
10 14 49
10 15 88
10 16 29
10 17 56
10 18 99
10 19 48
10 20 81
10 21 86
10 22 18
10 23 57
10 24 36
10 25 21
10 26 49
10 27 7
10 28 72
10 29 78
10 30 20
10 31 21
10 32 64
10 33 40
10 34 58
10 35 56
10 36 13
10 37 27
10 38 6
10 39 27
10 40 48
10 41 91
10 42 84
10 43 52
10 44 2
10 45 81
10 46 63
10 47 37
10 48 70
10 49 61
10 50 18
10 51 48
10 52 86
10 53 74
10 54 95
10 55 65
10 56 54
10 57 64
10 58 44
10 59 62
10 60 57
10 61 32
10 62 91
10 63 58
10 64 34
10 65 67
10 66 54
10 67 36
10 68 64
10 69 50
10 70 97
10 71 20
10 72 21
10 73 98
10 74 60
10 75 49
10 76 15
10 77 64
11 12 19
11 13 61
11 14 59
11 15 76
11 16 25
11 17 22
11 18 65
11 19 67
11 20 24
11 21 10
11 22 54
11 23 3
11 24 79
11 25 64
11 26 73
11 27 70
11 28 35
11 29 22
11 30 39
11 31 63
11 32 1
11 33 51
11 34 7
11 35 69
11 36 30
11 37 23
11 38 31
11 39 11
11 40 84
11 41 96
11 42 68
11 43 95
11 44 19
11 45 92
11 46 58
11 47 51
11 48 24
11 49 11
11 50 13
11 51 35
11 52 32
11 53 63
11 54 82
11 55 92
11 56 69
11 57 34
11 58 51
11 59 67
11 60 44
11 61 33
11 62 21
11 63 44
11 64 43
11 65 9
11 66 2
11 67 23
11 68 38
11 69 82
11 70 71
11 71 41
11 72 88
11 73 41
11 74 70
11 75 100
11 76 83
11 77 15
12 13 10
12 14 88
12 15 48
12 16 70
12 17 51
12 18 53
12 19 61
12 20 84
12 21 42
12 22 65
12 23 60
12 24 63
12 25 54
12 26 77
12 27 74
12 28 97
12 29 91
12 30 22
12 31 94
12 32 92
12 33 100
12 34 94
12 35 22
12 36 48
12 37 36
12 38 71
12 39 5
12 40 8
12 41 6
12 42 22
12 43 82
12 44 79
12 45 12
12 46 52
12 47 9
12 48 56
12 49 62
12 50 23
12 51 91
12 52 18
12 53 98
12 54 98
12 55 73
12 56 40
12 57 31
12 58 46
12 59 67
12 60 56
12 61 83
12 62 21
12 63 23
12 64 81
12 65 54
12 66 4
12 67 83
12 68 82
12 69 22
12 70 98
12 71 94
12 72 66
12 73 90
12 74 79
12 75 98
12 76 75
12 77 37
13 14 3
13 15 100
13 16 80
13 17 14
13 18 67
13 19 85
13 20 18
13 21 42
13 22 33
13 23 45
13 24 85
13 25 81
13 26 36
13 27 8
13 28 37
13 29 100
13 30 40
13 31 12
13 32 70
13 33 71
13 34 25
13 35 60
13 36 100
13 37 44
13 38 58
13 39 98
13 40 100
13 41 62
13 42 32
13 43 53
13 44 11
13 45 58
13 46 55
13 47 6
13 48 8
13 49 52
13 50 3
13 51 61
13 52 36
13 53 96
13 54 60
13 55 97
13 56 19
13 57 34
13 58 33
13 59 58
13 60 81
13 61 41
13 62 97
13 63 41
13 64 91
13 65 25
13 66 48
13 67 27
13 68 91
13 69 13
13 70 1
13 71 52
13 72 81
13 73 75
13 74 66
13 75 57
13 76 52
13 77 78
14 15 46
14 16 59
14 17 76
14 18 46
14 19 5
14 20 38
14 21 39
14 22 73
14 23 7
14 24 44
14 25 31
14 26 87
14 27 27
14 28 23
14 29 41
14 30 42
14 31 68
14 32 52
14 33 76
14 34 17
14 35 8
14 36 71
14 37 1
14 38 60
14 39 44
14 40 43
14 41 30
14 42 85
14 43 60
14 44 76
14 45 88
14 46 84
14 47 75
14 48 90
14 49 18
14 50 2
14 51 44
14 52 80
14 53 78
14 54 99
14 55 75
14 56 82
14 57 45
14 58 24
14 59 32
14 60 78
14 61 60
14 62 50
14 63 61
14 64 97
14 65 93
14 66 3
14 67 36
14 68 27
14 69 3
14 70 10
14 71 86
14 72 99
14 73 33
14 74 80
14 75 58
14 76 25
14 77 18
15 16 16
15 17 56
15 18 57
15 19 53
15 20 73
15 21 18
15 22 4
15 23 90
15 24 50
15 25 69
15 26 33
15 27 26
15 28 62
15 29 94
15 30 2
15 31 20
15 32 22
15 33 66
15 34 36
15 35 99
15 36 82
15 37 67
15 38 41
15 39 46
15 40 48
15 41 50
15 42 39
15 43 65
15 44 100
15 45 59
15 46 71
15 47 1
15 48 77
15 49 26
15 50 44
15 51 76
15 52 32
15 53 21
15 54 51
15 55 67
15 56 61
15 57 41
15 58 84
15 59 36
15 60 31
15 61 72
15 62 11
15 63 54
15 64 47
15 65 98
15 66 64
15 67 16
15 68 20
15 69 45
15 70 17
15 71 75
15 72 46
15 73 92
15 74 41
15 75 92
15 76 51
15 77 61
16 17 64
16 18 2
16 19 49
16 20 69
16 21 56
16 22 93
16 23 59
16 24 20
16 25 22
16 26 50
16 27 25
16 28 83
16 29 49
16 30 22
16 31 19
16 32 4
16 33 64
16 34 93
16 35 59
16 36 57
16 37 63
16 38 60
16 39 62
16 40 17
16 41 71
16 42 81
16 43 59
16 44 21
16 45 15
16 46 46
16 47 29
16 48 18
16 49 30
16 50 54
16 51 8
16 52 47
16 53 91
16 54 82
16 55 36
16 56 67
16 57 97
16 58 15
16 59 28
16 60 84
16 61 49
16 62 21
16 63 20
16 64 1
16 65 37
16 66 61
16 67 43
16 68 32
16 69 27
16 70 50
16 71 44
16 72 60
16 73 38
16 74 65
16 75 17
16 76 89
16 77 59
17 18 50
17 19 52
17 20 57
17 21 13
17 22 14
17 23 18
17 24 29
17 25 9
17 26 40
17 27 50
17 28 24
17 29 58
17 30 69
17 31 40
17 32 2
17 33 79
17 34 34
17 35 65
17 36 36
17 37 10
17 38 12
17 39 21
17 40 97
17 41 57
17 42 42
17 43 14
17 44 28
17 45 8
17 46 72
17 47 12
17 48 75
17 49 13
17 50 78
17 51 34
17 52 79
17 53 4
17 54 47
17 55 58
17 56 62
17 57 64
17 58 85
17 59 22
17 60 53
17 61 38
17 62 41
17 63 31
17 64 5
17 65 55
17 66 40
17 67 17
17 68 94
17 69 81
17 70 46
17 71 60
17 72 11
17 73 35
17 74 7
17 75 29
17 76 81
17 77 6
18 19 49
18 20 34
18 21 93
18 22 46
18 23 34
18 24 31
18 25 86
18 26 85
18 27 68
18 28 62
18 29 53
18 30 49
18 31 70
18 32 95
18 33 52
18 34 67
18 35 33
18 36 99
18 37 53
18 38 10
18 39 32
18 40 12
18 41 10
18 42 63
18 43 92
18 44 43
18 45 15
18 46 1
18 47 80
18 48 57
18 49 1
18 50 18
18 51 25
18 52 12
18 53 51
18 54 54
18 55 67
18 56 52
18 57 56
18 58 88
18 59 29
18 60 8
18 61 31
18 62 79
18 63 38
18 64 11
18 65 52
18 66 96
18 67 54
18 68 99
18 69 40
18 70 40
18 71 97
18 72 74
18 73 68
18 74 17
18 75 15
18 76 1
18 77 34
19 20 98
19 21 27
19 22 18
19 23 29
19 24 7
19 25 40
19 26 10
19 27 79
19 28 84
19 29 15
19 30 74
19 31 34
19 32 28
19 33 39
19 34 90
19 35 12
19 36 19
19 37 74
19 38 42
19 39 41
19 40 76
19 41 2
19 42 62
19 43 60
19 44 38
19 45 58
19 46 55
19 47 56
19 48 88
19 49 42
19 50 22
19 51 30
19 52 89
19 53 94
19 54 53
19 55 26
19 56 21
19 57 61
19 58 2
19 59 69
19 60 6
19 61 87
19 62 84
19 63 58
19 64 21
19 65 65
19 66 94
19 67 77
19 68 99
19 69 84
19 70 2
19 71 10
19 72 20
19 73 58
19 74 17
19 75 24
19 76 10
19 77 55
20 21 58
20 22 20
20 23 11
20 24 28
20 25 31
20 26 27
20 27 18
20 28 34
20 29 68
20 30 47
20 31 9
20 32 42
20 33 20
20 34 34
20 35 25
20 36 14
20 37 23
20 38 45
20 39 47
20 40 29
20 41 39
20 42 4
20 43 22
20 44 30
20 45 85
20 46 26
20 47 92
20 48 73
20 49 15
20 50 17
20 51 57
20 52 65
20 53 47
20 54 78
20 55 76
20 56 8
20 57 52
20 58 56
20 59 15
20 60 41
20 61 87
20 62 72
20 63 40
20 64 14
20 65 14
20 66 25
20 67 61
20 68 7
20 69 66
20 70 63
20 71 70
20 72 54
20 73 35
20 74 51
20 75 13
20 76 98
20 77 55
21 22 37
21 23 97
21 24 80
21 25 71
21 26 79
21 27 62
21 28 76
21 29 61
21 30 98
21 31 76
21 32 7
21 33 62
21 34 22
21 35 71
21 36 55
21 37 94
21 38 20
21 39 94
21 40 25
21 41 90
21 42 59
21 43 41
21 44 61
21 45 15
21 46 97
21 47 97
21 48 52
21 49 8
21 50 6
21 51 20
21 52 43
21 53 74
21 54 80
21 55 48
21 56 11
21 57 26
21 58 77
21 59 54
21 60 2
21 61 58
21 62 98
21 63 76
21 64 53
21 65 87
21 66 22
21 67 48
21 68 85
21 69 75
21 70 63
21 71 97
21 72 11
21 73 28
21 74 39
21 75 36
21 76 87
21 77 44
22 23 84
22 24 46
22 25 42
22 26 26
22 27 17
22 28 96
22 29 74
22 30 91
22 31 42
22 32 55
22 33 25
22 34 36
22 35 61
22 36 7
22 37 39
22 38 1
22 39 9
22 40 69
22 41 48
22 42 35
22 43 43
22 44 47
22 45 98
22 46 6
22 47 27
22 48 42
22 49 98
22 50 95
22 51 43
22 52 99
22 53 80
22 54 60
22 55 47
22 56 22
22 57 92
22 58 12
22 59 33
22 60 59
22 61 74
22 62 6
22 63 19
22 64 56
22 65 11
22 66 25
22 67 44
22 68 28
22 69 72
22 70 37
22 71 99
22 72 34
22 73 21
22 74 59
22 75 52
22 76 35
22 77 63
23 24 93
23 25 75
23 26 65
23 27 73
23 28 28
23 29 48
23 30 39
23 31 58
23 32 49
23 33 43
23 34 67
23 35 55
23 36 87
23 37 5
23 38 9
23 39 53
23 40 90
23 41 46
23 42 74
23 43 48
23 44 96
23 45 32
23 46 96
23 47 83
23 48 35
23 49 78
23 50 75
23 51 83
23 52 65
23 53 7
23 54 49
23 55 25
23 56 72
23 57 49
23 58 54
23 59 86
23 60 44
23 61 18
23 62 34
23 63 40
23 64 11
23 65 23
23 66 6
23 67 100
23 68 6
23 69 53
23 70 32
23 71 89
23 72 44
23 73 64
23 74 83
23 75 20
23 76 80
23 77 100
24 25 13
24 26 74
24 27 80
24 28 26
24 29 18
24 30 43
24 31 17
24 32 32
24 33 38
24 34 5
24 35 54
24 36 1
24 37 70
24 38 13
24 39 37
24 40 14
24 41 40
24 42 40
24 43 47
24 44 29
24 45 55
24 46 16
24 47 96
24 48 33
24 49 3
24 50 67
24 51 56
24 52 79
24 53 64
24 54 8
24 55 28
24 56 29
24 57 3
24 58 58
24 59 74
24 60 8
24 61 6
24 62 87
24 63 38
24 64 33
24 65 56
24 66 42
24 67 46
24 68 31
24 69 58
24 70 86
24 71 21
24 72 62
24 73 70
24 74 48
24 75 67
24 76 22
24 77 13
25 26 89
25 27 69
25 28 17
25 29 18
25 30 3
25 31 65
25 32 36
25 33 19
25 34 1
25 35 12
25 36 16
25 37 58
25 38 7
25 39 78
25 40 98
25 41 93
25 42 29
25 43 63
25 44 58
25 45 96
25 46 6
25 47 54
25 48 72
25 49 35
25 50 81
25 51 67
25 52 63
25 53 17
25 54 36
25 55 94
25 56 46
25 57 53
25 58 94
25 59 40
25 60 10
25 61 76
25 62 64
25 63 42
25 64 27
25 65 50
25 66 26
25 67 31
25 68 89
25 69 99
25 70 34
25 71 54
25 72 71
25 73 29
25 74 4
25 75 98
25 76 97
25 77 76
26 27 78
26 28 15
26 29 41
26 30 33
26 31 45
26 32 7
26 33 92
26 34 64
26 35 74
26 36 58
26 37 23
26 38 28
26 39 1
26 40 59
26 41 72
26 42 56
26 43 18
26 44 19
26 45 81
26 46 99
26 47 71
26 48 68
26 49 13
26 50 91
26 51 96
26 52 21
26 53 31
26 54 51
26 55 32
26 56 6
26 57 92
26 58 88
26 59 79
26 60 12
26 61 21
26 62 91
26 63 37
26 64 53
26 65 13
26 66 50
26 67 96
26 68 23
26 69 22
26 70 80
26 71 94
26 72 23
26 73 7
26 74 85
26 75 61
26 76 40
26 77 72
27 28 86
27 29 78
27 30 24
27 31 88
27 32 97
27 33 67
27 34 89
27 35 95
27 36 98
27 37 43
27 38 59
27 39 28
27 40 44
27 41 4
27 42 83
27 43 61
27 44 86
27 45 99
27 46 17
27 47 19
27 48 51
27 49 90
27 50 59
27 51 29
27 52 14
27 53 60
27 54 70
27 55 94
27 56 35
27 57 10
27 58 19
27 59 42
27 60 56
27 61 38
27 62 42
27 63 48
27 64 82
27 65 1
27 66 37
27 67 21
27 68 7
27 69 85
27 70 94
27 71 89
27 72 56
27 73 75
27 74 91
27 75 70
27 76 10
27 77 67
28 29 71
28 30 88
28 31 41
28 32 29
28 33 75
28 34 73
28 35 98
28 36 1
28 37 86
28 38 96
28 39 15
28 40 35
28 41 63
28 42 37
28 43 51
28 44 30
28 45 97
28 46 94
28 47 58
28 48 84
28 49 51
28 50 43
28 51 41
28 52 11
28 53 29
28 54 50
28 55 100
28 56 6
28 57 5
28 58 82
28 59 56
28 60 58
28 61 13
28 62 76
28 63 59
28 64 6
28 65 5
28 66 2
28 67 59
28 68 61
28 69 86
28 70 11
28 71 95
28 72 50
28 73 93
28 74 81
28 75 96
28 76 65
28 77 36
29 30 21
29 31 20
29 32 82
29 33 79
29 34 62
29 35 53
29 36 42
29 37 53
29 38 13
29 39 85
29 40 19
29 41 54
29 42 49
29 43 76
29 44 77
29 45 44
29 46 55
29 47 6
29 48 22
29 49 1
29 50 45
29 51 61
29 52 25
29 53 33
29 54 59
29 55 26
29 56 55
29 57 51
29 58 14
29 59 62
29 60 22
29 61 51
29 62 17
29 63 13
29 64 65
29 65 86
29 66 97
29 67 64
29 68 87
29 69 25
29 70 36
29 71 98
29 72 24
29 73 13
29 74 83
29 75 90
29 76 36
29 77 43
30 31 42
30 32 39
30 33 44
30 34 74
30 35 83
30 36 91
30 37 15
30 38 13
30 39 65
30 40 66
30 41 61
30 42 69
30 43 19
30 44 48
30 45 54
30 46 42
30 47 57
30 48 43
30 49 35
30 50 25
30 51 7
30 52 58
30 53 2
30 54 6
30 55 1
30 56 65
30 57 100
30 58 18
30 59 35
30 60 75
30 61 77
30 62 74
30 63 32
30 64 83
30 65 28
30 66 27
30 67 53
30 68 89
30 69 19
30 70 14
30 71 37
30 72 76
30 73 19
30 74 41
30 75 54
30 76 93
30 77 97
31 32 99
31 33 34
31 34 78
31 35 57
31 36 61
31 37 33
31 38 14
31 39 62
31 40 45
31 41 52
31 42 38
31 43 19
31 44 18
31 45 58
31 46 61
31 47 67
31 48 32
31 49 33
31 50 62
31 51 81
31 52 91
31 53 66
31 54 92
31 55 72
31 56 36
31 57 53
31 58 63
31 59 66
31 60 75
31 61 47
31 62 47
31 63 61
31 64 11
31 65 24
31 66 91
31 67 30
31 68 88
31 69 34
31 70 22
31 71 91
31 72 34
31 73 4
31 74 43
31 75 35
31 76 10
31 77 32
32 33 56
32 34 11
32 35 86
32 36 24
32 37 68
32 38 76
32 39 5
32 40 37
32 41 25
32 42 31
32 43 41
32 44 92
32 45 26
32 46 21
32 47 71
32 48 53
32 49 96
32 50 74
32 51 37
32 52 32
32 53 78
32 54 53
32 55 5
32 56 84
32 57 12
32 58 77
32 59 15
32 60 86
32 61 65
32 62 62
32 63 32
32 64 99
32 65 36
32 66 23
32 67 87
32 68 67
32 69 77
32 70 79
32 71 39
32 72 98
32 73 31
32 74 9
32 75 10
32 76 36
32 77 72
33 34 51
33 35 61
33 36 13
33 37 36
33 38 21
33 39 68
33 40 3
33 41 6
33 42 90
33 43 77
33 44 6
33 45 81
33 46 63
33 47 50
33 48 91
33 49 12
33 50 42
33 51 58
33 52 16
33 53 54
33 54 74
33 55 29
33 56 67
33 57 59
33 58 3
33 59 18
33 60 76
33 61 46
33 62 82
33 63 94
33 64 45
33 65 61
33 66 27
33 67 27
33 68 7
33 69 48
33 70 4
33 71 49
33 72 66
33 73 30
33 74 24
33 75 26
33 76 53
33 77 58
34 35 80
34 36 87
34 37 32
34 38 52
34 39 25
34 40 16
34 41 2
34 42 60
34 43 85
34 44 48
34 45 16
34 46 67
34 47 62
34 48 3
34 49 43
34 50 27
34 51 84
34 52 84
34 53 79
34 54 38
34 55 26
34 56 21
34 57 28
34 58 94
34 59 8
34 60 74
34 61 74
34 62 100
34 63 78
34 64 29
34 65 32
34 66 50
34 67 36
34 68 58
34 69 38
34 70 94
34 71 72
34 72 70
34 73 57
34 74 48
34 75 75
34 76 24
34 77 1
35 36 16
35 37 14
35 38 100
35 39 38
35 40 60
35 41 55
35 42 93
35 43 29
35 44 55
35 45 32
35 46 29
35 47 52
35 48 78
35 49 78
35 50 34
35 51 50
35 52 64
35 53 1
35 54 2
35 55 76
35 56 2
35 57 16
35 58 47
35 59 58
35 60 50
35 61 35
35 62 55
35 63 29
35 64 77
35 65 67
35 66 95
35 67 85
35 68 99
35 69 37
35 70 100
35 71 50
35 72 71
35 73 35
35 74 34
35 75 81
35 76 84
35 77 28
36 37 11
36 38 54
36 39 35
36 40 99
36 41 41
36 42 17
36 43 21
36 44 31
36 45 93
36 46 87
36 47 68
36 48 75
36 49 1
36 50 41
36 51 24
36 52 60
36 53 66
36 54 28
36 55 14
36 56 75
36 57 64
36 58 6
36 59 41
36 60 89
36 61 36
36 62 37
36 63 77
36 64 48
36 65 13
36 66 69
36 67 10
36 68 95
36 69 79
36 70 35
36 71 89
36 72 84
36 73 3
36 74 53
36 75 94
36 76 7
36 77 37
37 38 6
37 39 86
37 40 80
37 41 27
37 42 93
37 43 7
37 44 57
37 45 93
37 46 100
37 47 78
37 48 43
37 49 50
37 50 27
37 51 48
37 52 30
37 53 51
37 54 55
37 55 95
37 56 83
37 57 24
37 58 40
37 59 4
37 60 49
37 61 92
37 62 80
37 63 92
37 64 88
37 65 78
37 66 27
37 67 11
37 68 55
37 69 2
37 70 24
37 71 18
37 72 71
37 73 9
37 74 61
37 75 20
37 76 95
37 77 24
38 39 12
38 40 50
38 41 34
38 42 15
38 43 56
38 44 95
38 45 32
38 46 80
38 47 33
38 48 13
38 49 54
38 50 28
38 51 3
38 52 98
38 53 43
38 54 68
38 55 56
38 56 44
38 57 54
38 58 58
38 59 45
38 60 13
38 61 96
38 62 29
38 63 7
38 64 31
38 65 70
38 66 12
38 67 17
38 68 40
38 69 57
38 70 48
38 71 88
38 72 25
38 73 88
38 74 84
38 75 84
38 76 18
38 77 46
39 40 86
39 41 20
39 42 99
39 43 98
39 44 20
39 45 53
39 46 84
39 47 45
39 48 52
39 49 94
39 50 35
39 51 23
39 52 37
39 53 93
39 54 76
39 55 65
39 56 34
39 57 25
39 58 39
39 59 70
39 60 63
39 61 56
39 62 10
39 63 24
39 64 19
39 65 39
39 66 97
39 67 15
39 68 56
39 69 94
39 70 88
39 71 31
39 72 89
39 73 26
39 74 96
39 75 19
39 76 28
39 77 77
40 41 63
40 42 62
40 43 79
40 44 16
40 45 49
40 46 25
40 47 2
40 48 28
40 49 26
40 50 74
40 51 61
40 52 86
40 53 8
40 54 43
40 55 62
40 56 95
40 57 65
40 58 2
40 59 55
40 60 52
40 61 10
40 62 88
40 63 56
40 64 36
40 65 97
40 66 57
40 67 1
40 68 81
40 69 35
40 70 58
40 71 86
40 72 57
40 73 33
40 74 37
40 75 72
40 76 23
40 77 63
41 42 59
41 43 67
41 44 89
41 45 91
41 46 28
41 47 17
41 48 13
41 49 23
41 50 58
41 51 71
41 52 84
41 53 61
41 54 77
41 55 72
41 56 22
41 57 43
41 58 56
41 59 15
41 60 16
41 61 74
41 62 46
41 63 94
41 64 10
41 65 10
41 66 2
41 67 32
41 68 44
41 69 78
41 70 18
41 71 31
41 72 81
41 73 81
41 74 92
41 75 76
41 76 79
41 77 67
42 43 80
42 44 1
42 45 2
42 46 27
42 47 62
42 48 20
42 49 75
42 50 100
42 51 38
42 52 84
42 53 20
42 54 58
42 55 88
42 56 92
42 57 33
42 58 58
42 59 40
42 60 69
42 61 29
42 62 89
42 63 73
42 64 55
42 65 90
42 66 71
42 67 1
42 68 21
42 69 36
42 70 81
42 71 8
42 72 56
42 73 28
42 74 15
42 75 16
42 76 29
42 77 95
43 44 1
43 45 96
43 46 5
43 47 72
43 48 71
43 49 90
43 50 62
43 51 1
43 52 34
43 53 59
43 54 92
43 55 87
43 56 3
43 57 74
43 58 30
43 59 8
43 60 59
43 61 30
43 62 74
43 63 52
43 64 100
43 65 34
43 66 31
43 67 90
43 68 64
43 69 33
43 70 36
43 71 34
43 72 51
43 73 39
43 74 61
43 75 74
43 76 26
43 77 75
44 45 48
44 46 28
44 47 34
44 48 82
44 49 45
44 50 24
44 51 77
44 52 33
44 53 61
44 54 18
44 55 85
44 56 48
44 57 99
44 58 78
44 59 58
44 60 96
44 61 38
44 62 63
44 63 78
44 64 83
44 65 92
44 66 62
44 67 50
44 68 2
44 69 61
44 70 32
44 71 34
44 72 47
44 73 90
44 74 7
44 75 19
44 76 34
44 77 58
45 46 24
45 47 66
45 48 10
45 49 91
45 50 49
45 51 34
45 52 99
45 53 76
45 54 48
45 55 38
45 56 65
45 57 71
45 58 92
45 59 63
45 60 20
45 61 36
45 62 91
45 63 79
45 64 36
45 65 18
45 66 100
45 67 96
45 68 61
45 69 69
45 70 60
45 71 2
45 72 91
45 73 87
45 74 30
45 75 62
45 76 85
45 77 97
46 47 89
46 48 46
46 49 31
46 50 61
46 51 86
46 52 62
46 53 81
46 54 24
46 55 37
46 56 57
46 57 85
46 58 21
46 59 73
46 60 29
46 61 45
46 62 75
46 63 27
46 64 95
46 65 1
46 66 76
46 67 36
46 68 77
46 69 27
46 70 77
46 71 90
46 72 79
46 73 44
46 74 24
46 75 10
46 76 84
46 77 47
47 48 89
47 49 10
47 50 76
47 51 7
47 52 73
47 53 53
47 54 64
47 55 68
47 56 69
47 57 28
47 58 1
47 59 29
47 60 9
47 61 99
47 62 51
47 63 13
47 64 22
47 65 69
47 66 45
47 67 27
47 68 73
47 69 66
47 70 84
47 71 63
47 72 49
47 73 46
47 74 70
47 75 43
47 76 85
47 77 4
48 49 20
48 50 63
48 51 34
48 52 66
48 53 91
48 54 83
48 55 4
48 56 60
48 57 67
48 58 33
48 59 60
48 60 88
48 61 62
48 62 95
48 63 76
48 64 32
48 65 6
48 66 91
48 67 22
48 68 7
48 69 98
48 70 42
48 71 49
48 72 54
48 73 47
48 74 3
48 75 63
48 76 29
48 77 93
49 50 88
49 51 80
49 52 22
49 53 96
49 54 57
49 55 50
49 56 96
49 57 29
49 58 20
49 59 68
49 60 41
49 61 18
49 62 8
49 63 7
49 64 47
49 65 20
49 66 45
49 67 9
49 68 62
49 69 69
49 70 59
49 71 54
49 72 89
49 73 30
49 74 75
49 75 71
49 76 61
49 77 82
50 51 96
50 52 19
50 53 75
50 54 86
50 55 74
50 56 57
50 57 82
50 58 40
50 59 69
50 60 67
50 61 74
50 62 92
50 63 11
50 64 3
50 65 52
50 66 52
50 67 90
50 68 32
50 69 4
50 70 100
50 71 14
50 72 71
50 73 83
50 74 76
50 75 73
50 76 85
50 77 54
51 52 12
51 53 10
51 54 43
51 55 74
51 56 25
51 57 57
51 58 92
51 59 91
51 60 57
51 61 79
51 62 31
51 63 43
51 64 64
51 65 57
51 66 52
51 67 98
51 68 93
51 69 75
51 70 12
51 71 78
51 72 87
51 73 71
51 74 32
51 75 62
51 76 82
51 77 26
52 53 41
52 54 80
52 55 60
52 56 82
52 57 29
52 58 78
52 59 34
52 60 59
52 61 36
52 62 16
52 63 35
52 64 21
52 65 71
52 66 18
52 67 48
52 68 72
52 69 1
52 70 47
52 71 73
52 72 71
52 73 78
52 74 71
52 75 91
52 76 37
52 77 47
53 54 11
53 55 75
53 56 9
53 57 34
53 58 66
53 59 36
53 60 95
53 61 52
53 62 7
53 63 6
53 64 71
53 65 52
53 66 76
53 67 53
53 68 41
53 69 30
53 70 25
53 71 46
53 72 24
53 73 27
53 74 41
53 75 13
53 76 22
53 77 36
54 55 91
54 56 88
54 57 77
54 58 98
54 59 81
54 60 1
54 61 68
54 62 49
54 63 57
54 64 61
54 65 98
54 66 83
54 67 21
54 68 88
54 69 27
54 70 14
54 71 72
54 72 58
54 73 10
54 74 46
54 75 83
54 76 19
54 77 52
55 56 12
55 57 57
55 58 28
55 59 10
55 60 72
55 61 51
55 62 30
55 63 37
55 64 79
55 65 45
55 66 17
55 67 75
55 68 14
55 69 86
55 70 12
55 71 18
55 72 41
55 73 42
55 74 28
55 75 64
55 76 21
55 77 57
56 57 37
56 58 27
56 59 27
56 60 49
56 61 45
56 62 48
56 63 29
56 64 7
56 65 38
56 66 26
56 67 93
56 68 73
56 69 11
56 70 40
56 71 80
56 72 48
56 73 94
56 74 10
56 75 81
56 76 50
56 77 81
57 58 74
57 59 36
57 60 17
57 61 79
57 62 83
57 63 32
57 64 34
57 65 13
57 66 99
57 67 69
57 68 78
57 69 62
57 70 5
57 71 40
57 72 78
57 73 44
57 74 29
57 75 78
57 76 92
57 77 92
58 59 89
58 60 7
58 61 12
58 62 88
58 63 48
58 64 68
58 65 97
58 66 94
58 67 19
58 68 13
58 69 83
58 70 19
58 71 99
58 72 35
58 73 33
58 74 25
58 75 14
58 76 48
58 77 66
59 60 85
59 61 40
59 62 21
59 63 91
59 64 1
59 65 58
59 66 5
59 67 27
59 68 48
59 69 75
59 70 94
59 71 71
59 72 22
59 73 18
59 74 24
59 75 15
59 76 81
59 77 15
60 61 81
60 62 5
60 63 90
60 64 60
60 65 33
60 66 72
60 67 68
60 68 64
60 69 35
60 70 98
60 71 40
60 72 35
60 73 29
60 74 73
60 75 79
60 76 58
60 77 46
61 62 92
61 63 18
61 64 52
61 65 90
61 66 41
61 67 12
61 68 95
61 69 56
61 70 87
61 71 13
61 72 39
61 73 35
61 74 59
61 75 39
61 76 56
61 77 31
62 63 66
62 64 63
62 65 12
62 66 20
62 67 91
62 68 47
62 69 21
62 70 8
62 71 34
62 72 51
62 73 99
62 74 21
62 75 99
62 76 33
62 77 95
63 64 88
63 65 88
63 66 94
63 67 76
63 68 34
63 69 27
63 70 85
63 71 29
63 72 18
63 73 76
63 74 40
63 75 10
63 76 25
63 77 84
64 65 99
64 66 25
64 67 7
64 68 96
64 69 19
64 70 16
64 71 55
64 72 66
64 73 52
64 74 13
64 75 31
64 76 40
64 77 68
65 66 90
65 67 98
65 68 49
65 69 56
65 70 73
65 71 53
65 72 6
65 73 45
65 74 55
65 75 18
65 76 90
65 77 47
66 67 1
66 68 24
66 69 45
66 70 45
66 71 79
66 72 69
66 73 45
66 74 59
66 75 74
66 76 46
66 77 91
67 68 25
67 69 12
67 70 13
67 71 36
67 72 56
67 73 58
67 74 51
67 75 38
67 76 44
67 77 21
68 69 4
68 70 86
68 71 24
68 72 96
68 73 93
68 74 14
68 75 82
68 76 24
68 77 94
69 70 28
69 71 10
69 72 45
69 73 89
69 74 93
69 75 38
69 76 1
69 77 24
70 71 71
70 72 20
70 73 98
70 74 47
70 75 43
70 76 11
70 77 70
71 72 54
71 73 100
71 74 35
71 75 11
71 76 82
71 77 23
72 73 92
72 74 90
72 75 35
72 76 18
72 77 56
73 74 10
73 75 56
73 76 91
73 77 27
74 75 93
74 76 5
74 77 66
75 76 5
75 77 47
76 77 23
