104 5356 103
1 2 22
1 3 25
1 4 32
1 5 14
1 6 52
1 7 89
1 8 97
1 9 100
1 10 13
1 11 99
1 12 78
1 13 47
1 14 40
1 15 81
1 16 59
1 17 35
1 18 84
1 19 43
1 20 23
1 21 50
1 22 68
1 23 73
1 24 61
1 25 46
1 26 31
1 27 11
1 28 17
1 29 48
1 30 25
1 31 15
1 32 78
1 33 2
1 34 69
1 35 1
1 36 9
1 37 91
1 38 98
1 39 11
1 40 78
1 41 83
1 42 20
1 43 38
1 44 74
1 45 19
1 46 56
1 47 16
1 48 63
1 49 87
1 50 64
1 51 100
1 52 64
1 53 40
1 54 58
1 55 99
1 56 44
1 57 19
1 58 30
1 59 59
1 60 4
1 61 88
1 62 44
1 63 56
1 64 11
1 65 62
1 66 72
1 67 9
1 68 17
1 69 7
1 70 38
1 71 39
1 72 75
1 73 58
1 74 60
1 75 96
1 76 25
1 77 33
1 78 25
1 79 21
1 80 53
1 81 61
1 82 5
1 83 70
1 84 51
1 85 58
1 86 72
1 87 74
1 88 16
1 89 68
1 90 49
1 91 48
1 92 19
1 93 14
1 94 25
1 95 88
1 96 65
1 97 34
1 98 46
1 99 80
1 100 61
1 101 94
1 102 100
1 103 76
1 104 67
2 3 26
2 4 25
2 5 4
2 6 53
2 7 76
2 8 74
2 9 20
2 10 35
2 11 92
2 12 57
2 13 44
2 14 47
2 15 21
2 16 95
2 17 89
2 18 78
2 19 84
2 20 93
2 21 58
2 22 82
2 23 72
2 24 17
2 25 98
2 26 26
2 27 69
2 28 32
2 29 64
2 30 100
2 31 93
2 32 52
2 33 30
2 34 46
2 35 22
2 36 54
2 37 80
2 38 34
2 39 33
2 40 6
2 41 12
2 42 58
2 43 84
2 44 78
2 45 33
2 46 46
2 47 41
2 48 11
2 49 86
2 50 12
2 51 64
2 52 75
2 53 52
2 54 62
2 55 44
2 56 53
2 57 45
2 58 44
2 59 48
2 60 36
2 61 10
2 62 77
2 63 20
2 64 34
2 65 28
2 66 63
2 67 51
2 68 91
2 69 42
2 70 70
2 71 66
2 72 11
2 73 34
2 74 27
2 75 59
2 76 35
2 77 81
2 78 25
2 79 35
2 80 76
2 81 6
2 82 16
2 83 36
2 84 69
2 85 66
2 86 26
2 87 17
2 88 41
2 89 90
2 90 52
2 91 6
2 92 35
2 93 82
2 94 96
2 95 92
2 96 82
2 97 73
2 98 66
2 99 78
2 100 52
2 101 89
2 102 39
2 103 51
2 104 22
3 4 85
3 5 5
3 6 33
3 7 28
3 8 87
3 9 5
3 10 50
3 11 81
3 12 66
3 13 21
3 14 43
3 15 40
3 16 65
3 17 75
3 18 68
3 19 20
3 20 10
3 21 11
3 22 73
3 23 10
3 24 21
3 25 87
3 26 9
3 27 95
3 28 59
3 29 30
3 30 57
3 31 65
3 32 63
3 33 15
3 34 80
3 35 83
3 36 1
3 37 36
3 38 96
3 39 26
3 40 36
3 41 70
3 42 81
3 43 37
3 44 84
3 45 13
3 46 63
3 47 11
3 48 35
3 49 46
3 50 21
3 51 51
3 52 85
3 53 91
3 54 91
3 55 53
3 56 91
3 57 64
3 58 84
3 59 1
3 60 81
3 61 82
3 62 63
3 63 96
3 64 11
3 65 62
3 66 36
3 67 14
3 68 59
3 69 26
3 70 7
3 71 86
3 72 11
3 73 84
3 74 71
3 75 68
3 76 33
3 77 68
3 78 35
3 79 45
3 80 52
3 81 78
3 82 30
3 83 6
3 84 86
3 85 94
3 86 51
3 87 11
3 88 18
3 89 73
3 90 37
3 91 81
3 92 52
3 93 5
3 94 48
3 95 53
3 96 64
3 97 99
3 98 34
3 99 19
3 100 66
3 101 3
3 102 41
3 103 73
3 104 46
4 5 79
4 6 7
4 7 30
4 8 62
4 9 96
4 10 21
4 11 69
4 12 88
4 13 24
4 14 56
4 15 98
4 16 95
4 17 54
4 18 76
4 19 15
4 20 98
4 21 7
4 22 89
4 23 88
4 24 91
4 25 48
4 26 12
4 27 92
4 28 63
4 29 8
4 30 25
4 31 10
4 32 59
4 33 72
4 34 100
4 35 52
4 36 58
4 37 75
4 38 90
4 39 58
4 40 36
4 41 11
4 42 97
4 43 17
4 44 13
4 45 26
4 46 15
4 47 50
4 48 71
4 49 75
4 50 18
4 51 34
4 52 6
4 53 80
4 54 11
4 55 36
4 56 27
4 57 55
4 58 40
4 59 11
4 60 52
4 61 50
4 62 78
4 63 68
4 64 23
4 65 49
4 66 20
4 67 65
4 68 21
4 69 15
4 70 13
4 71 8
4 72 96
4 73 62
4 74 62
4 75 79
4 76 11
4 77 8
4 78 92
4 79 83
4 80 58
4 81 64
4 82 49
4 83 85
4 84 68
4 85 53
4 86 73
4 87 45
4 88 66
4 89 79
4 90 40
4 91 65
4 92 13
4 93 95
4 94 71
4 95 55
4 96 99
4 97 58
4 98 35
4 99 55
4 100 36
4 101 26
4 102 92
4 103 34
4 104 79
5 6 84
5 7 55
5 8 54
5 9 95
5 10 92
5 11 34
5 12 38
5 13 100
5 14 86
5 15 1
5 16 95
5 17 71
5 18 66
5 19 94
5 20 83
5 21 67
5 22 93
5 23 3
5 24 57
5 25 53
5 26 10
5 27 73
5 28 18
5 29 33
5 30 31
5 31 41
5 32 6
5 33 86
5 34 82
5 35 100
5 36 32
5 37 42
5 38 52
5 39 45
5 40 9
5 41 99
5 42 68
5 43 89
5 44 58
5 45 33
5 46 90
5 47 15
5 48 60
5 49 80
5 50 32
5 51 90
5 52 97
5 53 52
5 54 64
5 55 3
5 56 5
5 57 13
5 58 92
5 59 5
5 60 66
5 61 89
5 62 3
5 63 35
5 64 22
5 65 37
5 66 47
5 67 95
5 68 88
5 69 14
5 70 22
5 71 5
5 72 55
5 73 23
5 74 1
5 75 67
5 76 16
5 77 40
5 78 83
5 79 58
5 80 95
5 81 5
5 82 63
5 83 37
5 84 29
5 85 68
5 86 92
5 87 31
5 88 29
5 89 7
5 90 6
5 91 19
5 92 38
5 93 1
5 94 65
5 95 42
5 96 28
5 97 95
5 98 14
5 99 58
5 100 73
5 101 6
5 102 73
5 103 22
5 104 96
6 7 64
6 8 84
6 9 55
6 10 31
6 11 64
6 12 17
6 13 9
6 14 58
6 15 87
6 16 42
6 17 67
6 18 66
6 19 13
6 20 6
6 21 86
6 22 21
6 23 45
6 24 75
6 25 86
6 26 95
6 27 34
6 28 42
6 29 18
6 30 52
6 31 34
6 32 54
6 33 45
6 34 39
6 35 30
6 36 58
6 37 35
6 38 86
6 39 17
6 40 35
6 41 72
6 42 51
6 43 42
6 44 38
6 45 9
6 46 50
6 47 81
6 48 35
6 49 54
6 50 80
6 51 17
6 52 77
6 53 8
6 54 98
6 55 88
6 56 55
6 57 16
6 58 87
6 59 16
6 60 42
6 61 98
6 62 39
6 63 96
6 64 88
6 65 73
6 66 73
6 67 8
6 68 72
6 69 76
6 70 75
6 71 3
6 72 17
6 73 21
6 74 12
6 75 47
6 76 13
6 77 38
6 78 60
6 79 90
6 80 30
6 81 53
6 82 31
6 83 96
6 84 41
6 85 74
6 86 85
6 87 79
6 88 64
6 89 60
6 90 44
6 91 53
6 92 33
6 93 38
6 94 97
6 95 85
6 96 68
6 97 45
6 98 68
6 99 57
6 100 78
6 101 9
6 102 47
6 103 90
6 104 23
7 8 58
7 9 77
7 10 9
7 11 37
7 12 68
7 13 93
7 14 30
7 15 1
7 16 86
7 17 61
7 18 97
7 19 29
7 20 100
7 21 85
7 22 36
7 23 42
7 24 73
7 25 58
7 26 79
7 27 85
7 28 37
7 29 80
7 30 56
7 31 32
7 32 8
7 33 12
7 34 25
7 35 25
7 36 82
7 37 64
7 38 87
7 39 26
7 40 18
7 41 3
7 42 11
7 43 74
7 44 67
7 45 23
7 46 5
7 47 50
7 48 35
7 49 1
7 50 57
7 51 78
7 52 69
7 53 49
7 54 87
7 55 69
7 56 60
7 57 68
7 58 42
7 59 81
7 60 89
7 61 66
7 62 19
7 63 74
7 64 36
7 65 30
7 66 86
7 67 75
7 68 82
7 69 71
7 70 57
7 71 18
7 72 11
7 73 25
7 74 69
7 75 67
7 76 58
7 77 86
7 78 61
7 79 69
7 80 92
7 81 27
7 82 63
7 83 18
7 84 37
7 85 86
7 86 26
7 87 12
7 88 55
7 89 90
7 90 48
7 91 32
7 92 82
7 93 87
7 94 58
7 95 35
7 96 11
7 97 98
7 98 70
7 99 61
7 100 91
7 101 59
7 102 82
7 103 84
7 104 47
8 9 31
8 10 99
8 11 38
8 12 36
8 13 57
8 14 75
8 15 25
8 16 54
8 17 32
8 18 47
8 19 97
8 20 50
8 21 87
8 22 76
8 23 39
8 24 44
8 25 54
8 26 76
8 27 33
8 28 81
8 29 87
8 30 83
8 31 18
8 32 19
8 33 29
8 34 81
8 35 43
8 36 87
8 37 28
8 38 95
8 39 43
8 40 15
8 41 29
8 42 18
8 43 4
8 44 32
8 45 74
8 46 58
8 47 39
8 48 44
8 49 50
8 50 56
8 51 33
8 52 17
8 53 24
8 54 87
8 55 59
8 56 39
8 57 63
8 58 4
8 59 23
8 60 96
8 61 5
8 62 43
8 63 83
8 64 19
8 65 50
8 66 31
8 67 44
8 68 45
8 69 71
8 70 4
8 71 77
8 72 12
8 73 59
8 74 2
8 75 85
8 76 65
8 77 71
8 78 41
8 79 14
8 80 71
8 81 33
8 82 19
8 83 80
8 84 13
8 85 85
8 86 47
8 87 64
8 88 100
8 89 15
8 90 7
8 91 5
8 92 49
8 93 60
8 94 34
8 95 71
8 96 38
8 97 66
8 98 77
8 99 47
8 100 19
8 101 32
8 102 6
8 103 12
8 104 35
9 10 9
9 11 32
9 12 64
9 13 30
9 14 69
9 15 43
9 16 46
9 17 53
9 18 79
9 19 35
9 20 53
9 21 43
9 22 87
9 23 66
9 24 10
9 25 62
9 26 14
9 27 72
9 28 83
9 29 89
9 30 55
9 31 60
9 32 55
9 33 90
9 34 61
9 35 42
9 36 45
9 37 47
9 38 56
9 39 57
9 40 69
9 41 18
9 42 91
9 43 20
9 44 85
9 45 71
9 46 94
9 47 55
9 48 32
9 49 84
9 50 95
9 51 8
9 52 40
9 53 57
9 54 12
9 55 19
9 56 74
9 57 44
9 58 18
9 59 17
9 60 51
9 61 81
9 62 27
9 63 5
9 64 67
9 65 35
9 66 67
9 67 79
9 68 74
9 69 37
9 70 48
9 71 100
9 72 66
9 73 75
9 74 83
9 75 83
9 76 41
9 77 73
9 78 24
9 79 21
9 80 94
9 81 40
9 82 17
9 83 41
9 84 47
9 85 51
9 86 53
9 87 81
9 88 63
9 89 84
9 90 100
9 91 60
9 92 47
9 93 53
9 94 68
9 95 86
9 96 5
9 97 57
9 98 71
9 99 47
9 100 66
9 101 39
9 102 83
9 103 11
9 104 58
10 11 8
10 12 92
10 13 2
10 14 11
10 15 69
10 16 19
10 17 71
10 18 56
10 19 81
10 20 77
10 21 15
10 22 92
10 23 61
10 24 61
10 25 37
10 26 83
10 27 18
10 28 35
10 29 64
10 30 44
10 31 81
10 32 86
10 33 25
10 34 68
10 35 95
10 36 41
10 37 45
10 38 30
10 39 52
10 40 63
10 41 50
10 42 97
10 43 43
10 44 65
10 45 62
10 46 93
10 47 87
10 48 33
10 49 43
10 50 9
10 51 10
10 52 36
10 53 6
10 54 47
10 55 80
10 56 94
10 57 58
10 58 88
10 59 16
10 60 73
10 61 17
10 62 44
10 63 91
10 64 98
10 65 17
10 66 25
10 67 74
10 68 86
10 69 58
10 70 57
10 71 29
10 72 1
10 73 54
10 74 38
10 75 83
10 76 42
10 77 96
10 78 40
10 79 41
10 80 18
10 81 23
10 82 49
10 83 70
10 84 41
10 85 14
10 86 82
10 87 87
10 88 41
10 89 93
10 90 15
10 91 58
10 92 21
10 93 81
10 94 45
10 95 31
10 96 69
10 97 51
10 98 88
10 99 93
10 100 35
10 101 66
10 102 3
10 103 1
10 104 97
11 12 85
11 13 84
11 14 56
11 15 40
11 16 35
11 17 54
11 18 78
11 19 100
11 20 33
11 21 96
11 22 71
11 23 55
11 24 27
11 25 32
11 26 98
11 27 61
11 28 14
11 29 78
11 30 52
11 31 55
11 32 96
11 33 16
11 34 72
11 35 84
11 36 80
11 37 61
11 38 14
11 39 89
11 40 18
11 41 13
11 42 50
11 43 47
11 44 35
11 45 64
11 46 4
11 47 53
11 48 85
11 49 19
11 50 82
11 51 96
11 52 38
11 53 85
11 54 39
11 55 13
11 56 28
11 57 28
11 58 40
11 59 15
11 60 11
11 61 31
11 62 26
11 63 83
11 64 20
11 65 10
11 66 86
11 67 14
11 68 79
11 69 5
11 70 61
11 71 9
11 72 12
11 73 40
11 74 98
11 75 80
11 76 14
11 77 65
11 78 40
11 79 57
11 80 41
11 81 93
11 82 51
11 83 97
11 84 37
11 85 77
11 86 53
11 87 81
11 88 54
11 89 65
11 90 50
11 91 91
11 92 83
11 93 92
11 94 95
11 95 29
11 96 58
11 97 17
11 98 25
11 99 83
11 100 6
11 101 75
11 102 71
11 103 5
11 104 68
12 13 71
12 14 3
12 15 56
12 16 97
12 17 45
12 18 78
12 19 42
12 20 87
12 21 68
12 22 32
12 23 10
12 24 71
12 25 69
12 26 83
12 27 80
12 28 40
12 29 8
12 30 21
12 31 74
12 32 20
12 33 80
12 34 62
12 35 80
12 36 12
12 37 74
12 38 39
12 39 22
12 40 19
12 41 17
12 42 24
12 43 89
12 44 60
12 45 96
12 46 13
12 47 90
12 48 41
12 49 10
12 50 61
12 51 66
12 52 65
12 53 39
12 54 15
12 55 7
12 56 88
12 57 42
12 58 67
12 59 16
12 60 6
12 61 60
12 62 84
12 63 81
12 64 30
12 65 81
12 66 26
12 67 94
12 68 68
12 69 18
12 70 87
12 71 3
12 72 93
12 73 92
12 74 84
12 75 52
12 76 27
12 77 63
12 78 11
12 79 1
12 80 47
12 81 57
12 82 76
12 83 53
12 84 97
12 85 23
12 86 98
12 87 44
12 88 73
12 89 71
12 90 91
12 91 59
12 92 45
12 93 51
12 94 22
12 95 71
12 96 76
12 97 14
12 98 43
12 99 98
12 100 59
12 101 50
12 102 3
12 103 62
12 104 81
13 14 59
13 15 55
13 16 62
13 17 14
13 18 50
13 19 93
13 20 3
13 21 60
13 22 65
13 23 37
13 24 9
13 25 43
13 26 11
13 27 41
13 28 52
13 29 9
13 30 69
13 31 1
13 32 22
13 33 33
13 34 36
13 35 63
13 36 27
13 37 30
13 38 5
13 39 43
13 40 66
13 41 78
13 42 74
13 43 29
13 44 53
13 45 19
13 46 16
13 47 81
13 48 36
13 49 91
13 50 31
13 51 87
13 52 23
13 53 60
13 54 57
13 55 5
13 56 54
13 57 63
13 58 9
13 59 55
13 60 53
13 61 2
13 62 55
13 63 86
13 64 58
13 65 21
13 66 3
13 67 1
13 68 12
13 69 28
13 70 66
13 71 76
13 72 59
13 73 100
13 74 74
13 75 72
13 76 84
13 77 29
13 78 31
13 79 92
13 80 80
13 81 32
13 82 86
13 83 73
13 84 8
13 85 86
13 86 58
13 87 96
13 88 28
13 89 72
13 90 87
13 91 10
13 92 19
13 93 85
13 94 69
13 95 35
13 96 82
13 97 99
13 98 93
13 99 5
13 100 29
13 101 95
13 102 87
13 103 16
13 104 47
14 15 80
14 16 76
14 17 62
14 18 60
14 19 75
14 20 23
14 21 29
14 22 71
14 23 28
14 24 49
14 25 49
14 26 17
14 27 2
14 28 75
14 29 36
14 30 34
14 31 28
14 32 30
14 33 69
14 34 61
14 35 64
14 36 51
14 37 86
14 38 86
14 39 30
14 40 78
14 41 41
14 42 29
14 43 8
14 44 68
14 45 3
14 46 25
14 47 40
14 48 45
14 49 2
14 50 6
14 51 91
14 52 8
14 53 46
14 54 57
14 55 2
14 56 91
14 57 80
14 58 55
14 59 71
14 60 85
14 61 79
14 62 12
14 63 6
14 64 8
14 65 95
14 66 30
14 67 65
14 68 75
14 69 82
14 70 4
14 71 100
14 72 45
14 73 46
14 74 51
14 75 59
14 76 32
14 77 5
14 78 62
14 79 65
14 80 69
14 81 48
14 82 50
14 83 21
14 84 39
14 85 54
14 86 65
14 87 7
14 88 93
14 89 2
14 90 39
14 91 71
14 92 26
14 93 75
14 94 30
14 95 31
14 96 95
14 97 1
14 98 66
14 99 34
14 100 69
14 101 43
14 102 1
14 103 52
14 104 41
15 16 48
15 17 79
15 18 83
15 19 88
15 20 33
15 21 44
15 22 83
15 23 94
15 24 97
15 25 38
15 26 70
15 27 89
15 28 15
15 29 2
15 30 82
15 31 51
15 32 86
15 33 32
15 34 4
15 35 96
15 36 61
15 37 73
15 38 29
15 39 17
15 40 86
15 41 41
15 42 90
15 43 65
15 44 34
15 45 39
15 46 31
15 47 43
15 48 82
15 49 87
15 50 89
15 51 12
15 52 18
15 53 87
15 54 35
15 55 38
15 56 44
15 57 72
15 58 98
15 59 24
15 60 48
15 61 53
15 62 41
15 63 36
15 64 25
15 65 91
15 66 97
15 67 41
15 68 29
15 69 44
15 70 40
15 71 37
15 72 91
15 73 81
15 74 62
15 75 54
15 76 12
15 77 33
15 78 43
15 79 67
15 80 59
15 81 47
15 82 95
15 83 79
15 84 30
15 85 36
15 86 15
15 87 94
15 88 75
15 89 82
15 90 36
15 91 99
15 92 83
15 93 34
15 94 43
15 95 17
15 96 70
15 97 16
15 98 95
15 99 26
15 100 3
15 101 19
15 102 45
15 103 99
15 104 34
16 17 38
16 18 44
16 19 8
16 20 32
16 21 18
16 22 39
16 23 34
16 24 85
16 25 26
16 26 74
16 27 82
16 28 34
16 29 47
16 30 32
16 31 81
16 32 59
16 33 7
16 34 70
16 35 88
16 36 84
16 37 82
16 38 26
16 39 71
16 40 32
16 41 58
16 42 88
16 43 52
16 44 27
16 45 78
16 46 33
16 47 64
16 48 60
16 49 17
16 50 12
16 51 39
16 52 12
16 53 69
16 54 52
16 55 22
16 56 29
16 57 65
16 58 40
16 59 38
16 60 17
16 61 52
16 62 50
16 63 9
16 64 68
16 65 17
16 66 75
16 67 66
16 68 90
16 69 36
16 70 93
16 71 15
16 72 14
16 73 15
16 74 6
16 75 56
16 76 4
16 77 94
16 78 76
16 79 13
16 80 92
16 81 34
16 82 47
16 83 83
16 84 61
16 85 14
16 86 40
16 87 82
16 88 30
16 89 36
16 90 33
16 91 3
16 92 40
16 93 79
16 94 44
16 95 51
16 96 96
16 97 16
16 98 9
16 99 51
16 100 17
16 101 37
16 102 14
16 103 53
16 104 51
17 18 34
17 19 55
17 20 28
17 21 3
17 22 37
17 23 47
17 24 88
17 25 85
17 26 48
17 27 79
17 28 49
17 29 63
17 30 73
17 31 48
17 32 1
17 33 22
17 34 72
17 35 35
17 36 5
17 37 58
17 38 51
17 39 100
17 40 96
17 41 42
17 42 12
17 43 55
17 44 86
17 45 77
17 46 62
17 47 17
17 48 86
17 49 5
17 50 22
17 51 65
17 52 12
17 53 59
17 54 7
17 55 3
17 56 86
17 57 97
17 58 24
17 59 3
17 60 68
17 61 23
17 62 47
17 63 61
17 64 41
17 65 62
17 66 75
17 67 98
17 68 2
17 69 52
17 70 39
17 71 56
17 72 33
17 73 39
17 74 78
17 75 77
17 76 34
17 77 53
17 78 96
17 79 91
17 80 49
17 81 64
17 82 2
17 83 38
17 84 21
17 85 22
17 86 86
17 87 8
17 88 79
17 89 30
17 90 89
17 91 47
17 92 92
17 93 62
17 94 90
17 95 23
17 96 40
17 97 11
17 98 89
17 99 26
17 100 95
17 101 92
17 102 59
17 103 70
17 104 97
18 19 22
18 20 97
18 21 100
18 22 54
18 23 9
18 24 66
18 25 19
18 26 47
18 27 86
18 28 58
18 29 4
18 30 20
18 31 92
18 32 90
18 33 71
18 34 15
18 35 95
18 36 70
18 37 68
18 38 76
18 39 33
18 40 38
18 41 62
18 42 2
18 43 25
18 44 57
18 45 7
18 46 76
18 47 9
18 48 9
18 49 51
18 50 62
18 51 36
18 52 40
18 53 34
18 54 30
18 55 9
18 56 67
18 57 64
18 58 82
18 59 79
18 60 10
18 61 75
18 62 19
18 63 74
18 64 2
18 65 70
18 66 30
18 67 67
18 68 96
18 69 43
18 70 21
18 71 23
18 72 48
18 73 32
18 74 36
18 75 73
18 76 13
18 77 34
18 78 98
18 79 88
18 80 27
18 81 89
18 82 83
18 83 93
18 84 50
18 85 25
18 86 35
18 87 76
18 88 48
18 89 57
18 90 6
18 91 32
18 92 68
18 93 45
18 94 33
18 95 32
18 96 26
18 97 35
18 98 11
18 99 49
18 100 89
18 101 11
18 102 28
18 103 97
18 104 59
19 20 34
19 21 16
19 22 27
19 23 6
19 24 15
19 25 43
19 26 13
19 27 50
19 28 53
19 29 80
19 30 90
19 31 52
19 32 16
19 33 49
19 34 51
19 35 4
19 36 24
19 37 19
19 38 13
19 39 3
19 40 50
19 41 34
19 42 21
19 43 78
19 44 65
19 45 23
19 46 48
19 47 53
19 48 97
19 49 29
19 50 79
19 51 21
19 52 20
19 53 56
19 54 96
19 55 9
19 56 35
19 57 46
19 58 88
19 59 49
19 60 18
19 61 40
19 62 42
19 63 34
19 64 22
19 65 72
19 66 38
19 67 66
19 68 52
19 69 33
19 70 2
19 71 66
19 72 41
19 73 11
19 74 17
19 75 26
19 76 65
19 77 16
19 78 39
19 79 99
19 80 41
19 81 82
19 82 56
19 83 7
19 84 85
19 85 39
19 86 36
19 87 1
19 88 90
19 89 55
19 90 1
19 91 39
19 92 40
19 93 43
19 94 10
19 95 65
19 96 61
19 97 61
19 98 22
19 99 93
19 100 18
19 101 67
19 102 59
19 103 64
19 104 2
20 21 10
20 22 88
20 23 86
20 24 92
20 25 51
20 26 74
20 27 19
20 28 18
20 29 39
20 30 97
20 31 55
20 32 86
20 33 35
20 34 65
20 35 17
20 36 80
20 37 66
20 38 56
20 39 59
20 40 19
20 41 72
20 42 67
20 43 50
20 44 42
20 45 58
20 46 42
20 47 70
20 48 69
20 49 20
20 50 41
20 51 28
20 52 47
20 53 35
20 54 2
20 55 4
20 56 36
20 57 88
20 58 68
20 59 72
20 60 8
20 61 1
20 62 46
20 63 77
20 64 4
20 65 33
20 66 98
20 67 92
20 68 20
20 69 5
20 70 61
20 71 8
20 72 77
20 73 89
20 74 81
20 75 48
20 76 18
20 77 54
20 78 16
20 79 59
20 80 28
20 81 63
20 82 58
20 83 76
20 84 23
20 85 71
20 86 26
20 87 8
20 88 38
20 89 97
20 90 21
20 91 54
20 92 59
20 93 74
20 94 25
20 95 39
20 96 81
20 97 40
20 98 30
20 99 49
20 100 49
20 101 6
20 102 3
20 103 65
20 104 35
21 22 76
21 23 63
21 24 52
21 25 7
21 26 83
21 27 60
21 28 75
21 29 25
21 30 60
21 31 63
21 32 23
21 33 39
21 34 22
21 35 82
21 36 94
21 37 1
21 38 53
21 39 11
21 40 56
21 41 25
21 42 48
21 43 37
21 44 74
21 45 12
21 46 43
21 47 54
21 48 98
21 49 41
21 50 94
21 51 50
21 52 14
21 53 62
21 54 13
21 55 93
21 56 23
21 57 77
21 58 3
21 59 35
21 60 61
21 61 25
21 62 69
21 63 90
21 64 65
21 65 20
21 66 87
21 67 64
21 68 54
21 69 75
21 70 84
21 71 85
21 72 41
21 73 15
21 74 53
21 75 41
21 76 26
21 77 94
21 78 15
21 79 8
21 80 47
21 81 31
21 82 10
21 83 73
21 84 47
21 85 74
21 86 51
21 87 33
21 88 41
21 89 60
21 90 26
21 91 49
21 92 36
21 93 42
21 94 94
21 95 48
21 96 87
21 97 60
21 98 20
21 99 92
21 100 18
21 101 9
21 102 45
21 103 48
21 104 75
22 23 47
22 24 73
22 25 34
22 26 71
22 27 22
22 28 93
22 29 21
22 30 7
22 31 65
22 32 37
22 33 90
22 34 80
22 35 48
22 36 16
22 37 95
22 38 50
22 39 4
22 40 91
22 41 18
22 42 80
22 43 65
22 44 79
22 45 85
22 46 36
22 47 62
22 48 12
22 49 3
22 50 62
22 51 18
22 52 9
22 53 58
22 54 90
22 55 24
22 56 61
22 57 25
22 58 20
22 59 69
22 60 56
22 61 4
22 62 73
22 63 52
22 64 85
22 65 3
22 66 90
22 67 90
22 68 40
22 69 96
22 70 26
22 71 3
22 72 15
22 73 97
22 74 57
22 75 82
22 76 14
22 77 33
22 78 25
22 79 10
22 80 91
22 81 90
22 82 1
22 83 73
22 84 67
22 85 29
22 86 16
22 87 83
22 88 84
22 89 86
22 90 42
22 91 38
22 92 41
22 93 34
22 94 8
22 95 80
22 96 97
22 97 22
22 98 13
22 99 28
22 100 36
22 101 10
22 102 15
22 103 93
22 104 77
23 24 11
23 25 92
23 26 10
23 27 4
23 28 19
23 29 69
23 30 33
23 31 18
23 32 40
23 33 6
23 34 7
23 35 16
23 36 88
23 37 6
23 38 69
23 39 63
23 40 100
23 41 6
23 42 37
23 43 57
23 44 76
23 45 22
23 46 31
23 47 22
23 48 22
23 49 75
23 50 91
23 51 44
23 52 46
23 53 17
23 54 29
23 55 93
23 56 64
23 57 98
23 58 72
23 59 49
23 60 60
23 61 85
23 62 25
23 63 26
23 64 60
23 65 9
23 66 84
23 67 58
23 68 8
23 69 35
23 70 7
23 71 35
23 72 33
23 73 81
23 74 72
23 75 92
23 76 52
23 77 62
23 78 66
23 79 62
23 80 41
23 81 95
23 82 48
23 83 16
23 84 70
23 85 74
23 86 51
23 87 84
23 88 82
23 89 43
23 90 30
23 91 68
23 92 19
23 93 29
23 94 7
23 95 61
23 96 11
23 97 49
23 98 67
23 99 62
23 100 28
23 101 38
23 102 34
23 103 61
23 104 100
24 25 79
24 26 11
24 27 6
24 28 42
24 29 16
24 30 96
24 31 99
24 32 48
24 33 86
24 34 50
24 35 12
24 36 16
24 37 84
24 38 80
24 39 52
24 40 23
24 41 100
24 42 61
24 43 92
24 44 48
24 45 31
24 46 85
24 47 12
24 48 64
24 49 19
24 50 62
24 51 43
24 52 41
24 53 90
24 54 98
24 55 33
24 56 42
24 57 33
24 58 95
24 59 10
24 60 49
24 61 5
24 62 7
24 63 65
24 64 41
24 65 52
24 66 98
24 67 72
24 68 63
24 69 54
24 70 53
24 71 27
24 72 67
24 73 12
24 74 100
24 75 44
24 76 84
24 77 20
24 78 32
24 79 24
24 80 40
24 81 37
24 82 49
24 83 32
24 84 37
24 85 89
24 86 55
24 87 90
24 88 96
24 89 20
24 90 97
24 91 64
24 92 30
24 93 18
24 94 34
24 95 11
24 96 91
24 97 43
24 98 66
24 99 15
24 100 30
24 101 21
24 102 69
24 103 22
24 104 17
25 26 96
25 27 1
25 28 19
25 29 92
25 30 100
25 31 75
25 32 32
25 33 45
25 34 56
25 35 29
25 36 22
25 37 22
25 38 12
25 39 56
25 40 77
25 41 39
25 42 62
25 43 12
25 44 51
25 45 6
25 46 8
25 47 49
25 48 47
25 49 18
25 50 31
25 51 48
25 52 25
25 53 16
25 54 43
25 55 36
25 56 10
25 57 72
25 58 4
25 59 72
25 60 32
25 61 91
25 62 30
25 63 77
25 64 51
25 65 47
25 66 80
25 67 84
25 68 59
25 69 21
25 70 72
25 71 45
25 72 61
25 73 3
25 74 73
25 75 65
25 76 87
25 77 89
25 78 58
25 79 36
25 80 28
25 81 82
25 82 13
25 83 53
25 84 88
25 85 56
25 86 78
25 87 24
25 88 19
25 89 84
25 90 91
25 91 97
25 92 31
25 93 29
25 94 40
25 95 29
25 96 8
25 97 63
25 98 94
25 99 33
25 100 90
25 101 12
25 102 64
25 103 79
25 104 90
26 27 57
26 28 44
26 29 28
26 30 39
26 31 19
26 32 49
26 33 59
26 34 30
26 35 84
26 36 31
26 37 62
26 38 45
26 39 26
26 40 38
26 41 51
26 42 72
26 43 55
26 44 23
26 45 67
26 46 99
26 47 52
26 48 31
26 49 7
26 50 3
26 51 34
26 52 52
26 53 9
26 54 65
26 55 27
26 56 38
26 57 77
26 58 1
26 59 19
26 60 68
26 61 79
26 62 47
26 63 33
26 64 94
26 65 89
26 66 98
26 67 70
26 68 12
26 69 79
26 70 35
26 71 27
26 72 50
26 73 70
26 74 14
26 75 77
26 76 2
26 77 90
26 78 58
26 79 100
26 80 80
26 81 29
26 82 70
26 83 63
26 84 81
26 85 62
26 86 29
26 87 6
26 88 44
26 89 34
26 90 81
26 91 54
26 92 42
26 93 33
26 94 48
26 95 58
26 96 55
26 97 55
26 98 86
26 99 85
26 100 98
26 101 70
26 102 28
26 103 73
26 104 96
27 28 2
27 29 78
27 30 67
27 31 72
27 32 45
27 33 48
27 34 16
27 35 84
27 36 95
27 37 39
27 38 78
27 39 75
27 40 10
27 41 77
27 42 52
27 43 26
27 44 34
27 45 46
27 46 42
27 47 85
27 48 60
27 49 61
27 50 15
27 51 8
27 52 9
27 53 78
27 54 12
27 55 70
27 56 87
27 57 40
27 58 29
27 59 4
27 60 16
27 61 27
27 62 26
27 63 12
27 64 84
27 65 89
27 66 74
27 67 45
27 68 46
27 69 92
27 70 46
27 71 100
27 72 46
27 73 32
27 74 21
27 75 54
27 76 87
27 77 63
27 78 17
27 79 93
27 80 34
27 81 13
27 82 42
27 83 45
27 84 87
27 85 17
27 86 26
27 87 39
27 88 72
27 89 7
27 90 41
27 91 82
27 92 23
27 93 12
27 94 56
27 95 25
27 96 76
27 97 41
27 98 34
27 99 67
27 100 31
27 101 90
27 102 27
27 103 74
27 104 72
28 29 90
28 30 49
28 31 61
28 32 65
28 33 15
28 34 53
28 35 89
28 36 35
28 37 49
28 38 91
28 39 78
28 40 6
28 41 74
28 42 41
28 43 77
28 44 64
28 45 85
28 46 20
28 47 23
28 48 15
28 49 83
28 50 19
28 51 9
28 52 32
28 53 80
28 54 34
28 55 73
28 56 72
28 57 76
28 58 100
28 59 21
28 60 35
28 61 74
28 62 72
28 63 85
28 64 15
28 65 1
28 66 37
28 67 12
28 68 93
28 69 54
28 70 90
28 71 39
28 72 19
28 73 4
28 74 35
28 75 50
28 76 81
28 77 18
28 78 35
28 79 3
28 80 6
28 81 90
28 82 88
28 83 41
28 84 81
28 85 99
28 86 21
28 87 62
28 88 30
28 89 45
28 90 79
28 91 72
28 92 97
28 93 22
28 94 25
28 95 48
28 96 64
28 97 13
28 98 45
28 99 58
28 100 56
28 101 18
28 102 86
28 103 46
28 104 74
29 30 52
29 31 24
29 32 45
29 33 5
29 34 92
29 35 44
29 36 80
29 37 33
29 38 60
29 39 74
29 40 33
29 41 53
29 42 3
29 43 23
29 44 86
29 45 45
29 46 40
29 47 77
29 48 22
29 49 6
29 50 96
29 51 95
29 52 44
29 53 42
29 54 54
29 55 93
29 56 41
29 57 97
29 58 6
29 59 17
29 60 50
29 61 15
29 62 65
29 63 37
29 64 53
29 65 100
29 66 55
29 67 40
29 68 21
29 69 72
29 70 36
29 71 33
29 72 99
29 73 30
29 74 74
29 75 35
29 76 74
29 77 87
29 78 15
29 79 88
29 80 72
29 81 39
29 82 98
29 83 85
29 84 93
29 85 28
29 86 53
29 87 95
29 88 83
29 89 96
29 90 80
29 91 45
29 92 10
29 93 19
29 94 27
29 95 17
29 96 63
29 97 95
29 98 41
29 99 5
29 100 42
29 101 83
29 102 30
29 103 75
29 104 16
30 31 7
30 32 11
30 33 33
30 34 2
30 35 57
30 36 26
30 37 37
30 38 10
30 39 22
30 40 37
30 41 59
30 42 33
30 43 13
30 44 83
30 45 96
30 46 37
30 47 98
30 48 97
30 49 82
30 50 9
30 51 79
30 52 100
30 53 95
30 54 5
30 55 60
30 56 24
30 57 60
30 58 63
30 59 63
30 60 16
30 61 74
30 62 56
30 63 64
30 64 47
30 65 20
30 66 49
30 67 49
30 68 18
30 69 17
30 70 77
30 71 10
30 72 14
30 73 28
30 74 48
30 75 77
30 76 2
30 77 77
30 78 2
30 79 19
30 80 40
30 81 89
30 82 67
30 83 86
30 84 63
30 85 79
30 86 99
30 87 79
30 88 78
30 89 47
30 90 51
30 91 15
30 92 47
30 93 74
30 94 3
30 95 80
30 96 87
30 97 44
30 98 46
30 99 1
30 100 77
30 101 18
30 102 66
30 103 2
30 104 29
31 32 56
31 33 100
31 34 43
31 35 41
31 36 11
31 37 89
31 38 100
31 39 23
31 40 18
31 41 71
31 42 40
31 43 26
31 44 21
31 45 77
31 46 42
31 47 38
31 48 49
31 49 34
31 50 23
31 51 18
31 52 83
31 53 6
31 54 20
31 55 3
31 56 46
31 57 91
31 58 62
31 59 35
31 60 54
31 61 87
31 62 31
31 63 26
31 64 97
31 65 61
31 66 91
31 67 43
31 68 100
31 69 30
31 70 66
31 71 45
31 72 37
31 73 27
31 74 47
31 75 64
31 76 78
31 77 22
31 78 81
31 79 32
31 80 39
31 81 8
31 82 71
31 83 36
31 84 62
31 85 71
31 86 31
31 87 21
31 88 67
31 89 70
31 90 15
31 91 56
31 92 50
31 93 80
31 94 41
31 95 98
31 96 93
31 97 44
31 98 40
31 99 57
31 100 100
31 101 59
31 102 4
31 103 92
31 104 36
32 33 63
32 34 98
32 35 73
32 36 100
32 37 94
32 38 55
32 39 67
32 40 47
32 41 52
32 42 97
32 43 97
32 44 52
32 45 50
32 46 74
32 47 8
32 48 34
32 49 39
32 50 64
32 51 32
32 52 41
32 53 33
32 54 25
32 55 36
32 56 22
32 57 91
32 58 11
32 59 12
32 60 78
32 61 81
32 62 39
32 63 73
32 64 49
32 65 47
32 66 84
32 67 84
32 68 64
32 69 44
32 70 67
32 71 79
32 72 67
32 73 50
32 74 71
32 75 40
32 76 63
32 77 95
32 78 91
32 79 99
32 80 83
32 81 47
32 82 48
32 83 84
32 84 86
32 85 12
32 86 61
32 87 25
32 88 62
32 89 17
32 90 1
32 91 48
32 92 47
32 93 68
32 94 5
32 95 57
32 96 79
32 97 90
32 98 11
32 99 13
32 100 6
32 101 21
32 102 78
32 103 8
32 104 48
33 34 84
33 35 51
33 36 36
33 37 39
33 38 18
33 39 45
33 40 25
33 41 39
33 42 14
33 43 75
33 44 45
33 45 16
33 46 1
33 47 73
33 48 39
33 49 26
33 50 98
33 51 59
33 52 55
33 53 51
33 54 93
33 55 89
33 56 15
33 57 72
33 58 87
33 59 35
33 60 62
33 61 38
33 62 53
33 63 78
33 64 62
33 65 98
33 66 68
33 67 58
33 68 83
33 69 9
33 70 66
33 71 42
33 72 85
33 73 41
33 74 13
33 75 87
33 76 36
33 77 65
33 78 3
33 79 93
33 80 48
33 81 36
33 82 94
33 83 94
33 84 69
33 85 38
33 86 41
33 87 27
33 88 100
33 89 68
33 90 77
33 91 12
33 92 57
33 93 91
33 94 9
33 95 85
33 96 64
33 97 36
33 98 38
33 99 26
33 100 73
33 101 5
33 102 83
33 103 11
33 104 48
34 35 23
34 36 53
34 37 64
34 38 23
34 39 12
34 40 66
34 41 60
34 42 3
34 43 41
34 44 86
34 45 26
34 46 58
34 47 51
34 48 31
34 49 13
34 50 19
34 51 42
34 52 89
34 53 14
34 54 95
34 55 54
34 56 99
34 57 24
34 58 23
34 59 63
34 60 32
34 61 23
34 62 88
34 63 41
34 64 74
34 65 30
34 66 29
34 67 4
34 68 78
34 69 51
34 70 17
34 71 10
34 72 48
34 73 8
34 74 74
34 75 28
34 76 12
34 77 95
34 78 73
34 79 26
34 80 65
34 81 36
34 82 31
34 83 64
34 84 26
34 85 90
34 86 20
34 87 17
34 88 43
34 89 33
34 90 66
34 91 28
34 92 52
34 93 68
34 94 47
34 95 31
34 96 67
34 97 16
34 98 98
34 99 10
34 100 74
34 101 94
34 102 27
34 103 27
34 104 3
35 36 56
35 37 8
35 38 70
35 39 69
35 40 81
35 41 24
35 42 18
35 43 68
35 44 75
35 45 83
35 46 96
35 47 34
35 48 24
35 49 13
35 50 87
35 51 88
35 52 95
35 53 97
35 54 34
35 55 33
35 56 97
35 57 53
35 58 94
35 59 12
35 60 56
35 61 70
35 62 97
35 63 70
35 64 94
35 65 72
35 66 71
35 67 87
35 68 87
35 69 78
35 70 36
35 71 17
35 72 65
35 73 97
35 74 65
35 75 27
35 76 76
35 77 33
35 78 36
35 79 2
35 80 43
35 81 47
35 82 66
35 83 4
35 84 50
35 85 35
35 86 53
35 87 46
35 88 80
35 89 20
35 90 75
35 91 60
35 92 79
35 93 59
35 94 99
35 95 85
35 96 50
35 97 48
35 98 89
35 99 35
35 100 36
35 101 69
35 102 66
35 103 15
35 104 61
36 37 52
36 38 19
36 39 23
36 40 20
36 41 95
36 42 31
36 43 67
36 44 27
36 45 68
36 46 11
36 47 38
36 48 49
36 49 78
36 50 98
36 51 93
36 52 71
36 53 89
36 54 27
36 55 30
36 56 98
36 57 51
36 58 86
36 59 46
36 60 12
36 61 54
36 62 96
36 63 51
36 64 47
36 65 45
36 66 69
36 67 22
36 68 70
36 69 10
36 70 8
36 71 6
36 72 42
36 73 71
36 74 70
36 75 37
36 76 69
36 77 63
36 78 23
36 79 7
36 80 56
36 81 41
36 82 33
36 83 50
36 84 9
36 85 100
36 86 47
36 87 37
36 88 9
36 89 67
36 90 45
36 91 2
36 92 99
36 93 7
36 94 50
36 95 20
36 96 81
36 97 36
36 98 10
36 99 13
36 100 52
36 101 44
36 102 84
36 103 75
36 104 15
37 38 68
37 39 42
37 40 4
37 41 44
37 42 37
37 43 31
37 44 40
37 45 59
37 46 55
37 47 29
37 48 95
37 49 47
37 50 25
37 51 68
37 52 36
37 53 15
37 54 23
37 55 12
37 56 68
37 57 39
37 58 53
37 59 24
37 60 64
37 61 77
37 62 37
37 63 26
37 64 28
37 65 61
37 66 55
37 67 84
37 68 100
37 69 46
37 70 42
37 71 67
37 72 64
37 73 84
37 74 56
37 75 23
37 76 89
37 77 59
37 78 85
37 79 41
37 80 68
37 81 6
37 82 89
37 83 99
37 84 65
37 85 74
37 86 55
37 87 53
37 88 42
37 89 50
37 90 81
37 91 29
37 92 1
37 93 33
37 94 91
37 95 98
37 96 84
37 97 49
37 98 34
37 99 64
37 100 14
37 101 45
37 102 81
37 103 68
37 104 97
38 39 73
38 40 36
38 41 48
38 42 65
38 43 49
38 44 67
38 45 28
38 46 42
38 47 96
38 48 76
38 49 9
38 50 18
38 51 66
38 52 50
38 53 84
38 54 45
38 55 68
38 56 84
38 57 44
38 58 12
38 59 55
38 60 53
38 61 34
38 62 34
38 63 64
38 64 93
38 65 75
38 66 21
38 67 33
38 68 33
38 69 82
38 70 23
38 71 70
38 72 64
38 73 88
38 74 75
38 75 62
38 76 71
38 77 75
38 78 44
38 79 27
38 80 24
38 81 68
38 82 97
38 83 10
38 84 38
38 85 75
38 86 37
38 87 89
38 88 70
38 89 54
38 90 21
38 91 83
38 92 84
38 93 97
38 94 69
38 95 40
38 96 100
38 97 74
38 98 51
38 99 64
38 100 10
38 101 44
38 102 69
38 103 35
38 104 7
39 40 8
39 41 75
39 42 10
39 43 3
39 44 40
39 45 28
39 46 57
39 47 60
39 48 10
39 49 23
39 50 48
39 51 85
39 52 82
39 53 23
39 54 22
39 55 20
39 56 92
39 57 93
39 58 76
39 59 21
39 60 75
39 61 82
39 62 28
39 63 8
39 64 40
39 65 82
39 66 9
39 67 35
39 68 1
39 69 17
39 70 36
39 71 69
39 72 82
39 73 80
39 74 68
39 75 94
39 76 12
39 77 25
39 78 4
39 79 20
39 80 18
39 81 85
39 82 9
39 83 23
39 84 88
39 85 100
39 86 33
39 87 6
39 88 93
39 89 35
39 90 31
39 91 79
39 92 28
39 93 96
39 94 14
39 95 47
39 96 99
39 97 37
39 98 38
39 99 3
39 100 51
39 101 3
39 102 15
39 103 31
39 104 89
40 41 27
40 42 32
40 43 40
40 44 40
40 45 76
40 46 95
40 47 86
40 48 96
40 49 31
40 50 19
40 51 94
40 52 3
40 53 55
40 54 32
40 55 35
40 56 21
40 57 14
40 58 68
40 59 69
40 60 96
40 61 86
40 62 4
40 63 66
40 64 29
40 65 63
40 66 1
40 67 95
40 68 19
40 69 82
40 70 73
40 71 2
40 72 41
40 73 44
40 74 27
40 75 15
40 76 30
40 77 96
40 78 42
40 79 77
40 80 66
40 81 92
40 82 46
40 83 35
40 84 76
40 85 5
40 86 74
40 87 49
40 88 26
40 89 97
40 90 77
40 91 84
40 92 25
40 93 86
40 94 70
40 95 65
40 96 3
40 97 16
40 98 30
40 99 44
40 100 69
40 101 20
40 102 2
40 103 9
40 104 63
41 42 12
41 43 46
41 44 83
41 45 57
41 46 100
41 47 61
41 48 12
41 49 98
41 50 62
41 51 83
41 52 55
41 53 36
41 54 63
41 55 90
41 56 9
41 57 56
41 58 92
41 59 44
41 60 9
41 61 57
41 62 3
41 63 18
41 64 64
41 65 25
41 66 1
41 67 35
41 68 10
41 69 62
41 70 44
41 71 61
41 72 80
41 73 50
41 74 36
41 75 96
41 76 81
41 77 3
41 78 5
41 79 39
41 80 2
41 81 91
41 82 97
41 83 30
41 84 99
41 85 79
41 86 84
41 87 36
41 88 4
41 89 5
41 90 22
41 91 98
41 92 75
41 93 39
41 94 61
41 95 89
41 96 77
41 97 8
41 98 18
41 99 81
41 100 26
41 101 99
41 102 72
41 103 66
41 104 9
42 43 45
42 44 50
42 45 98
42 46 54
42 47 30
42 48 29
42 49 37
42 50 16
42 51 61
42 52 69
42 53 45
42 54 30
42 55 92
42 56 55
42 57 63
42 58 73
42 59 56
42 60 64
42 61 27
42 62 36
42 63 78
42 64 72
42 65 62
42 66 29
42 67 52
42 68 51
42 69 13
42 70 97
42 71 6
42 72 61
42 73 54
42 74 25
42 75 94
42 76 98
42 77 95
42 78 77
42 79 14
42 80 92
42 81 96
42 82 44
42 83 58
42 84 91
42 85 16
42 86 31
42 87 48
42 88 98
42 89 46
42 90 10
42 91 52
42 92 1
42 93 43
42 94 63
42 95 76
42 96 1
42 97 74
42 98 67
42 99 23
42 100 11
42 101 7
42 102 30
42 103 36
42 104 26
43 44 39
43 45 54
43 46 22
43 47 78
43 48 48
43 49 10
43 50 33
43 51 53
43 52 2
43 53 38
43 54 36
43 55 35
43 56 13
43 57 69
43 58 67
43 59 95
43 60 23
43 61 57
43 62 6
43 63 51
43 64 69
43 65 38
43 66 92
43 67 95
43 68 70
43 69 17
43 70 25
43 71 53
43 72 46
43 73 14
43 74 85
43 75 75
43 76 96
43 77 48
43 78 64
43 79 46
43 80 42
43 81 74
43 82 44
43 83 69
43 84 99
43 85 36
43 86 59
43 87 25
43 88 95
43 89 74
43 90 19
43 91 37
43 92 65
43 93 5
43 94 20
43 95 38
43 96 91
43 97 33
43 98 97
43 99 91
43 100 72
43 101 41
43 102 79
43 103 83
43 104 97
44 45 70
44 46 9
44 47 9
44 48 81
44 49 22
44 50 13
44 51 94
44 52 76
44 53 18
44 54 70
44 55 89
44 56 48
44 57 72
44 58 41
44 59 6
44 60 57
44 61 11
44 62 88
44 63 70
44 64 82
44 65 84
44 66 69
44 67 55
44 68 6
44 69 98
44 70 2
44 71 64
44 72 42
44 73 92
44 74 78
44 75 79
44 76 69
44 77 29
44 78 53
44 79 49
44 80 2
44 81 96
44 82 32
44 83 50
44 84 65
44 85 16
44 86 27
44 87 27
44 88 62
44 89 29
44 90 90
44 91 27
44 92 20
44 93 40
44 94 97
44 95 87
44 96 10
44 97 98
44 98 87
44 99 10
44 100 17
44 101 39
44 102 13
44 103 14
44 104 60
45 46 32
45 47 79
45 48 33
45 49 18
45 50 16
45 51 13
45 52 46
45 53 90
45 54 87
45 55 76
45 56 93
45 57 21
45 58 80
45 59 58
45 60 99
45 61 44
45 62 1
45 63 86
45 64 89
45 65 99
45 66 37
45 67 55
45 68 100
45 69 44
45 70 52
45 71 30
45 72 40
45 73 67
45 74 8
45 75 84
45 76 72
45 77 8
45 78 96
45 79 10
45 80 82
45 81 26
45 82 22
45 83 93
45 84 71
45 85 24
45 86 66
45 87 16
45 88 4
45 89 15
45 90 99
45 91 44
45 92 9
45 93 35
45 94 3
45 95 10
45 96 33
45 97 50
45 98 60
45 99 91
45 100 51
45 101 35
45 102 71
45 103 67
45 104 75
46 47 1
46 48 67
46 49 4
46 50 46
46 51 59
46 52 22
46 53 60
46 54 76
46 55 74
46 56 51
46 57 91
46 58 43
46 59 23
46 60 5
46 61 5
46 62 2
46 63 63
46 64 40
46 65 55
46 66 47
46 67 13
46 68 87
46 69 12
46 70 84
46 71 99
46 72 96
46 73 24
46 74 19
46 75 74
46 76 30
46 77 83
46 78 46
46 79 81
46 80 33
46 81 19
46 82 39
46 83 95
46 84 39
46 85 26
46 86 5
46 87 69
46 88 93
46 89 52
46 90 71
46 91 5
46 92 26
46 93 99
46 94 33
46 95 62
46 96 62
46 97 32
46 98 43
46 99 97
46 100 83
46 101 42
46 102 78
46 103 97
46 104 10
47 48 32
47 49 36
47 50 7
47 51 39
47 52 86
47 53 11
47 54 46
47 55 5
47 56 68
47 57 96
47 58 26
47 59 70
47 60 16
47 61 16
47 62 11
47 63 22
47 64 99
47 65 54
47 66 49
47 67 67
47 68 2
47 69 13
47 70 88
47 71 47
47 72 12
47 73 75
47 74 79
47 75 44
47 76 42
47 77 21
47 78 100
47 79 19
47 80 15
47 81 78
47 82 47
47 83 60
47 84 27
47 85 71
47 86 16
47 87 12
47 88 45
47 89 56
47 90 6
47 91 67
47 92 99
47 93 47
47 94 97
47 95 42
47 96 5
47 97 10
47 98 47
47 99 32
47 100 77
47 101 9
47 102 12
47 103 92
47 104 41
48 49 71
48 50 51
48 51 91
48 52 2
48 53 97
48 54 59
48 55 40
48 56 5
48 57 91
48 58 54
48 59 88
48 60 42
48 61 49
48 62 53
48 63 26
48 64 14
48 65 17
48 66 34
48 67 57
48 68 48
48 69 100
48 70 68
48 71 71
48 72 10
48 73 50
48 74 90
48 75 95
48 76 63
48 77 14
48 78 19
48 79 85
48 80 18
48 81 86
48 82 13
48 83 8
48 84 63
48 85 100
48 86 40
48 87 68
48 88 47
48 89 31
48 90 27
48 91 62
48 92 16
48 93 81
48 94 11
48 95 48
48 96 89
48 97 95
48 98 31
48 99 22
48 100 95
48 101 2
48 102 25
48 103 19
48 104 56
49 50 57
49 51 30
49 52 8
49 53 92
49 54 15
49 55 44
49 56 56
49 57 20
49 58 77
49 59 56
49 60 56
49 61 6
49 62 49
49 63 69
49 64 20
49 65 29
49 66 2
49 67 55
49 68 100
49 69 36
49 70 17
49 71 36
49 72 58
49 73 31
49 74 21
49 75 80
49 76 2
49 77 83
49 78 85
49 79 29
49 80 1
49 81 5
49 82 9
49 83 91
49 84 26
49 85 49
49 86 6
49 87 82
49 88 59
49 89 83
49 90 47
49 91 75
49 92 47
49 93 45
49 94 17
49 95 60
49 96 53
49 97 10
49 98 75
49 99 50
49 100 94
49 101 5
49 102 43
49 103 86
49 104 38
50 51 9
50 52 99
50 53 4
50 54 91
50 55 99
50 56 12
50 57 77
50 58 11
50 59 61
50 60 58
50 61 53
50 62 37
50 63 83
50 64 6
50 65 70
50 66 32
50 67 93
50 68 54
50 69 87
50 70 72
50 71 40
50 72 44
50 73 81
50 74 40
50 75 47
50 76 80
50 77 17
50 78 96
50 79 27
50 80 49
50 81 26
50 82 65
50 83 72
50 84 83
50 85 39
50 86 1
50 87 5
50 88 68
50 89 29
50 90 13
50 91 83
50 92 30
50 93 98
50 94 17
50 95 57
50 96 76
50 97 1
50 98 94
50 99 80
50 100 24
50 101 87
50 102 29
50 103 92
50 104 36
51 52 40
51 53 100
51 54 4
51 55 71
51 56 77
51 57 21
51 58 88
51 59 4
51 60 16
51 61 64
51 62 69
51 63 1
51 64 35
51 65 89
51 66 20
51 67 63
51 68 43
51 69 55
51 70 94
51 71 92
51 72 36
51 73 64
51 74 7
51 75 68
51 76 25
51 77 64
51 78 53
51 79 44
51 80 42
51 81 99
51 82 14
51 83 42
51 84 33
51 85 55
51 86 23
51 87 60
51 88 37
51 89 93
51 90 22
51 91 38
51 92 63
51 93 7
51 94 94
51 95 22
51 96 94
51 97 79
51 98 47
51 99 91
51 100 26
51 101 97
51 102 70
51 103 94
51 104 73
52 53 81
52 54 34
52 55 87
52 56 3
52 57 50
52 58 27
52 59 16
52 60 31
52 61 7
52 62 57
52 63 51
52 64 82
52 65 37
52 66 72
52 67 85
52 68 31
52 69 47
52 70 76
52 71 59
52 72 58
52 73 9
52 74 13
52 75 31
52 76 68
52 77 90
52 78 98
52 79 39
52 80 57
52 81 91
52 82 91
52 83 14
52 84 49
52 85 20
52 86 22
52 87 71
52 88 1
52 89 33
52 90 98
52 91 23
52 92 79
52 93 36
52 94 64
52 95 95
52 96 90
52 97 28
52 98 7
52 99 11
52 100 75
52 101 18
52 102 11
52 103 18
52 104 21
53 54 52
53 55 44
53 56 81
53 57 20
53 58 58
53 59 61
53 60 43
53 61 31
53 62 65
53 63 14
53 64 2
53 65 22
53 66 34
53 67 35
53 68 55
53 69 19
53 70 66
53 71 7
53 72 16
53 73 61
53 74 35
53 75 55
53 76 10
53 77 87
53 78 56
53 79 28
53 80 16
53 81 40
53 82 31
53 83 21
53 84 28
53 85 14
53 86 80
53 87 37
53 88 93
53 89 86
53 90 77
53 91 85
53 92 53
53 93 63
53 94 16
53 95 44
53 96 46
53 97 78
53 98 79
53 99 51
53 100 53
53 101 100
53 102 82
53 103 2
53 104 18
54 55 9
54 56 69
54 57 19
54 58 1
54 59 56
54 60 87
54 61 53
54 62 11
54 63 71
54 64 89
54 65 80
54 66 77
54 67 28
54 68 7
54 69 74
54 70 72
54 71 79
54 72 65
54 73 72
54 74 58
54 75 40
54 76 3
54 77 90
54 78 67
54 79 63
54 80 49
54 81 8
54 82 29
54 83 34
54 84 74
54 85 39
54 86 70
54 87 16
54 88 51
54 89 5
54 90 39
54 91 50
54 92 59
54 93 82
54 94 30
54 95 46
54 96 80
54 97 61
54 98 27
54 99 100
54 100 37
54 101 52
54 102 12
54 103 23
54 104 20
55 56 33
55 57 56
55 58 40
55 59 72
55 60 75
55 61 17
55 62 86
55 63 17
55 64 96
55 65 61
55 66 34
55 67 11
55 68 81
55 69 24
55 70 40
55 71 51
55 72 59
55 73 8
55 74 52
55 75 12
55 76 33
55 77 27
55 78 56
55 79 92
55 80 65
55 81 22
55 82 37
55 83 94
55 84 76
55 85 81
55 86 24
55 87 52
55 88 42
55 89 65
55 90 13
55 91 89
55 92 67
55 93 31
55 94 21
55 95 91
55 96 55
55 97 4
55 98 18
55 99 70
55 100 10
55 101 78
55 102 25
55 103 66
55 104 5
56 57 20
56 58 85
56 59 24
56 60 2
56 61 73
56 62 39
56 63 93
56 64 9
56 65 98
56 66 91
56 67 75
56 68 53
56 69 48
56 70 36
56 71 74
56 72 64
56 73 42
56 74 10
56 75 48
56 76 80
56 77 12
56 78 77
56 79 49
56 80 96
56 81 76
56 82 23
56 83 88
56 84 17
56 85 99
56 86 95
56 87 30
56 88 82
56 89 63
56 90 92
56 91 64
56 92 57
56 93 17
56 94 22
56 95 83
56 96 94
56 97 92
56 98 40
56 99 47
56 100 61
56 101 6
56 102 14
56 103 63
56 104 63
57 58 49
57 59 57
57 60 13
57 61 17
57 62 72
57 63 11
57 64 69
57 65 66
57 66 64
57 67 50
57 68 93
57 69 6
57 70 84
57 71 85
57 72 15
57 73 35
57 74 5
57 75 94
57 76 73
57 77 74
57 78 48
57 79 69
57 80 89
57 81 27
57 82 98
57 83 61
57 84 74
57 85 65
57 86 42
57 87 58
57 88 8
57 89 54
57 90 72
57 91 62
57 92 20
57 93 8
57 94 1
57 95 15
57 96 10
57 97 46
57 98 26
57 99 52
57 100 83
57 101 30
57 102 63
57 103 70
57 104 9
58 59 35
58 60 66
58 61 51
58 62 69
58 63 41
58 64 52
58 65 12
58 66 55
58 67 27
58 68 74
58 69 16
58 70 51
58 71 66
58 72 15
58 73 32
58 74 16
58 75 92
58 76 57
58 77 52
58 78 33
58 79 30
58 80 94
58 81 92
58 82 92
58 83 81
58 84 99
58 85 2
58 86 55
58 87 40
58 88 73
58 89 52
58 90 79
58 91 86
58 92 72
58 93 82
58 94 32
58 95 31
58 96 63
58 97 98
58 98 31
58 99 94
58 100 10
58 101 47
58 102 6
58 103 42
58 104 100
59 60 72
59 61 45
59 62 63
59 63 42
59 64 8
59 65 54
59 66 27
59 67 91
59 68 31
59 69 50
59 70 61
59 71 42
59 72 13
59 73 61
59 74 65
59 75 71
59 76 20
59 77 8
59 78 75
59 79 80
59 80 35
59 81 25
59 82 31
59 83 59
59 84 93
59 85 77
59 86 60
59 87 80
59 88 88
59 89 89
59 90 24
59 91 40
59 92 2
59 93 91
59 94 95
59 95 8
59 96 21
59 97 63
59 98 14
59 99 95
59 100 53
59 101 94
59 102 36
59 103 49
59 104 23
60 61 95
60 62 100
60 63 2
60 64 89
60 65 20
60 66 37
60 67 32
60 68 59
60 69 53
60 70 63
60 71 31
60 72 9
60 73 28
60 74 77
60 75 63
60 76 6
60 77 90
60 78 17
60 79 28
60 80 14
60 81 99
60 82 9
60 83 62
60 84 86
60 85 19
60 86 55
60 87 55
60 88 2
60 89 91
60 90 52
60 91 42
60 92 43
60 93 40
60 94 41
60 95 22
60 96 7
60 97 6
60 98 71
60 99 42
60 100 80
60 101 59
60 102 5
60 103 42
60 104 29
61 62 42
61 63 75
61 64 14
61 65 8
61 66 59
61 67 69
61 68 94
61 69 76
61 70 34
61 71 83
61 72 31
61 73 69
61 74 99
61 75 97
61 76 44
61 77 37
61 78 61
61 79 49
61 80 64
61 81 11
61 82 97
61 83 23
61 84 87
61 85 97
61 86 9
61 87 38
61 88 5
61 89 93
61 90 75
61 91 30
61 92 2
61 93 10
61 94 77
61 95 27
61 96 47
61 97 22
61 98 29
61 99 55
61 100 58
61 101 84
61 102 98
61 103 80
61 104 28
62 63 4
62 64 63
62 65 1
62 66 93
62 67 11
62 68 62
62 69 82
62 70 19
62 71 58
62 72 34
62 73 96
62 74 68
62 75 69
62 76 55
62 77 63
62 78 71
62 79 22
62 80 29
62 81 32
62 82 21
62 83 71
62 84 75
62 85 97
62 86 73
62 87 41
62 88 93
62 89 44
62 90 15
62 91 38
62 92 37
62 93 72
62 94 85
62 95 60
62 96 28
62 97 56
62 98 77
62 99 56
62 100 12
62 101 81
62 102 47
62 103 90
62 104 45
63 64 14
63 65 18
63 66 45
63 67 94
63 68 66
63 69 32
63 70 35
63 71 15
63 72 28
63 73 91
63 74 74
63 75 27
63 76 67
63 77 26
63 78 21
63 79 24
63 80 63
63 81 39
63 82 70
63 83 97
63 84 23
63 85 14
63 86 34
63 87 87
63 88 98
63 89 76
63 90 35
63 91 82
63 92 39
63 93 94
63 94 59
63 95 78
63 96 2
63 97 58
63 98 38
63 99 73
63 100 98
63 101 100
63 102 18
63 103 76
63 104 8
64 65 27
64 66 62
64 67 10
64 68 49
64 69 33
64 70 17
64 71 79
64 72 23
64 73 40
64 74 15
64 75 10
64 76 91
64 77 75
64 78 63
64 79 26
64 80 9
64 81 47
64 82 100
64 83 4
64 84 11
64 85 15
64 86 79
64 87 75
64 88 14
64 89 26
64 90 3
64 91 38
64 92 42
64 93 7
64 94 71
64 95 36
64 96 96
64 97 1
64 98 52
64 99 32
64 100 50
64 101 57
64 102 73
64 103 61
64 104 78
65 66 23
65 67 82
65 68 45
65 69 94
65 70 47
65 71 41
65 72 48
65 73 67
65 74 68
65 75 71
65 76 30
65 77 31
65 78 36
65 79 21
65 80 39
65 81 80
65 82 98
65 83 38
65 84 49
65 85 77
65 86 92
65 87 84
65 88 28
65 89 13
65 90 3
65 91 85
65 92 44
65 93 27
65 94 33
65 95 41
65 96 48
65 97 5
65 98 44
65 99 43
65 100 48
65 101 38
65 102 54
65 103 57
65 104 25
66 67 14
66 68 84
66 69 59
66 70 80
66 71 80
66 72 48
66 73 70
66 74 86
66 75 17
66 76 91
66 77 93
66 78 21
66 79 99
66 80 88
66 81 74
66 82 82
66 83 85
66 84 16
66 85 4
66 86 59
66 87 60
66 88 83
66 89 95
66 90 65
66 91 63
66 92 72
66 93 58
66 94 14
66 95 31
66 96 78
66 97 100
66 98 99
66 99 20
66 100 86
66 101 41
66 102 82
66 103 30
66 104 31
67 68 44
67 69 62
67 70 24
67 71 89
67 72 61
67 73 1
67 74 14
67 75 4
67 76 1
67 77 63
67 78 96
67 79 5
67 80 52
67 81 72
67 82 32
67 83 33
67 84 82
67 85 6
67 86 47
67 87 88
67 88 38
67 89 31
67 90 70
67 91 89
67 92 73
67 93 52
67 94 8
67 95 60
67 96 8
67 97 69
67 98 59
67 99 95
67 100 82
67 101 91
67 102 100
67 103 57
67 104 4
68 69 10
68 70 34
68 71 41
68 72 41
68 73 45
68 74 32
68 75 38
68 76 51
68 77 69
68 78 41
68 79 58
68 80 19
68 81 70
68 82 39
68 83 34
68 84 31
68 85 28
68 86 71
68 87 53
68 88 88
68 89 46
68 90 32
68 91 15
68 92 53
68 93 28
68 94 59
68 95 38
68 96 7
68 97 1
68 98 75
68 99 6
68 100 9
68 101 6
68 102 1
68 103 68
68 104 59
69 70 14
69 71 57
69 72 75
69 73 27
69 74 41
69 75 21
69 76 92
69 77 71
69 78 66
69 79 37
69 80 73
69 81 58
69 82 12
69 83 49
69 84 45
69 85 58
69 86 63
69 87 70
69 88 34
69 89 67
69 90 34
69 91 5
69 92 26
69 93 38
69 94 74
69 95 12
69 96 88
69 97 53
69 98 41
69 99 33
69 100 88
69 101 65
69 102 83
69 103 9
69 104 45
70 71 40
70 72 88
70 73 97
70 74 21
70 75 61
70 76 4
70 77 1
70 78 45
70 79 92
70 80 10
70 81 50
70 82 23
70 83 64
70 84 99
70 85 55
70 86 37
70 87 75
70 88 60
70 89 97
70 90 64
70 91 76
70 92 72
70 93 35
70 94 64
70 95 91
70 96 38
70 97 58
70 98 96
70 99 4
70 100 29
70 101 48
70 102 66
70 103 97
70 104 2
71 72 97
71 73 72
71 74 40
71 75 41
71 76 23
71 77 6
71 78 51
71 79 83
71 80 45
71 81 14
71 82 82
71 83 72
71 84 70
71 85 92
71 86 34
71 87 93
71 88 34
71 89 92
71 90 42
71 91 38
71 92 29
71 93 60
71 94 27
71 95 88
71 96 11
71 97 93
71 98 69
71 99 7
71 100 58
71 101 54
71 102 10
71 103 5
71 104 42
72 73 5
72 74 14
72 75 27
72 76 42
72 77 98
72 78 56
72 79 61
72 80 26
72 81 85
72 82 64
72 83 87
72 84 80
72 85 82
72 86 69
72 87 65
72 88 68
72 89 3
72 90 92
72 91 72
72 92 69
72 93 16
72 94 23
72 95 3
72 96 65
72 97 64
72 98 8
72 99 8
72 100 67
72 101 49
72 102 50
72 103 29
72 104 90
73 74 51
73 75 63
73 76 65
73 77 93
73 78 60
73 79 11
73 80 85
73 81 58
73 82 87
73 83 89
73 84 32
73 85 44
73 86 37
73 87 44
73 88 59
73 89 71
73 90 63
73 91 72
73 92 68
73 93 47
73 94 20
73 95 20
73 96 55
73 97 17
73 98 78
73 99 86
73 100 53
73 101 75
73 102 56
73 103 46
73 104 92
74 75 95
74 76 21
74 77 16
74 78 11
74 79 66
74 80 21
74 81 100
74 82 44
74 83 63
74 84 6
74 85 63
74 86 65
74 87 70
74 88 62
74 89 82
74 90 13
74 91 1
74 92 44
74 93 86
74 94 26
74 95 47
74 96 25
74 97 53
74 98 81
74 99 34
74 100 70
74 101 94
74 102 66
74 103 24
74 104 1
75 76 20
75 77 56
75 78 12
75 79 90
75 80 77
75 81 9
75 82 95
75 83 68
75 84 36
75 85 63
75 86 37
75 87 40
75 88 40
75 89 16
75 90 27
75 91 71
75 92 79
75 93 16
75 94 38
75 95 19
75 96 52
75 97 35
75 98 66
75 99 64
75 100 50
75 101 26
75 102 82
75 103 63
75 104 79
76 77 25
76 78 47
76 79 92
76 80 76
76 81 18
76 82 63
76 83 19
76 84 68
76 85 32
76 86 33
76 87 14
76 88 4
76 89 36
76 90 83
76 91 64
76 92 92
76 93 73
76 94 94
76 95 71
76 96 88
76 97 5
76 98 86
76 99 34
76 100 90
76 101 49
76 102 45
76 103 62
76 104 95
77 78 8
77 79 48
77 80 27
77 81 22
77 82 26
77 83 6
77 84 32
77 85 6
77 86 6
77 87 70
77 88 71
77 89 16
77 90 69
77 91 12
77 92 18
77 93 70
77 94 60
77 95 46
77 96 98
77 97 42
77 98 75
77 99 38
77 100 7
77 101 9
77 102 74
77 103 41
77 104 59
78 79 85
78 80 38
78 81 87
78 82 62
78 83 79
78 84 64
78 85 32
78 86 19
78 87 7
78 88 40
78 89 16
78 90 96
78 91 49
78 92 75
78 93 7
78 94 31
78 95 85
78 96 90
78 97 7
78 98 41
78 99 3
78 100 51
78 101 48
78 102 39
78 103 37
78 104 37
79 80 24
79 81 51
79 82 26
79 83 75
79 84 45
79 85 2
79 86 17
79 87 58
79 88 76
79 89 68
79 90 81
79 91 43
79 92 93
79 93 90
79 94 26
79 95 19
79 96 44
79 97 38
79 98 51
79 99 79
79 100 92
79 101 95
79 102 25
79 103 3
79 104 98
80 81 88
80 82 100
80 83 100
80 84 44
80 85 63
80 86 16
80 87 28
80 88 66
80 89 8
80 90 12
80 91 6
80 92 60
80 93 22
80 94 86
80 95 21
80 96 32
80 97 60
80 98 29
80 99 49
80 100 78
80 101 60
80 102 38
80 103 34
80 104 6
81 82 63
81 83 79
81 84 68
81 85 3
81 86 34
81 87 63
81 88 14
81 89 90
81 90 8
81 91 99
81 92 21
81 93 6
81 94 100
81 95 77
81 96 35
81 97 26
81 98 42
81 99 26
81 100 69
81 101 70
81 102 29
81 103 82
81 104 38
82 83 96
82 84 85
82 85 65
82 86 78
82 87 63
82 88 62
82 89 41
82 90 79
82 91 90
82 92 73
82 93 21
82 94 4
82 95 73
82 96 42
82 97 40
82 98 5
82 99 17
82 100 79
82 101 23
82 102 66
82 103 83
82 104 31
83 84 14
83 85 80
83 86 76
83 87 23
83 88 77
83 89 50
83 90 82
83 91 84
83 92 12
83 93 18
83 94 10
83 95 21
83 96 58
83 97 81
83 98 28
83 99 16
83 100 23
83 101 57
83 102 35
83 103 45
83 104 76
84 85 36
84 86 80
84 87 5
84 88 69
84 89 72
84 90 22
84 91 82
84 92 44
84 93 61
84 94 32
84 95 62
84 96 68
84 97 73
84 98 33
84 99 90
84 100 29
84 101 16
84 102 79
84 103 78
84 104 41
85 86 39
85 87 43
85 88 78
85 89 8
85 90 69
85 91 58
85 92 95
85 93 51
85 94 17
85 95 88
85 96 25
85 97 62
85 98 70
85 99 2
85 100 93
85 101 94
85 102 54
85 103 42
85 104 23
86 87 47
86 88 95
86 89 28
86 90 46
86 91 19
86 92 76
86 93 21
86 94 53
86 95 8
86 96 1
86 97 78
86 98 69
86 99 22
86 100 52
86 101 89
86 102 32
86 103 9
86 104 55
87 88 6
87 89 75
87 90 64
87 91 23
87 92 69
87 93 77
87 94 68
87 95 2
87 96 62
87 97 92
87 98 42
87 99 71
87 100 14
87 101 87
87 102 55
87 103 50
87 104 86
88 89 59
88 90 83
88 91 82
88 92 53
88 93 5
88 94 8
88 95 12
88 96 40
88 97 7
88 98 78
88 99 79
88 100 83
88 101 95
88 102 76
88 103 82
88 104 53
89 90 12
89 91 89
89 92 63
89 93 23
89 94 55
89 95 80
89 96 73
89 97 77
89 98 64
89 99 38
89 100 95
89 101 14
89 102 49
89 103 49
89 104 50
90 91 41
90 92 41
90 93 42
90 94 56
90 95 32
90 96 89
90 97 39
90 98 78
90 99 87
90 100 18
90 101 32
90 102 29
90 103 91
90 104 16
91 92 34
91 93 89
91 94 49
91 95 86
91 96 57
91 97 34
91 98 84
91 99 25
91 100 71
91 101 28
91 102 59
91 103 54
91 104 10
92 93 39
92 94 8
92 95 81
92 96 63
92 97 23
92 98 54
92 99 76
92 100 18
92 101 50
92 102 74
92 103 73
92 104 11
93 94 67
93 95 83
93 96 60
93 97 4
93 98 82
93 99 89
93 100 64
93 101 98
93 102 52
93 103 97
93 104 27
94 95 97
94 96 93
94 97 87
94 98 55
94 99 79
94 100 97
94 101 81
94 102 26
94 103 6
94 104 57
95 96 94
95 97 90
95 98 49
95 99 17
95 100 2
95 101 17
95 102 15
95 103 4
95 104 67
96 97 38
96 98 1
96 99 87
96 100 64
96 101 15
96 102 49
96 103 5
96 104 15
97 98 82
97 99 70
97 100 37
97 101 54
97 102 60
97 103 2
97 104 29
98 99 90
98 100 63
98 101 30
98 102 39
98 103 95
98 104 70
99 100 36
99 101 32
99 102 66
99 103 78
99 104 23
100 101 57
100 102 84
100 103 64
100 104 53
101 102 100
101 103 80
101 104 31
102 103 44
102 104 20
103 104 7
