75 2775 74
1 2 79
1 3 70
1 4 41
1 5 16
1 6 17
1 7 31
1 8 38
1 9 46
1 10 52
1 11 19
1 12 69
1 13 22
1 14 64
1 15 81
1 16 31
1 17 36
1 18 10
1 19 78
1 20 88
1 21 54
1 22 56
1 23 73
1 24 10
1 25 81
1 26 94
1 27 57
1 28 89
1 29 28
1 30 27
1 31 4
1 32 86
1 33 74
1 34 18
1 35 17
1 36 90
1 37 15
1 38 23
1 39 64
1 40 27
1 41 79
1 42 78
1 43 55
1 44 73
1 45 34
1 46 78
1 47 13
1 48 25
1 49 59
1 50 32
1 51 93
1 52 49
1 53 70
1 54 78
1 55 31
1 56 95
1 57 6
1 58 43
1 59 74
1 60 1
1 61 85
1 62 14
1 63 25
1 64 92
1 65 46
1 66 45
1 67 54
1 68 62
1 69 29
1 70 54
1 71 15
1 72 94
1 73 57
1 74 3
1 75 22
2 3 96
2 4 58
2 5 45
2 6 27
2 7 25
2 8 7
2 9 14
2 10 74
2 11 52
2 12 99
2 13 63
2 14 46
2 15 90
2 16 61
2 17 26
2 18 97
2 19 1
2 20 80
2 21 82
2 22 34
2 23 19
2 24 64
2 25 6
2 26 29
2 27 61
2 28 78
2 29 24
2 30 95
2 31 100
2 32 62
2 33 44
2 34 14
2 35 80
2 36 14
2 37 92
2 38 2
2 39 92
2 40 2
2 41 95
2 42 28
2 43 70
2 44 12
2 45 63
2 46 73
2 47 84
2 48 84
2 49 1
2 50 84
2 51 9
2 52 63
2 53 66
2 54 9
2 55 75
2 56 46
2 57 41
2 58 15
2 59 29
2 60 75
2 61 70
2 62 65
2 63 81
2 64 81
2 65 80
2 66 62
2 67 80
2 68 29
2 69 45
2 70 56
2 71 83
2 72 25
2 73 35
2 74 98
2 75 56
3 4 70
3 5 27
3 6 43
3 7 73
3 8 99
3 9 90
3 10 55
3 11 73
3 12 56
3 13 2
3 14 24
3 15 56
3 16 95
3 17 35
3 18 76
3 19 94
3 20 90
3 21 3
3 22 88
3 23 37
3 24 73
3 25 55
3 26 87
3 27 56
3 28 82
3 29 69
3 30 47
3 31 5
3 32 76
3 33 11
3 34 5
3 35 18
3 36 24
3 37 51
3 38 51
3 39 48
3 40 100
3 41 21
3 42 28
3 43 33
3 44 67
3 45 5
3 46 95
3 47 80
3 48 65
3 49 82
3 50 8
3 51 77
3 52 67
3 53 80
3 54 28
3 55 43
3 56 43
3 57 63
3 58 3
3 59 54
3 60 91
3 61 40
3 62 48
3 63 73
3 64 35
3 65 60
3 66 42
3 67 65
3 68 21
3 69 85
3 70 29
3 71 44
3 72 81
3 73 86
3 74 2
3 75 77
4 5 36
4 6 13
4 7 95
4 8 29
4 9 24
4 10 67
4 11 97
4 12 55
4 13 22
4 14 61
4 15 69
4 16 71
4 17 97
4 18 34
4 19 84
4 20 89
4 21 31
4 22 58
4 23 98
4 24 97
4 25 21
4 26 56
4 27 90
4 28 34
4 29 89
4 30 67
4 31 62
4 32 64
4 33 74
4 34 29
4 35 76
4 36 22
4 37 76
4 38 86
4 39 54
4 40 43
4 41 75
4 42 37
4 43 14
4 44 2
4 45 64
4 46 78
4 47 99
4 48 79
4 49 81
4 50 19
4 51 58
4 52 87
4 53 42
4 54 26
4 55 72
4 56 94
4 57 41
4 58 12
4 59 80
4 60 10
4 61 94
4 62 46
4 63 56
4 64 82
4 65 47
4 66 45
4 67 12
4 68 1
4 69 71
4 70 31
4 71 4
4 72 97
4 73 4
4 74 18
4 75 3
5 6 6
5 7 65
5 8 83
5 9 29
5 10 44
5 11 48
5 12 91
5 13 24
5 14 63
5 15 54
5 16 39
5 17 20
5 18 55
5 19 70
5 20 10
5 21 47
5 22 83
5 23 42
5 24 65
5 25 35
5 26 29
5 27 9
5 28 18
5 29 4
5 30 42
5 31 4
5 32 92
5 33 34
5 34 13
5 35 92
5 36 9
5 37 58
5 38 69
5 39 66
5 40 25
5 41 96
5 42 48
5 43 75
5 44 10
5 45 57
5 46 48
5 47 83
5 48 20
5 49 78
5 50 33
5 51 46
5 52 98
5 53 76
5 54 58
5 55 10
5 56 59
5 57 65
5 58 56
5 59 66
5 60 98
5 61 92
5 62 17
5 63 11
5 64 69
5 65 8
5 66 83
5 67 43
5 68 79
5 69 95
5 70 34
5 71 20
5 72 39
5 73 12
5 74 48
5 75 92
6 7 11
6 8 32
6 9 25
6 10 44
6 11 42
6 12 73
6 13 65
6 14 57
6 15 23
6 16 79
6 17 2
6 18 59
6 19 24
6 20 34
6 21 74
6 22 4
6 23 73
6 24 39
6 25 3
6 26 25
6 27 100
6 28 98
6 29 71
6 30 75
6 31 94
6 32 59
6 33 40
6 34 28
6 35 52
6 36 60
6 37 18
6 38 92
6 39 3
6 40 89
6 41 98
6 42 68
6 43 7
6 44 93
6 45 2
6 46 99
6 47 13
6 48 61
6 49 73
6 50 97
6 51 67
6 52 100
6 53 91
6 54 28
6 55 42
6 56 62
6 57 92
6 58 58
6 59 15
6 60 41
6 61 86
6 62 26
6 63 86
6 64 68
6 65 83
6 66 23
6 67 67
6 68 76
6 69 25
6 70 96
6 71 74
6 72 67
6 73 100
6 74 21
6 75 58
7 8 25
7 9 22
7 10 43
7 11 91
7 12 21
7 13 51
7 14 61
7 15 8
7 16 27
7 17 79
7 18 14
7 19 97
7 20 71
7 21 66
7 22 16
7 23 84
7 24 78
7 25 16
7 26 12
7 27 78
7 28 11
7 29 12
7 30 74
7 31 15
7 32 73
7 33 33
7 34 6
7 35 58
7 36 93
7 37 91
7 38 7
7 39 61
7 40 85
7 41 45
7 42 57
7 43 44
7 44 66
7 45 33
7 46 9
7 47 57
7 48 81
7 49 6
7 50 95
7 51 74
7 52 8
7 53 65
7 54 36
7 55 88
7 56 79
7 57 30
7 58 41
7 59 36
7 60 86
7 61 86
7 62 73
7 63 13
7 64 31
7 65 79
7 66 56
7 67 69
7 68 72
7 69 19
7 70 12
7 71 30
7 72 40
7 73 74
7 74 66
7 75 54
8 9 19
8 10 84
8 11 98
8 12 81
8 13 57
8 14 67
8 15 98
8 16 52
8 17 72
8 18 98
8 19 1
8 20 5
8 21 88
8 22 77
8 23 5
8 24 42
8 25 98
8 26 36
8 27 53
8 28 84
8 29 86
8 30 70
8 31 63
8 32 94
8 33 7
8 34 25
8 35 43
8 36 96
8 37 99
8 38 88
8 39 81
8 40 73
8 41 38
8 42 24
8 43 8
8 44 14
8 45 29
8 46 81
8 47 25
8 48 79
8 49 36
8 50 6
8 51 43
8 52 83
8 53 22
8 54 46
8 55 31
8 56 66
8 57 1
8 58 62
8 59 77
8 60 13
8 61 41
8 62 28
8 63 57
8 64 40
8 65 98
8 66 8
8 67 3
8 68 31
8 69 19
8 70 11
8 71 20
8 72 93
8 73 40
8 74 36
8 75 17
9 10 46
9 11 35
9 12 46
9 13 67
9 14 29
9 15 85
9 16 65
9 17 33
9 18 33
9 19 92
9 20 68
9 21 55
9 22 35
9 23 3
9 24 1
9 25 83
9 26 3
9 27 49
9 28 20
9 29 77
9 30 18
9 31 99
9 32 16
9 33 7
9 34 85
9 35 86
9 36 41
9 37 84
9 38 45
9 39 76
9 40 46
9 41 54
9 42 35
9 43 87
9 44 24
9 45 87
9 46 11
9 47 27
9 48 29
9 49 38
9 50 64
9 51 98
9 52 73
9 53 45
9 54 74
9 55 88
9 56 40
9 57 54
9 58 45
9 59 4
9 60 70
9 61 30
9 62 41
9 63 59
9 64 3
9 65 9
9 66 1
9 67 67
9 68 80
9 69 26
9 70 75
9 71 56
9 72 61
9 73 23
9 74 58
9 75 72
10 11 94
10 12 18
10 13 65
10 14 45
10 15 5
10 16 27
10 17 17
10 18 93
10 19 37
10 20 61
10 21 4
10 22 39
10 23 84
10 24 57
10 25 35
10 26 40
10 27 89
10 28 75
10 29 27
10 30 44
10 31 75
10 32 60
10 33 53
10 34 62
10 35 74
10 36 30
10 37 50
10 38 75
10 39 90
10 40 92
10 41 37
10 42 82
10 43 31
10 44 17
10 45 1
10 46 5
10 47 98
10 48 56
10 49 98
10 50 78
10 51 90
10 52 85
10 53 65
10 54 64
10 55 100
10 56 30
10 57 25
10 58 64
10 59 62
10 60 56
10 61 96
10 62 50
10 63 69
10 64 99
10 65 1
10 66 75
10 67 93
10 68 27
10 69 13
10 70 44
10 71 98
10 72 89
10 73 25
10 74 8
10 75 86
11 12 100
11 13 31
11 14 93
11 15 25
11 16 64
11 17 89
11 18 38
11 19 27
11 20 16
11 21 73
11 22 65
11 23 42
11 24 28
11 25 70
11 26 58
11 27 83
11 28 83
11 29 63
11 30 62
11 31 98
11 32 69
11 33 37
11 34 48
11 35 32
11 36 45
11 37 39
11 38 64
11 39 100
11 40 80
11 41 22
11 42 72
11 43 97
11 44 36
11 45 34
11 46 64
11 47 99
11 48 28
11 49 48
11 50 43
11 51 88
11 52 52
11 53 25
11 54 51
11 55 65
11 56 46
11 57 23
11 58 47
11 59 60
11 60 73
11 61 82
11 62 21
11 63 14
11 64 71
11 65 19
11 66 46
11 67 88
11 68 55
11 69 8
11 70 30
11 71 8
11 72 24
11 73 78
11 74 9
11 75 99
12 13 88
12 14 40
12 15 47
12 16 29
12 17 85
12 18 61
12 19 84
12 20 50
12 21 94
12 22 25
12 23 52
12 24 16
12 25 100
12 26 49
12 27 27
12 28 76
12 29 8
12 30 19
12 31 99
12 32 92
12 33 52
12 34 72
12 35 93
12 36 12
12 37 23
12 38 62
12 39 61
12 40 71
12 41 100
12 42 55
12 43 20
12 44 9
12 45 56
12 46 4
12 47 62
12 48 45
12 49 22
12 50 83
12 51 8
12 52 59
12 53 39
12 54 53
12 55 70
12 56 3
12 57 81
12 58 76
12 59 45
12 60 11
12 61 63
12 62 3
12 63 41
12 64 41
12 65 1
12 66 75
12 67 18
12 68 57
12 69 65
12 70 58
12 71 6
12 72 86
12 73 64
12 74 87
12 75 69
13 14 79
13 15 79
13 16 44
13 17 74
13 18 79
13 19 40
13 20 70
13 21 72
13 22 36
13 23 43
13 24 88
13 25 28
13 26 38
13 27 93
13 28 3
13 29 62
13 30 86
13 31 17
13 32 10
13 33 37
13 34 85
13 35 45
13 36 93
13 37 35
13 38 100
13 39 23
13 40 7
13 41 27
13 42 20
13 43 89
13 44 99
13 45 64
13 46 58
13 47 67
13 48 18
13 49 33
13 50 83
13 51 91
13 52 26
13 53 59
13 54 68
13 55 45
13 56 32
13 57 12
13 58 90
13 59 89
13 60 28
13 61 54
13 62 99
13 63 28
13 64 3
13 65 69
13 66 75
13 67 80
13 68 89
13 69 23
13 70 15
13 71 34
13 72 56
13 73 73
13 74 49
13 75 35
14 15 60
14 16 1
14 17 62
14 18 79
14 19 44
14 20 17
14 21 42
14 22 4
14 23 76
14 24 75
14 25 68
14 26 90
14 27 59
14 28 50
14 29 49
14 30 45
14 31 85
14 32 33
14 33 44
14 34 70
14 35 55
14 36 5
14 37 80
14 38 57
14 39 61
14 40 75
14 41 37
14 42 59
14 43 66
14 44 98
14 45 5
14 46 16
14 47 53
14 48 50
14 49 77
14 50 51
14 51 83
14 52 30
14 53 27
14 54 22
14 55 89
14 56 62
14 57 30
14 58 40
14 59 49
14 60 92
14 61 65
14 62 74
14 63 82
14 64 69
14 65 68
14 66 32
14 67 67
14 68 75
14 69 1
14 70 13
14 71 63
14 72 79
14 73 84
14 74 98
14 75 37
15 16 1
15 17 17
15 18 58
15 19 17
15 20 4
15 21 33
15 22 3
15 23 46
15 24 2
15 25 20
15 26 24
15 27 76
15 28 78
15 29 16
15 30 54
15 31 18
15 32 8
15 33 79
15 34 77
15 35 3
15 36 68
15 37 82
15 38 92
15 39 37
15 40 93
15 41 18
15 42 91
15 43 71
15 44 83
15 45 8
15 46 90
15 47 55
15 48 63
15 49 22
15 50 9
15 51 87
15 52 17
15 53 99
15 54 97
15 55 53
15 56 95
15 57 53
15 58 67
15 59 26
15 60 22
15 61 26
15 62 63
15 63 37
15 64 79
15 65 58
15 66 56
15 67 87
15 68 79
15 69 85
15 70 21
15 71 75
15 72 99
15 73 63
15 74 58
15 75 17
16 17 3
16 18 82
16 19 82
16 20 22
16 21 21
16 22 18
16 23 36
16 24 36
16 25 46
16 26 10
16 27 37
16 28 61
16 29 70
16 30 80
16 31 7
16 32 54
16 33 51
16 34 21
16 35 18
16 36 59
16 37 33
16 38 57
16 39 12
16 40 28
16 41 1
16 42 42
16 43 31
16 44 47
16 45 92
16 46 13
16 47 93
16 48 94
16 49 97
16 50 84
16 51 78
16 52 21
16 53 61
16 54 87
16 55 2
16 56 23
16 57 13
16 58 41
16 59 98
16 60 6
16 61 93
16 62 82
16 63 74
16 64 60
16 65 39
16 66 13
16 67 74
16 68 93
16 69 4
16 70 11
16 71 28
16 72 91
16 73 89
16 74 96
16 75 40
17 18 65
17 19 85
17 20 9
17 21 87
17 22 23
17 23 22
17 24 49
17 25 35
17 26 3
17 27 76
17 28 16
17 29 28
17 30 10
17 31 54
17 32 9
17 33 88
17 34 23
17 35 4
17 36 31
17 37 58
17 38 2
17 39 44
17 40 78
17 41 45
17 42 8
17 43 83
17 44 97
17 45 73
17 46 27
17 47 42
17 48 56
17 49 66
17 50 12
17 51 49
17 52 63
17 53 3
17 54 43
17 55 66
17 56 56
17 57 5
17 58 88
17 59 24
17 60 60
17 61 32
17 62 9
17 63 62
17 64 77
17 65 28
17 66 11
17 67 56
17 68 13
17 69 39
17 70 81
17 71 69
17 72 94
17 73 95
17 74 1
17 75 96
18 19 77
18 20 7
18 21 83
18 22 88
18 23 85
18 24 15
18 25 85
18 26 8
18 27 38
18 28 45
18 29 96
18 30 24
18 31 84
18 32 72
18 33 25
18 34 24
18 35 22
18 36 84
18 37 59
18 38 24
18 39 56
18 40 21
18 41 33
18 42 76
18 43 57
18 44 48
18 45 69
18 46 58
18 47 2
18 48 38
18 49 46
18 50 84
18 51 14
18 52 42
18 53 49
18 54 42
18 55 64
18 56 98
18 57 1
18 58 67
18 59 20
18 60 72
18 61 11
18 62 29
18 63 25
18 64 32
18 65 21
18 66 50
18 67 98
18 68 10
18 69 44
18 70 42
18 71 65
18 72 75
18 73 8
18 74 26
18 75 20
19 20 81
19 21 57
19 22 18
19 23 17
19 24 5
19 25 86
19 26 76
19 27 69
19 28 42
19 29 66
19 30 75
19 31 65
19 32 90
19 33 56
19 34 67
19 35 19
19 36 4
19 37 40
19 38 89
19 39 17
19 40 36
19 41 83
19 42 8
19 43 75
19 44 91
19 45 80
19 46 54
19 47 27
19 48 64
19 49 50
19 50 56
19 51 35
19 52 59
19 53 64
19 54 82
19 55 21
19 56 77
19 57 66
19 58 20
19 59 5
19 60 88
19 61 37
19 62 29
19 63 63
19 64 2
19 65 7
19 66 47
19 67 31
19 68 55
19 69 83
19 70 17
19 71 9
19 72 34
19 73 34
19 74 17
19 75 9
20 21 98
20 22 87
20 23 14
20 24 78
20 25 28
20 26 19
20 27 47
20 28 45
20 29 50
20 30 84
20 31 14
20 32 65
20 33 16
20 34 25
20 35 8
20 36 93
20 37 52
20 38 68
20 39 100
20 40 6
20 41 86
20 42 34
20 43 34
20 44 48
20 45 95
20 46 18
20 47 15
20 48 57
20 49 48
20 50 9
20 51 66
20 52 54
20 53 42
20 54 48
20 55 20
20 56 73
20 57 23
20 58 29
20 59 79
20 60 72
20 61 54
20 62 44
20 63 34
20 64 73
20 65 47
20 66 91
20 67 35
20 68 23
20 69 66
20 70 10
20 71 28
20 72 91
20 73 65
20 74 43
20 75 9
21 22 17
21 23 90
21 24 5
21 25 79
21 26 63
21 27 28
21 28 2
21 29 54
21 30 87
21 31 2
21 32 98
21 33 5
21 34 71
21 35 58
21 36 56
21 37 53
21 38 78
21 39 59
21 40 62
21 41 60
21 42 23
21 43 7
21 44 9
21 45 13
21 46 80
21 47 9
21 48 2
21 49 61
21 50 52
21 51 54
21 52 50
21 53 95
21 54 35
21 55 88
21 56 10
21 57 60
21 58 14
21 59 54
21 60 99
21 61 34
21 62 60
21 63 84
21 64 10
21 65 73
21 66 23
21 67 4
21 68 43
21 69 27
21 70 35
21 71 45
21 72 2
21 73 13
21 74 34
21 75 2
22 23 32
22 24 45
22 25 79
22 26 82
22 27 6
22 28 56
22 29 22
22 30 76
22 31 68
22 32 87
22 33 4
22 34 54
22 35 52
22 36 37
22 37 18
22 38 92
22 39 28
22 40 85
22 41 4
22 42 47
22 43 72
22 44 42
22 45 55
22 46 50
22 47 100
22 48 29
22 49 49
22 50 69
22 51 12
22 52 80
22 53 96
22 54 56
22 55 26
22 56 18
22 57 26
22 58 32
22 59 64
22 60 17
22 61 9
22 62 42
22 63 50
22 64 2
22 65 18
22 66 30
22 67 57
22 68 15
22 69 81
22 70 36
22 71 91
22 72 98
22 73 55
22 74 47
22 75 86
23 24 15
23 25 2
23 26 22
23 27 67
23 28 90
23 29 19
23 30 54
23 31 74
23 32 68
23 33 32
23 34 61
23 35 36
23 36 81
23 37 14
23 38 76
23 39 82
23 40 66
23 41 50
23 42 17
23 43 80
23 44 69
23 45 98
23 46 89
23 47 16
23 48 69
23 49 84
23 50 11
23 51 89
23 52 33
23 53 73
23 54 34
23 55 8
23 56 2
23 57 84
23 58 52
23 59 53
23 60 29
23 61 41
23 62 55
23 63 55
23 64 15
23 65 97
23 66 72
23 67 57
23 68 14
23 69 19
23 70 17
23 71 76
23 72 51
23 73 14
23 74 11
23 75 22
24 25 37
24 26 24
24 27 77
24 28 76
24 29 7
24 30 64
24 31 86
24 32 83
24 33 65
24 34 88
24 35 49
24 36 28
24 37 52
24 38 74
24 39 93
24 40 77
24 41 10
24 42 13
24 43 58
24 44 28
24 45 54
24 46 34
24 47 3
24 48 37
24 49 38
24 50 62
24 51 71
24 52 70
24 53 41
24 54 50
24 55 53
24 56 33
24 57 87
24 58 44
24 59 3
24 60 16
24 61 24
24 62 3
24 63 52
24 64 13
24 65 91
24 66 72
24 67 78
24 68 39
24 69 66
24 70 46
24 71 86
24 72 28
24 73 75
24 74 67
24 75 99
25 26 42
25 27 10
25 28 58
25 29 15
25 30 68
25 31 21
25 32 87
25 33 96
25 34 18
25 35 5
25 36 64
25 37 86
25 38 93
25 39 84
25 40 40
25 41 1
25 42 14
25 43 70
25 44 41
25 45 49
25 46 14
25 47 40
25 48 83
25 49 98
25 50 25
25 51 31
25 52 57
25 53 26
25 54 16
25 55 43
25 56 100
25 57 49
25 58 50
25 59 37
25 60 42
25 61 81
25 62 68
25 63 4
25 64 19
25 65 70
25 66 17
25 67 33
25 68 96
25 69 32
25 70 18
25 71 20
25 72 79
25 73 84
25 74 96
25 75 76
26 27 35
26 28 70
26 29 64
26 30 34
26 31 10
26 32 72
26 33 95
26 34 27
26 35 11
26 36 35
26 37 19
26 38 30
26 39 83
26 40 87
26 41 12
26 42 40
26 43 39
26 44 6
26 45 74
26 46 79
26 47 42
26 48 100
26 49 77
26 50 85
26 51 80
26 52 37
26 53 52
26 54 75
26 55 93
26 56 16
26 57 69
26 58 17
26 59 21
26 60 35
26 61 16
26 62 74
26 63 80
26 64 51
26 65 63
26 66 99
26 67 45
26 68 91
26 69 38
26 70 69
26 71 21
26 72 21
26 73 53
26 74 21
26 75 31
27 28 89
27 29 72
27 30 56
27 31 41
27 32 84
27 33 12
27 34 73
27 35 51
27 36 12
27 37 7
27 38 59
27 39 88
27 40 55
27 41 38
27 42 39
27 43 31
27 44 82
27 45 49
27 46 88
27 47 91
27 48 56
27 49 52
27 50 30
27 51 42
27 52 78
27 53 42
27 54 28
27 55 63
27 56 2
27 57 30
27 58 76
27 59 38
27 60 7
27 61 84
27 62 35
27 63 13
27 64 25
27 65 75
27 66 40
27 67 99
27 68 37
27 69 26
27 70 51
27 71 51
27 72 55
27 73 78
27 74 84
27 75 71
28 29 79
28 30 58
28 31 100
28 32 52
28 33 40
28 34 70
28 35 68
28 36 18
28 37 67
28 38 37
28 39 65
28 40 41
28 41 80
28 42 46
28 43 72
28 44 88
28 45 90
28 46 65
28 47 18
28 48 48
28 49 44
28 50 95
28 51 37
28 52 73
28 53 55
28 54 16
28 55 66
28 56 61
28 57 85
28 58 35
28 59 99
28 60 3
28 61 59
28 62 26
28 63 25
28 64 8
28 65 100
28 66 61
28 67 19
28 68 100
28 69 24
28 70 11
28 71 45
28 72 30
28 73 24
28 74 31
28 75 63
29 30 48
29 31 37
29 32 55
29 33 85
29 34 30
29 35 89
29 36 83
29 37 69
29 38 19
29 39 60
29 40 72
29 41 14
29 42 69
29 43 24
29 44 4
29 45 59
29 46 88
29 47 93
29 48 21
29 49 49
29 50 2
29 51 8
29 52 55
29 53 100
29 54 45
29 55 39
29 56 18
29 57 40
29 58 50
29 59 47
29 60 50
29 61 58
29 62 45
29 63 46
29 64 95
29 65 8
29 66 90
29 67 85
29 68 69
29 69 24
29 70 98
29 71 49
29 72 10
29 73 82
29 74 3
29 75 65
30 31 43
30 32 73
30 33 7
30 34 17
30 35 86
30 36 23
30 37 54
30 38 99
30 39 44
30 40 19
30 41 63
30 42 6
30 43 64
30 44 24
30 45 83
30 46 44
30 47 38
30 48 6
30 49 23
30 50 51
30 51 78
30 52 1
30 53 70
30 54 8
30 55 99
30 56 77
30 57 51
30 58 82
30 59 73
30 60 28
30 61 95
30 62 6
30 63 24
30 64 4
30 65 27
30 66 22
30 67 80
30 68 41
30 69 32
30 70 100
30 71 15
30 72 99
30 73 70
30 74 25
30 75 48
31 32 95
31 33 86
31 34 44
31 35 65
31 36 55
31 37 48
31 38 45
31 39 87
31 40 36
31 41 44
31 42 33
31 43 85
31 44 86
31 45 4
31 46 46
31 47 32
31 48 13
31 49 51
31 50 20
31 51 57
31 52 67
31 53 93
31 54 17
31 55 76
31 56 32
31 57 27
31 58 71
31 59 38
31 60 92
31 61 99
31 62 23
31 63 48
31 64 10
31 65 27
31 66 35
31 67 73
31 68 99
31 69 7
31 70 79
31 71 64
31 72 82
31 73 94
31 74 48
31 75 36
32 33 65
32 34 93
32 35 31
32 36 58
32 37 50
32 38 74
32 39 9
32 40 55
32 41 18
32 42 66
32 43 19
32 44 97
32 45 16
32 46 70
32 47 66
32 48 77
32 49 48
32 50 7
32 51 68
32 52 23
32 53 14
32 54 8
32 55 51
32 56 13
32 57 69
32 58 92
32 59 82
32 60 99
32 61 73
32 62 7
32 63 56
32 64 93
32 65 99
32 66 74
32 67 14
32 68 57
32 69 62
32 70 23
32 71 47
32 72 59
32 73 94
32 74 8
32 75 28
33 34 41
33 35 41
33 36 23
33 37 56
33 38 39
33 39 35
33 40 73
33 41 26
33 42 83
33 43 43
33 44 11
33 45 62
33 46 65
33 47 91
33 48 19
33 49 21
33 50 76
33 51 69
33 52 23
33 53 42
33 54 56
33 55 67
33 56 29
33 57 57
33 58 21
33 59 61
33 60 25
33 61 16
33 62 44
33 63 81
33 64 30
33 65 96
33 66 26
33 67 85
33 68 88
33 69 7
33 70 64
33 71 52
33 72 88
33 73 60
33 74 30
33 75 69
34 35 8
34 36 55
34 37 94
34 38 16
34 39 47
34 40 74
34 41 68
34 42 97
34 43 86
34 44 87
34 45 75
34 46 56
34 47 11
34 48 49
34 49 69
34 50 97
34 51 12
34 52 36
34 53 89
34 54 46
34 55 70
34 56 13
34 57 35
34 58 38
34 59 68
34 60 61
34 61 58
34 62 25
34 63 41
34 64 9
34 65 40
34 66 61
34 67 68
34 68 61
34 69 1
34 70 50
34 71 10
34 72 9
34 73 98
34 74 83
34 75 68
35 36 99
35 37 52
35 38 59
35 39 68
35 40 60
35 41 56
35 42 46
35 43 16
35 44 36
35 45 92
35 46 95
35 47 74
35 48 42
35 49 58
35 50 16
35 51 90
35 52 84
35 53 16
35 54 68
35 55 39
35 56 9
35 57 93
35 58 36
35 59 75
35 60 12
35 61 27
35 62 29
35 63 40
35 64 63
35 65 87
35 66 81
35 67 32
35 68 27
35 69 22
35 70 91
35 71 87
35 72 87
35 73 50
35 74 43
35 75 53
36 37 58
36 38 10
36 39 33
36 40 47
36 41 73
36 42 13
36 43 76
36 44 36
36 45 36
36 46 37
36 47 93
36 48 46
36 49 84
36 50 94
36 51 83
36 52 45
36 53 52
36 54 1
36 55 4
36 56 26
36 57 23
36 58 73
36 59 19
36 60 72
36 61 64
36 62 1
36 63 56
36 64 97
36 65 89
36 66 22
36 67 82
36 68 88
36 69 12
36 70 56
36 71 39
36 72 94
36 73 28
36 74 33
36 75 56
37 38 24
37 39 98
37 40 32
37 41 34
37 42 73
37 43 31
37 44 28
37 45 77
37 46 17
37 47 20
37 48 37
37 49 16
37 50 98
37 51 83
37 52 75
37 53 69
37 54 84
37 55 96
37 56 11
37 57 95
37 58 39
37 59 86
37 60 21
37 61 12
37 62 94
37 63 96
37 64 53
37 65 19
37 66 60
37 67 99
37 68 48
37 69 26
37 70 30
37 71 50
37 72 72
37 73 40
37 74 73
37 75 26
38 39 53
38 40 27
38 41 53
38 42 25
38 43 3
38 44 95
38 45 37
38 46 27
38 47 36
38 48 4
38 49 29
38 50 54
38 51 3
38 52 40
38 53 3
38 54 27
38 55 79
38 56 87
38 57 22
38 58 86
38 59 1
38 60 36
38 61 87
38 62 74
38 63 4
38 64 90
38 65 90
38 66 69
38 67 91
38 68 6
38 69 11
38 70 38
38 71 87
38 72 60
38 73 66
38 74 48
38 75 29
39 40 82
39 41 80
39 42 36
39 43 26
39 44 40
39 45 6
39 46 32
39 47 53
39 48 10
39 49 71
39 50 68
39 51 83
39 52 31
39 53 70
39 54 60
39 55 81
39 56 77
39 57 26
39 58 65
39 59 55
39 60 55
39 61 66
39 62 16
39 63 50
39 64 10
39 65 97
39 66 52
39 67 65
39 68 77
39 69 65
39 70 12
39 71 85
39 72 5
39 73 50
39 74 20
39 75 62
40 41 96
40 42 1
40 43 15
40 44 58
40 45 37
40 46 46
40 47 79
40 48 34
40 49 31
40 50 87
40 51 89
40 52 41
40 53 27
40 54 48
40 55 1
40 56 94
40 57 1
40 58 19
40 59 72
40 60 78
40 61 7
40 62 15
40 63 60
40 64 95
40 65 87
40 66 74
40 67 70
40 68 73
40 69 22
40 70 31
40 71 60
40 72 33
40 73 52
40 74 81
40 75 86
41 42 70
41 43 42
41 44 47
41 45 69
41 46 64
41 47 95
41 48 72
41 49 60
41 50 60
41 51 6
41 52 55
41 53 5
41 54 41
41 55 19
41 56 45
41 57 58
41 58 77
41 59 95
41 60 85
41 61 46
41 62 21
41 63 38
41 64 93
41 65 41
41 66 78
41 67 52
41 68 44
41 69 85
41 70 72
41 71 32
41 72 55
41 73 11
41 74 23
41 75 64
42 43 69
42 44 41
42 45 95
42 46 76
42 47 72
42 48 80
42 49 65
42 50 99
42 51 33
42 52 59
42 53 73
42 54 74
42 55 28
42 56 13
42 57 42
42 58 77
42 59 41
42 60 16
42 61 15
42 62 57
42 63 26
42 64 81
42 65 17
42 66 77
42 67 53
42 68 80
42 69 96
42 70 61
42 71 27
42 72 49
42 73 14
42 74 70
42 75 100
43 44 96
43 45 29
43 46 5
43 47 96
43 48 60
43 49 54
43 50 40
43 51 1
43 52 88
43 53 90
43 54 97
43 55 21
43 56 5
43 57 47
43 58 27
43 59 49
43 60 96
43 61 97
43 62 21
43 63 61
43 64 15
43 65 48
43 66 86
43 67 34
43 68 10
43 69 32
43 70 5
43 71 26
43 72 97
43 73 67
43 74 84
43 75 60
44 45 30
44 46 63
44 47 9
44 48 63
44 49 92
44 50 44
44 51 53
44 52 11
44 53 62
44 54 80
44 55 72
44 56 45
44 57 40
44 58 83
44 59 46
44 60 47
44 61 64
44 62 33
44 63 17
44 64 43
44 65 38
44 66 51
44 67 61
44 68 62
44 69 100
44 70 9
44 71 90
44 72 84
44 73 93
44 74 91
44 75 46
45 46 95
45 47 81
45 48 43
45 49 20
45 50 41
45 51 49
45 52 35
45 53 9
45 54 15
45 55 51
45 56 72
45 57 50
45 58 17
45 59 29
45 60 64
45 61 75
45 62 26
45 63 78
45 64 46
45 65 13
45 66 87
45 67 61
45 68 32
45 69 19
45 70 61
45 71 58
45 72 33
45 73 22
45 74 80
45 75 40
46 47 82
46 48 52
46 49 18
46 50 17
46 51 63
46 52 10
46 53 71
46 54 87
46 55 87
46 56 61
46 57 99
46 58 38
46 59 71
46 60 52
46 61 52
46 62 4
46 63 94
46 64 75
46 65 79
46 66 2
46 67 100
46 68 31
46 69 51
46 70 23
46 71 27
46 72 10
46 73 97
46 74 22
46 75 9
47 48 86
47 49 56
47 50 59
47 51 55
47 52 76
47 53 59
47 54 40
47 55 62
47 56 33
47 57 66
47 58 80
47 59 95
47 60 65
47 61 54
47 62 92
47 63 92
47 64 50
47 65 53
47 66 81
47 67 31
47 68 13
47 69 92
47 70 7
47 71 57
47 72 27
47 73 18
47 74 81
47 75 66
48 49 41
48 50 7
48 51 45
48 52 32
48 53 19
48 54 25
48 55 96
48 56 3
48 57 54
48 58 71
48 59 62
48 60 13
48 61 92
48 62 91
48 63 44
48 64 86
48 65 84
48 66 24
48 67 89
48 68 88
48 69 82
48 70 24
48 71 61
48 72 88
48 73 33
48 74 49
48 75 8
49 50 60
49 51 79
49 52 97
49 53 87
49 54 41
49 55 82
49 56 94
49 57 88
49 58 53
49 59 59
49 60 20
49 61 22
49 62 39
49 63 39
49 64 13
49 65 97
49 66 74
49 67 5
49 68 92
49 69 95
49 70 13
49 71 78
49 72 7
49 73 7
49 74 68
49 75 29
50 51 74
50 52 50
50 53 69
50 54 22
50 55 52
50 56 47
50 57 66
50 58 20
50 59 82
50 60 4
50 61 17
50 62 43
50 63 29
50 64 61
50 65 17
50 66 3
50 67 9
50 68 39
50 69 75
50 70 91
50 71 25
50 72 77
50 73 64
50 74 77
50 75 74
51 52 28
51 53 27
51 54 18
51 55 7
51 56 60
51 57 79
51 58 48
51 59 2
51 60 39
51 61 98
51 62 24
51 63 13
51 64 84
51 65 61
51 66 85
51 67 43
51 68 46
51 69 49
51 70 99
51 71 8
51 72 7
51 73 81
51 74 82
51 75 73
52 53 39
52 54 68
52 55 44
52 56 25
52 57 70
52 58 7
52 59 16
52 60 54
52 61 49
52 62 51
52 63 4
52 64 81
52 65 14
52 66 45
52 67 97
52 68 46
52 69 57
52 70 85
52 71 53
52 72 4
52 73 55
52 74 17
52 75 33
53 54 83
53 55 41
53 56 21
53 57 28
53 58 94
53 59 1
53 60 29
53 61 44
53 62 30
53 63 11
53 64 44
53 65 3
53 66 36
53 67 33
53 68 51
53 69 43
53 70 94
53 71 76
53 72 36
53 73 94
53 74 25
53 75 22
54 55 91
54 56 85
54 57 64
54 58 77
54 59 5
54 60 49
54 61 25
54 62 50
54 63 12
54 64 36
54 65 69
54 66 95
54 67 24
54 68 63
54 69 26
54 70 44
54 71 7
54 72 89
54 73 37
54 74 39
54 75 37
55 56 5
55 57 62
55 58 66
55 59 67
55 60 94
55 61 76
55 62 15
55 63 77
55 64 87
55 65 44
55 66 4
55 67 3
55 68 27
55 69 28
55 70 24
55 71 52
55 72 65
55 73 17
55 74 39
55 75 76
56 57 42
56 58 33
56 59 73
56 60 1
56 61 38
56 62 15
56 63 51
56 64 47
56 65 20
56 66 20
56 67 8
56 68 65
56 69 97
56 70 56
56 71 41
56 72 53
56 73 20
56 74 100
56 75 66
57 58 98
57 59 76
57 60 90
57 61 6
57 62 8
57 63 89
57 64 17
57 65 97
57 66 43
57 67 62
57 68 68
57 69 29
57 70 63
57 71 76
57 72 3
57 73 71
57 74 83
57 75 55
58 59 89
58 60 97
58 61 67
58 62 24
58 63 30
58 64 12
58 65 32
58 66 6
58 67 3
58 68 53
58 69 56
58 70 33
58 71 34
58 72 72
58 73 23
58 74 30
58 75 8
59 60 73
59 61 82
59 62 58
59 63 81
59 64 82
59 65 96
59 66 39
59 67 65
59 68 71
59 69 13
59 70 99
59 71 66
59 72 86
59 73 76
59 74 61
59 75 32
60 61 55
60 62 80
60 63 32
60 64 75
60 65 31
60 66 67
60 67 60
60 68 42
60 69 36
60 70 65
60 71 65
60 72 58
60 73 70
60 74 83
60 75 79
61 62 34
61 63 70
61 64 73
61 65 23
61 66 30
61 67 70
61 68 91
61 69 97
61 70 59
61 71 21
61 72 28
61 73 52
61 74 63
61 75 87
62 63 28
62 64 55
62 65 58
62 66 96
62 67 67
62 68 63
62 69 10
62 70 12
62 71 13
62 72 10
62 73 100
62 74 78
62 75 43
63 64 77
63 65 46
63 66 9
63 67 99
63 68 32
63 69 59
63 70 38
63 71 49
63 72 28
63 73 30
63 74 26
63 75 73
64 65 55
64 66 41
64 67 96
64 68 63
64 69 91
64 70 43
64 71 84
64 72 65
64 73 68
64 74 36
64 75 82
65 66 31
65 67 85
65 68 76
65 69 57
65 70 52
65 71 61
65 72 53
65 73 24
65 74 91
65 75 2
66 67 16
66 68 85
66 69 65
66 70 20
66 71 63
66 72 76
66 73 69
66 74 5
66 75 78
67 68 98
67 69 80
67 70 89
67 71 19
67 72 57
67 73 31
67 74 32
67 75 86
68 69 34
68 70 56
68 71 73
68 72 26
68 73 79
68 74 14
68 75 61
69 70 56
69 71 33
69 72 42
69 73 22
69 74 8
69 75 17
70 71 38
70 72 40
70 73 1
70 74 29
70 75 74
71 72 16
71 73 94
71 74 83
71 75 63
72 73 93
72 74 79
72 75 29
73 74 39
73 75 54
74 75 36
