76 2850 75
1 2 48
1 3 7
1 4 63
1 5 4
1 6 77
1 7 71
1 8 100
1 9 51
1 10 6
1 11 57
1 12 53
1 13 100
1 14 46
1 15 94
1 16 62
1 17 92
1 18 52
1 19 68
1 20 20
1 21 100
1 22 94
1 23 97
1 24 37
1 25 88
1 26 60
1 27 17
1 28 30
1 29 66
1 30 11
1 31 68
1 32 88
1 33 94
1 34 30
1 35 100
1 36 67
1 37 29
1 38 4
1 39 71
1 40 16
1 41 11
1 42 78
1 43 47
1 44 58
1 45 20
1 46 82
1 47 58
1 48 79
1 49 31
1 50 71
1 51 88
1 52 29
1 53 46
1 54 22
1 55 45
1 56 62
1 57 21
1 58 8
1 59 71
1 60 15
1 61 56
1 62 69
1 63 59
1 64 3
1 65 30
1 66 76
1 67 53
1 68 33
1 69 77
1 70 33
1 71 41
1 72 68
1 73 9
1 74 63
1 75 84
1 76 60
2 3 27
2 4 45
2 5 81
2 6 29
2 7 71
2 8 37
2 9 22
2 10 76
2 11 83
2 12 34
2 13 82
2 14 68
2 15 62
2 16 81
2 17 5
2 18 81
2 19 15
2 20 92
2 21 15
2 22 54
2 23 11
2 24 24
2 25 27
2 26 98
2 27 81
2 28 99
2 29 75
2 30 67
2 31 72
2 32 19
2 33 21
2 34 22
2 35 33
2 36 78
2 37 45
2 38 24
2 39 2
2 40 64
2 41 89
2 42 88
2 43 7
2 44 98
2 45 94
2 46 87
2 47 48
2 48 98
2 49 92
2 50 86
2 51 42
2 52 75
2 53 37
2 54 24
2 55 78
2 56 51
2 57 91
2 58 46
2 59 2
2 60 50
2 61 26
2 62 68
2 63 12
2 64 86
2 65 94
2 66 71
2 67 23
2 68 67
2 69 25
2 70 91
2 71 14
2 72 14
2 73 71
2 74 50
2 75 51
2 76 74
3 4 78
3 5 20
3 6 55
3 7 16
3 8 83
3 9 13
3 10 51
3 11 78
3 12 97
3 13 21
3 14 99
3 15 44
3 16 98
3 17 95
3 18 96
3 19 70
3 20 82
3 21 26
3 22 94
3 23 70
3 24 33
3 25 88
3 26 91
3 27 84
3 28 33
3 29 93
3 30 68
3 31 52
3 32 27
3 33 20
3 34 66
3 35 83
3 36 57
3 37 13
3 38 82
3 39 54
3 40 47
3 41 19
3 42 81
3 43 41
3 44 26
3 45 74
3 46 6
3 47 96
3 48 71
3 49 46
3 50 37
3 51 63
3 52 83
3 53 75
3 54 87
3 55 43
3 56 96
3 57 21
3 58 13
3 59 29
3 60 3
3 61 76
3 62 57
3 63 93
3 64 43
3 65 92
3 66 84
3 67 17
3 68 61
3 69 8
3 70 39
3 71 32
3 72 65
3 73 95
3 74 13
3 75 43
3 76 33
4 5 35
4 6 58
4 7 31
4 8 61
4 9 93
4 10 64
4 11 84
4 12 26
4 13 83
4 14 49
4 15 53
4 16 1
4 17 55
4 18 99
4 19 8
4 20 74
4 21 85
4 22 46
4 23 98
4 24 10
4 25 17
4 26 6
4 27 70
4 28 87
4 29 42
4 30 43
4 31 67
4 32 36
4 33 41
4 34 58
4 35 27
4 36 13
4 37 22
4 38 88
4 39 13
4 40 73
4 41 12
4 42 15
4 43 62
4 44 11
4 45 15
4 46 62
4 47 76
4 48 48
4 49 1
4 50 21
4 51 88
4 52 73
4 53 90
4 54 65
4 55 43
4 56 54
4 57 85
4 58 77
4 59 88
4 60 12
4 61 55
4 62 27
4 63 2
4 64 18
4 65 89
4 66 65
4 67 80
4 68 100
4 69 61
4 70 54
4 71 55
4 72 26
4 73 32
4 74 6
4 75 66
4 76 71
5 6 73
5 7 72
5 8 66
5 9 59
5 10 82
5 11 58
5 12 11
5 13 84
5 14 84
5 15 59
5 16 7
5 17 78
5 18 41
5 19 12
5 20 27
5 21 65
5 22 7
5 23 73
5 24 34
5 25 50
5 26 53
5 27 84
5 28 10
5 29 7
5 30 28
5 31 82
5 32 89
5 33 6
5 34 18
5 35 45
5 36 27
5 37 94
5 38 47
5 39 14
5 40 56
5 41 38
5 42 41
5 43 49
5 44 85
5 45 37
5 46 47
5 47 94
5 48 79
5 49 7
5 50 12
5 51 73
5 52 12
5 53 63
5 54 63
5 55 13
5 56 99
5 57 86
5 58 11
5 59 92
5 60 7
5 61 12
5 62 1
5 63 8
5 64 48
5 65 60
5 66 98
5 67 30
5 68 86
5 69 1
5 70 84
5 71 8
5 72 52
5 73 66
5 74 39
5 75 8
5 76 60
6 7 10
6 8 30
6 9 35
6 10 10
6 11 32
6 12 31
6 13 29
6 14 74
6 15 3
6 16 62
6 17 77
6 18 19
6 19 50
6 20 49
6 21 18
6 22 77
6 23 70
6 24 10
6 25 52
6 26 25
6 27 43
6 28 86
6 29 61
6 30 92
6 31 54
6 32 58
6 33 80
6 34 10
6 35 25
6 36 25
6 37 3
6 38 83
6 39 66
6 40 21
6 41 96
6 42 72
6 43 36
6 44 56
6 45 24
6 46 47
6 47 53
6 48 81
6 49 56
6 50 9
6 51 84
6 52 92
6 53 86
6 54 28
6 55 33
6 56 48
6 57 12
6 58 21
6 59 70
6 60 60
6 61 44
6 62 45
6 63 15
6 64 90
6 65 49
6 66 64
6 67 24
6 68 18
6 69 37
6 70 58
6 71 14
6 72 53
6 73 35
6 74 41
6 75 92
6 76 22
7 8 97
7 9 54
7 10 16
7 11 53
7 12 27
7 13 11
7 14 27
7 15 72
7 16 100
7 17 39
7 18 33
7 19 95
7 20 27
7 21 47
7 22 1
7 23 10
7 24 78
7 25 58
7 26 26
7 27 92
7 28 69
7 29 65
7 30 36
7 31 33
7 32 2
7 33 98
7 34 74
7 35 64
7 36 64
7 37 40
7 38 40
7 39 32
7 40 52
7 41 17
7 42 24
7 43 15
7 44 55
7 45 98
7 46 8
7 47 64
7 48 63
7 49 25
7 50 69
7 51 64
7 52 68
7 53 26
7 54 55
7 55 18
7 56 66
7 57 14
7 58 19
7 59 24
7 60 80
7 61 95
7 62 4
7 63 41
7 64 87
7 65 31
7 66 65
7 67 99
7 68 48
7 69 19
7 70 69
7 71 12
7 72 65
7 73 75
7 74 52
7 75 79
7 76 13
8 9 5
8 10 9
8 11 95
8 12 32
8 13 45
8 14 42
8 15 11
8 16 13
8 17 21
8 18 56
8 19 9
8 20 59
8 21 73
8 22 32
8 23 62
8 24 35
8 25 55
8 26 94
8 27 51
8 28 100
8 29 28
8 30 36
8 31 63
8 32 21
8 33 50
8 34 66
8 35 68
8 36 75
8 37 40
8 38 99
8 39 15
8 40 95
8 41 20
8 42 82
8 43 82
8 44 21
8 45 27
8 46 37
8 47 86
8 48 62
8 49 87
8 50 58
8 51 56
8 52 20
8 53 63
8 54 51
8 55 84
8 56 86
8 57 74
8 58 49
8 59 1
8 60 71
8 61 84
8 62 50
8 63 47
8 64 45
8 65 10
8 66 51
8 67 89
8 68 23
8 69 7
8 70 37
8 71 19
8 72 31
8 73 56
8 74 52
8 75 52
8 76 59
9 10 79
9 11 51
9 12 78
9 13 50
9 14 73
9 15 52
9 16 56
9 17 64
9 18 37
9 19 90
9 20 60
9 21 12
9 22 34
9 23 94
9 24 20
9 25 42
9 26 70
9 27 32
9 28 47
9 29 97
9 30 36
9 31 88
9 32 40
9 33 6
9 34 31
9 35 88
9 36 85
9 37 14
9 38 19
9 39 83
9 40 47
9 41 98
9 42 50
9 43 81
9 44 4
9 45 80
9 46 74
9 47 55
9 48 66
9 49 76
9 50 95
9 51 27
9 52 38
9 53 47
9 54 63
9 55 80
9 56 89
9 57 61
9 58 68
9 59 55
9 60 92
9 61 75
9 62 64
9 63 29
9 64 10
9 65 69
9 66 28
9 67 46
9 68 48
9 69 50
9 70 62
9 71 22
9 72 77
9 73 99
9 74 80
9 75 88
9 76 82
10 11 54
10 12 22
10 13 80
10 14 38
10 15 79
10 16 68
10 17 25
10 18 86
10 19 7
10 20 45
10 21 41
10 22 67
10 23 12
10 24 43
10 25 66
10 26 47
10 27 10
10 28 49
10 29 12
10 30 40
10 31 69
10 32 82
10 33 59
10 34 56
10 35 38
10 36 87
10 37 43
10 38 74
10 39 61
10 40 16
10 41 41
10 42 69
10 43 81
10 44 51
10 45 48
10 46 10
10 47 77
10 48 13
10 49 57
10 50 29
10 51 24
10 52 85
10 53 11
10 54 37
10 55 36
10 56 32
10 57 77
10 58 55
10 59 11
10 60 65
10 61 39
10 62 25
10 63 97
10 64 43
10 65 51
10 66 98
10 67 22
10 68 42
10 69 9
10 70 49
10 71 4
10 72 44
10 73 46
10 74 12
10 75 33
10 76 76
11 12 35
11 13 85
11 14 73
11 15 12
11 16 49
11 17 81
11 18 26
11 19 91
11 20 27
11 21 61
11 22 46
11 23 77
11 24 50
11 25 69
11 26 93
11 27 81
11 28 44
11 29 56
11 30 82
11 31 31
11 32 56
11 33 47
11 34 32
11 35 44
11 36 34
11 37 66
11 38 34
11 39 1
11 40 68
11 41 4
11 42 97
11 43 78
11 44 78
11 45 26
11 46 36
11 47 43
11 48 62
11 49 18
11 50 83
11 51 1
11 52 12
11 53 79
11 54 47
11 55 13
11 56 84
11 57 42
11 58 50
11 59 80
11 60 38
11 61 42
11 62 96
11 63 14
11 64 50
11 65 12
11 66 98
11 67 3
11 68 21
11 69 59
11 70 55
11 71 42
11 72 8
11 73 78
11 74 75
11 75 97
11 76 71
12 13 40
12 14 30
12 15 93
12 16 42
12 17 26
12 18 27
12 19 36
12 20 68
12 21 40
12 22 56
12 23 26
12 24 21
12 25 82
12 26 13
12 27 69
12 28 5
12 29 18
12 30 97
12 31 25
12 32 97
12 33 78
12 34 5
12 35 52
12 36 58
12 37 19
12 38 49
12 39 62
12 40 53
12 41 7
12 42 61
12 43 51
12 44 18
12 45 4
12 46 42
12 47 47
12 48 77
12 49 65
12 50 59
12 51 81
12 52 25
12 53 24
12 54 16
12 55 53
12 56 55
12 57 4
12 58 8
12 59 62
12 60 90
12 61 20
12 62 74
12 63 48
12 64 64
12 65 78
12 66 12
12 67 9
12 68 46
12 69 86
12 70 39
12 71 42
12 72 24
12 73 22
12 74 15
12 75 38
12 76 83
13 14 86
13 15 23
13 16 95
13 17 14
13 18 84
13 19 67
13 20 66
13 21 41
13 22 66
13 23 3
13 24 26
13 25 56
13 26 56
13 27 10
13 28 52
13 29 20
13 30 97
13 31 40
13 32 78
13 33 17
13 34 70
13 35 13
13 36 46
13 37 99
13 38 24
13 39 15
13 40 52
13 41 49
13 42 40
13 43 54
13 44 38
13 45 6
13 46 37
13 47 70
13 48 25
13 49 87
13 50 18
13 51 77
13 52 12
13 53 76
13 54 51
13 55 22
13 56 65
13 57 45
13 58 23
13 59 79
13 60 52
13 61 53
13 62 99
13 63 55
13 64 47
13 65 63
13 66 95
13 67 47
13 68 23
13 69 79
13 70 73
13 71 40
13 72 7
13 73 15
13 74 14
13 75 77
13 76 88
14 15 50
14 16 38
14 17 15
14 18 87
14 19 5
14 20 93
14 21 21
14 22 100
14 23 59
14 24 98
14 25 73
14 26 46
14 27 4
14 28 75
14 29 39
14 30 85
14 31 97
14 32 44
14 33 6
14 34 54
14 35 92
14 36 47
14 37 7
14 38 82
14 39 17
14 40 22
14 41 25
14 42 23
14 43 70
14 44 98
14 45 35
14 46 51
14 47 47
14 48 42
14 49 38
14 50 22
14 51 35
14 52 2
14 53 57
14 54 90
14 55 47
14 56 88
14 57 66
14 58 94
14 59 71
14 60 47
14 61 26
14 62 60
14 63 51
14 64 64
14 65 53
14 66 55
14 67 41
14 68 36
14 69 95
14 70 55
14 71 77
14 72 4
14 73 94
14 74 4
14 75 73
14 76 16
15 16 39
15 17 37
15 18 81
15 19 15
15 20 58
15 21 77
15 22 32
15 23 61
15 24 26
15 25 28
15 26 40
15 27 10
15 28 2
15 29 24
15 30 6
15 31 23
15 32 83
15 33 36
15 34 52
15 35 57
15 36 34
15 37 77
15 38 56
15 39 15
15 40 6
15 41 65
15 42 56
15 43 50
15 44 4
15 45 51
15 46 14
15 47 19
15 48 84
15 49 37
15 50 82
15 51 44
15 52 11
15 53 8
15 54 21
15 55 71
15 56 15
15 57 61
15 58 43
15 59 4
15 60 51
15 61 22
15 62 88
15 63 58
15 64 85
15 65 40
15 66 33
15 67 80
15 68 58
15 69 97
15 70 77
15 71 12
15 72 89
15 73 46
15 74 52
15 75 49
15 76 17
16 17 44
16 18 19
16 19 96
16 20 40
16 21 52
16 22 99
16 23 21
16 24 53
16 25 54
16 26 21
16 27 31
16 28 100
16 29 75
16 30 9
16 31 82
16 32 26
16 33 29
16 34 80
16 35 21
16 36 88
16 37 67
16 38 54
16 39 78
16 40 92
16 41 90
16 42 98
16 43 46
16 44 97
16 45 57
16 46 65
16 47 86
16 48 58
16 49 16
16 50 96
16 51 19
16 52 8
16 53 24
16 54 81
16 55 8
16 56 1
16 57 72
16 58 12
16 59 21
16 60 96
16 61 83
16 62 61
16 63 19
16 64 12
16 65 97
16 66 3
16 67 58
16 68 15
16 69 96
16 70 45
16 71 76
16 72 85
16 73 31
16 74 38
16 75 8
16 76 22
17 18 97
17 19 41
17 20 53
17 21 6
17 22 42
17 23 50
17 24 29
17 25 59
17 26 38
17 27 78
17 28 55
17 29 74
17 30 93
17 31 11
17 32 66
17 33 30
17 34 81
17 35 99
17 36 28
17 37 48
17 38 37
17 39 39
17 40 63
17 41 29
17 42 14
17 43 28
17 44 12
17 45 37
17 46 98
17 47 7
17 48 94
17 49 72
17 50 5
17 51 17
17 52 88
17 53 78
17 54 82
17 55 24
17 56 55
17 57 40
17 58 72
17 59 35
17 60 81
17 61 55
17 62 71
17 63 51
17 64 38
17 65 79
17 66 87
17 67 100
17 68 30
17 69 69
17 70 5
17 71 13
17 72 90
17 73 37
17 74 41
17 75 22
17 76 39
18 19 85
18 20 14
18 21 41
18 22 88
18 23 78
18 24 28
18 25 80
18 26 8
18 27 76
18 28 61
18 29 93
18 30 57
18 31 85
18 32 89
18 33 18
18 34 62
18 35 92
18 36 4
18 37 61
18 38 11
18 39 48
18 40 84
18 41 27
18 42 7
18 43 94
18 44 98
18 45 21
18 46 88
18 47 59
18 48 81
18 49 31
18 50 61
18 51 44
18 52 10
18 53 45
18 54 52
18 55 96
18 56 90
18 57 50
18 58 76
18 59 78
18 60 78
18 61 68
18 62 27
18 63 22
18 64 23
18 65 71
18 66 47
18 67 12
18 68 73
18 69 28
18 70 40
18 71 100
18 72 9
18 73 43
18 74 15
18 75 53
18 76 44
19 20 31
19 21 42
19 22 65
19 23 95
19 24 38
19 25 38
19 26 91
19 27 74
19 28 5
19 29 78
19 30 13
19 31 55
19 32 43
19 33 1
19 34 54
19 35 56
19 36 57
19 37 19
19 38 26
19 39 45
19 40 20
19 41 77
19 42 69
19 43 53
19 44 74
19 45 32
19 46 47
19 47 65
19 48 98
19 49 94
19 50 20
19 51 60
19 52 23
19 53 85
19 54 82
19 55 46
19 56 9
19 57 89
19 58 5
19 59 8
19 60 16
19 61 44
19 62 59
19 63 71
19 64 59
19 65 95
19 66 74
19 67 88
19 68 92
19 69 65
19 70 51
19 71 56
19 72 50
19 73 95
19 74 36
19 75 36
19 76 67
20 21 78
20 22 86
20 23 78
20 24 61
20 25 38
20 26 68
20 27 17
20 28 6
20 29 27
20 30 42
20 31 18
20 32 50
20 33 23
20 34 100
20 35 92
20 36 45
20 37 50
20 38 6
20 39 40
20 40 88
20 41 12
20 42 88
20 43 84
20 44 86
20 45 15
20 46 44
20 47 55
20 48 76
20 49 84
20 50 64
20 51 63
20 52 92
20 53 15
20 54 69
20 55 24
20 56 70
20 57 13
20 58 67
20 59 29
20 60 66
20 61 10
20 62 68
20 63 99
20 64 80
20 65 100
20 66 1
20 67 3
20 68 97
20 69 73
20 70 39
20 71 87
20 72 90
20 73 70
20 74 73
20 75 46
20 76 86
21 22 29
21 23 28
21 24 15
21 25 38
21 26 16
21 27 60
21 28 24
21 29 65
21 30 18
21 31 43
21 32 82
21 33 8
21 34 84
21 35 80
21 36 46
21 37 84
21 38 64
21 39 26
21 40 94
21 41 30
21 42 38
21 43 70
21 44 11
21 45 5
21 46 66
21 47 59
21 48 66
21 49 70
21 50 71
21 51 21
21 52 48
21 53 45
21 54 6
21 55 94
21 56 47
21 57 25
21 58 66
21 59 29
21 60 58
21 61 56
21 62 61
21 63 49
21 64 6
21 65 87
21 66 26
21 67 63
21 68 68
21 69 16
21 70 36
21 71 89
21 72 83
21 73 94
21 74 3
21 75 96
21 76 14
22 23 82
22 24 81
22 25 67
22 26 12
22 27 72
22 28 19
22 29 72
22 30 48
22 31 93
22 32 31
22 33 28
22 34 39
22 35 59
22 36 88
22 37 43
22 38 44
22 39 4
22 40 58
22 41 44
22 42 52
22 43 9
22 44 43
22 45 73
22 46 25
22 47 18
22 48 56
22 49 76
22 50 26
22 51 13
22 52 35
22 53 26
22 54 4
22 55 10
22 56 76
22 57 33
22 58 20
22 59 98
22 60 58
22 61 87
22 62 63
22 63 19
22 64 32
22 65 58
22 66 99
22 67 62
22 68 9
22 69 74
22 70 45
22 71 100
22 72 45
22 73 12
22 74 79
22 75 71
22 76 90
23 24 73
23 25 1
23 26 74
23 27 67
23 28 11
23 29 5
23 30 86
23 31 49
23 32 58
23 33 63
23 34 83
23 35 53
23 36 11
23 37 96
23 38 26
23 39 39
23 40 20
23 41 30
23 42 7
23 43 75
23 44 28
23 45 17
23 46 22
23 47 25
23 48 46
23 49 94
23 50 38
23 51 77
23 52 43
23 53 15
23 54 68
23 55 40
23 56 66
23 57 87
23 58 34
23 59 1
23 60 79
23 61 3
23 62 94
23 63 82
23 64 68
23 65 93
23 66 28
23 67 24
23 68 90
23 69 51
23 70 50
23 71 7
23 72 98
23 73 98
23 74 38
23 75 24
23 76 45
24 25 62
24 26 59
24 27 32
24 28 25
24 29 11
24 30 12
24 31 17
24 32 64
24 33 31
24 34 90
24 35 99
24 36 31
24 37 79
24 38 91
24 39 14
24 40 95
24 41 89
24 42 17
24 43 86
24 44 15
24 45 25
24 46 48
24 47 100
24 48 11
24 49 17
24 50 90
24 51 84
24 52 14
24 53 33
24 54 50
24 55 22
24 56 25
24 57 39
24 58 79
24 59 96
24 60 17
24 61 83
24 62 98
24 63 88
24 64 52
24 65 18
24 66 63
24 67 36
24 68 98
24 69 83
24 70 33
24 71 90
24 72 68
24 73 49
24 74 87
24 75 9
24 76 57
25 26 18
25 27 54
25 28 64
25 29 63
25 30 13
25 31 90
25 32 18
25 33 10
25 34 1
25 35 22
25 36 59
25 37 16
25 38 95
25 39 60
25 40 100
25 41 3
25 42 17
25 43 57
25 44 3
25 45 3
25 46 8
25 47 89
25 48 87
25 49 64
25 50 9
25 51 48
25 52 10
25 53 37
25 54 50
25 55 30
25 56 94
25 57 89
25 58 39
25 59 19
25 60 30
25 61 46
25 62 75
25 63 38
25 64 3
25 65 64
25 66 73
25 67 66
25 68 30
25 69 41
25 70 18
25 71 40
25 72 32
25 73 59
25 74 47
25 75 54
25 76 87
26 27 3
26 28 12
26 29 93
26 30 100
26 31 93
26 32 70
26 33 18
26 34 47
26 35 37
26 36 69
26 37 49
26 38 8
26 39 14
26 40 53
26 41 93
26 42 27
26 43 83
26 44 60
26 45 66
26 46 76
26 47 51
26 48 63
26 49 63
26 50 67
26 51 10
26 52 75
26 53 61
26 54 34
26 55 81
26 56 84
26 57 85
26 58 33
26 59 63
26 60 68
26 61 48
26 62 66
26 63 35
26 64 56
26 65 40
26 66 18
26 67 67
26 68 93
26 69 54
26 70 56
26 71 43
26 72 2
26 73 87
26 74 26
26 75 42
26 76 11
27 28 82
27 29 5
27 30 20
27 31 24
27 32 65
27 33 31
27 34 14
27 35 19
27 36 1
27 37 74
27 38 31
27 39 99
27 40 66
27 41 92
27 42 88
27 43 98
27 44 95
27 45 10
27 46 12
27 47 34
27 48 15
27 49 21
27 50 48
27 51 82
27 52 34
27 53 40
27 54 64
27 55 6
27 56 21
27 57 51
27 58 45
27 59 99
27 60 81
27 61 59
27 62 53
27 63 84
27 64 69
27 65 79
27 66 73
27 67 78
27 68 23
27 69 9
27 70 14
27 71 40
27 72 73
27 73 51
27 74 14
27 75 77
27 76 88
28 29 25
28 30 57
28 31 27
28 32 30
28 33 16
28 34 96
28 35 48
28 36 43
28 37 89
28 38 82
28 39 40
28 40 61
28 41 41
28 42 67
28 43 10
28 44 42
28 45 55
28 46 70
28 47 61
28 48 34
28 49 13
28 50 36
28 51 45
28 52 31
28 53 40
28 54 50
28 55 93
28 56 59
28 57 37
28 58 100
28 59 47
28 60 21
28 61 63
28 62 71
28 63 47
28 64 53
28 65 16
28 66 72
28 67 7
28 68 75
28 69 16
28 70 63
28 71 29
28 72 55
28 73 41
28 74 31
28 75 67
28 76 62
29 30 88
29 31 95
29 32 46
29 33 91
29 34 13
29 35 39
29 36 35
29 37 34
29 38 85
29 39 73
29 40 6
29 41 98
29 42 65
29 43 100
29 44 93
29 45 78
29 46 98
29 47 55
29 48 69
29 49 34
29 50 53
29 51 75
29 52 8
29 53 71
29 54 29
29 55 40
29 56 93
29 57 13
29 58 53
29 59 98
29 60 34
29 61 94
29 62 63
29 63 63
29 64 89
29 65 80
29 66 69
29 67 71
29 68 25
29 69 32
29 70 39
29 71 48
29 72 67
29 73 39
29 74 58
29 75 50
29 76 69
30 31 78
30 32 72
30 33 54
30 34 44
30 35 43
30 36 72
30 37 27
30 38 64
30 39 61
30 40 67
30 41 52
30 42 20
30 43 75
30 44 38
30 45 11
30 46 31
30 47 66
30 48 78
30 49 79
30 50 55
30 51 96
30 52 93
30 53 89
30 54 39
30 55 7
30 56 40
30 57 99
30 58 27
30 59 92
30 60 35
30 61 34
30 62 42
30 63 44
30 64 19
30 65 73
30 66 18
30 67 75
30 68 49
30 69 16
30 70 49
30 71 32
30 72 61
30 73 75
30 74 5
30 75 86
30 76 78
31 32 69
31 33 95
31 34 49
31 35 49
31 36 80
31 37 78
31 38 83
31 39 16
31 40 13
31 41 88
31 42 36
31 43 38
31 44 77
31 45 49
31 46 86
31 47 31
31 48 55
31 49 15
31 50 81
31 51 52
31 52 30
31 53 68
31 54 22
31 55 32
31 56 93
31 57 83
31 58 87
31 59 63
31 60 45
31 61 77
31 62 4
31 63 23
31 64 77
31 65 7
31 66 89
31 67 84
31 68 27
31 69 24
31 70 26
31 71 80
31 72 92
31 73 11
31 74 79
31 75 74
31 76 61
32 33 93
32 34 25
32 35 13
32 36 70
32 37 20
32 38 87
32 39 56
32 40 51
32 41 77
32 42 91
32 43 84
32 44 93
32 45 67
32 46 83
32 47 94
32 48 72
32 49 97
32 50 51
32 51 14
32 52 46
32 53 84
32 54 43
32 55 5
32 56 53
32 57 43
32 58 57
32 59 76
32 60 30
32 61 97
32 62 61
32 63 25
32 64 71
32 65 31
32 66 21
32 67 72
32 68 51
32 69 42
32 70 15
32 71 10
32 72 10
32 73 51
32 74 70
32 75 93
32 76 36
33 34 88
33 35 49
33 36 67
33 37 81
33 38 19
33 39 24
33 40 69
33 41 76
33 42 14
33 43 99
33 44 64
33 45 40
33 46 51
33 47 9
33 48 13
33 49 67
33 50 20
33 51 41
33 52 85
33 53 91
33 54 19
33 55 26
33 56 11
33 57 98
33 58 85
33 59 28
33 60 81
33 61 87
33 62 41
33 63 1
33 64 75
33 65 25
33 66 14
33 67 79
33 68 97
33 69 76
33 70 88
33 71 52
33 72 3
33 73 23
33 74 17
33 75 22
33 76 4
34 35 75
34 36 74
34 37 81
34 38 54
34 39 2
34 40 16
34 41 60
34 42 69
34 43 30
34 44 64
34 45 52
34 46 66
34 47 4
34 48 86
34 49 21
34 50 98
34 51 3
34 52 97
34 53 56
34 54 71
34 55 57
34 56 58
34 57 8
34 58 43
34 59 26
34 60 91
34 61 97
34 62 40
34 63 29
34 64 61
34 65 62
34 66 50
34 67 34
34 68 33
34 69 26
34 70 38
34 71 52
34 72 15
34 73 53
34 74 50
34 75 5
34 76 58
35 36 96
35 37 26
35 38 4
35 39 62
35 40 52
35 41 17
35 42 9
35 43 59
35 44 55
35 45 99
35 46 14
35 47 64
35 48 20
35 49 28
35 50 76
35 51 1
35 52 69
35 53 23
35 54 24
35 55 32
35 56 79
35 57 31
35 58 11
35 59 32
35 60 65
35 61 32
35 62 69
35 63 42
35 64 24
35 65 69
35 66 68
35 67 61
35 68 98
35 69 95
35 70 39
35 71 23
35 72 54
35 73 31
35 74 75
35 75 29
35 76 58
36 37 11
36 38 26
36 39 9
36 40 10
36 41 63
36 42 57
36 43 22
36 44 62
36 45 85
36 46 97
36 47 28
36 48 43
36 49 40
36 50 13
36 51 16
36 52 40
36 53 50
36 54 14
36 55 6
36 56 1
36 57 74
36 58 64
36 59 91
36 60 58
36 61 33
36 62 88
36 63 20
36 64 22
36 65 71
36 66 10
36 67 84
36 68 42
36 69 2
36 70 26
36 71 100
36 72 37
36 73 69
36 74 24
36 75 59
36 76 54
37 38 94
37 39 84
37 40 51
37 41 96
37 42 5
37 43 21
37 44 57
37 45 41
37 46 73
37 47 1
37 48 30
37 49 62
37 50 100
37 51 41
37 52 45
37 53 43
37 54 50
37 55 80
37 56 84
37 57 4
37 58 49
37 59 30
37 60 22
37 61 72
37 62 92
37 63 35
37 64 39
37 65 83
37 66 16
37 67 36
37 68 94
37 69 32
37 70 81
37 71 40
37 72 84
37 73 2
37 74 98
37 75 3
37 76 92
38 39 42
38 40 7
38 41 25
38 42 4
38 43 33
38 44 39
38 45 25
38 46 61
38 47 90
38 48 8
38 49 95
38 50 90
38 51 99
38 52 26
38 53 96
38 54 99
38 55 48
38 56 21
38 57 36
38 58 97
38 59 86
38 60 26
38 61 9
38 62 85
38 63 94
38 64 5
38 65 71
38 66 82
38 67 30
38 68 3
38 69 81
38 70 90
38 71 97
38 72 71
38 73 82
38 74 64
38 75 26
38 76 96
39 40 77
39 41 68
39 42 42
39 43 79
39 44 25
39 45 57
39 46 48
39 47 45
39 48 72
39 49 11
39 50 68
39 51 100
39 52 80
39 53 33
39 54 39
39 55 19
39 56 59
39 57 16
39 58 9
39 59 80
39 60 27
39 61 38
39 62 64
39 63 99
39 64 75
39 65 70
39 66 44
39 67 13
39 68 95
39 69 28
39 70 98
39 71 97
39 72 1
39 73 90
39 74 44
39 75 36
39 76 96
40 41 61
40 42 100
40 43 5
40 44 8
40 45 93
40 46 78
40 47 21
40 48 75
40 49 52
40 50 61
40 51 80
40 52 71
40 53 90
40 54 48
40 55 40
40 56 37
40 57 13
40 58 83
40 59 25
40 60 30
40 61 66
40 62 63
40 63 51
40 64 97
40 65 41
40 66 36
40 67 42
40 68 36
40 69 89
40 70 78
40 71 39
40 72 90
40 73 1
40 74 19
40 75 37
40 76 25
41 42 11
41 43 96
41 44 37
41 45 20
41 46 79
41 47 99
41 48 14
41 49 15
41 50 25
41 51 57
41 52 42
41 53 49
41 54 89
41 55 5
41 56 100
41 57 90
41 58 16
41 59 41
41 60 88
41 61 34
41 62 30
41 63 11
41 64 85
41 65 99
41 66 84
41 67 70
41 68 22
41 69 36
41 70 63
41 71 25
41 72 23
41 73 30
41 74 38
41 75 87
41 76 58
42 43 13
42 44 73
42 45 9
42 46 8
42 47 79
42 48 53
42 49 25
42 50 12
42 51 24
42 52 55
42 53 93
42 54 48
42 55 19
42 56 3
42 57 94
42 58 43
42 59 46
42 60 56
42 61 88
42 62 48
42 63 12
42 64 88
42 65 36
42 66 63
42 67 90
42 68 13
42 69 21
42 70 75
42 71 43
42 72 53
42 73 89
42 74 8
42 75 37
42 76 30
43 44 62
43 45 87
43 46 27
43 47 67
43 48 95
43 49 55
43 50 84
43 51 37
43 52 34
43 53 63
43 54 94
43 55 55
43 56 20
43 57 25
43 58 85
43 59 37
43 60 63
43 61 74
43 62 30
43 63 55
43 64 69
43 65 4
43 66 9
43 67 50
43 68 29
43 69 89
43 70 33
43 71 80
43 72 56
43 73 15
43 74 17
43 75 20
43 76 87
44 45 69
44 46 51
44 47 45
44 48 97
44 49 54
44 50 99
44 51 64
44 52 7
44 53 31
44 54 86
44 55 2
44 56 6
44 57 62
44 58 24
44 59 34
44 60 6
44 61 54
44 62 11
44 63 65
44 64 23
44 65 38
44 66 87
44 67 91
44 68 61
44 69 34
44 70 95
44 71 59
44 72 47
44 73 20
44 74 92
44 75 24
44 76 85
45 46 97
45 47 94
45 48 41
45 49 78
45 50 4
45 51 19
45 52 95
45 53 82
45 54 9
45 55 46
45 56 98
45 57 78
45 58 64
45 59 16
45 60 29
45 61 35
45 62 64
45 63 27
45 64 14
45 65 81
45 66 16
45 67 15
45 68 23
45 69 53
45 70 53
45 71 8
45 72 84
45 73 43
45 74 49
45 75 24
45 76 73
46 47 40
46 48 50
46 49 51
46 50 32
46 51 63
46 52 51
46 53 73
46 54 1
46 55 2
46 56 31
46 57 57
46 58 3
46 59 33
46 60 1
46 61 46
46 62 67
46 63 10
46 64 97
46 65 45
46 66 96
46 67 86
46 68 8
46 69 36
46 70 45
46 71 20
46 72 48
46 73 14
46 74 90
46 75 51
46 76 65
47 48 2
47 49 95
47 50 97
47 51 48
47 52 81
47 53 19
47 54 41
47 55 24
47 56 71
47 57 18
47 58 49
47 59 21
47 60 58
47 61 21
47 62 25
47 63 35
47 64 17
47 65 79
47 66 75
47 67 44
47 68 47
47 69 12
47 70 78
47 71 58
47 72 48
47 73 31
47 74 54
47 75 52
47 76 30
48 49 100
48 50 19
48 51 60
48 52 51
48 53 7
48 54 68
48 55 85
48 56 68
48 57 43
48 58 23
48 59 61
48 60 2
48 61 1
48 62 5
48 63 13
48 64 78
48 65 48
48 66 67
48 67 20
48 68 2
48 69 81
48 70 12
48 71 98
48 72 44
48 73 25
48 74 29
48 75 21
48 76 91
49 50 98
49 51 82
49 52 72
49 53 41
49 54 71
49 55 27
49 56 47
49 57 50
49 58 19
49 59 43
49 60 37
49 61 91
49 62 5
49 63 91
49 64 84
49 65 45
49 66 83
49 67 90
49 68 58
49 69 30
49 70 61
49 71 66
49 72 25
49 73 50
49 74 99
49 75 29
49 76 93
50 51 11
50 52 68
50 53 99
50 54 58
50 55 6
50 56 42
50 57 93
50 58 5
50 59 5
50 60 75
50 61 57
50 62 93
50 63 52
50 64 9
50 65 90
50 66 23
50 67 45
50 68 50
50 69 30
50 70 16
50 71 28
50 72 26
50 73 21
50 74 81
50 75 7
50 76 71
51 52 59
51 53 35
51 54 28
51 55 59
51 56 62
51 57 80
51 58 20
51 59 92
51 60 6
51 61 37
51 62 16
51 63 50
51 64 81
51 65 15
51 66 82
51 67 61
51 68 11
51 69 93
51 70 58
51 71 19
51 72 69
51 73 57
51 74 51
51 75 57
51 76 96
52 53 41
52 54 54
52 55 52
52 56 64
52 57 68
52 58 12
52 59 42
52 60 96
52 61 98
52 62 28
52 63 88
52 64 93
52 65 98
52 66 29
52 67 41
52 68 61
52 69 20
52 70 100
52 71 19
52 72 18
52 73 86
52 74 28
52 75 66
52 76 62
53 54 74
53 55 19
53 56 61
53 57 3
53 58 78
53 59 37
53 60 6
53 61 68
53 62 73
53 63 34
53 64 73
53 65 73
53 66 80
53 67 50
53 68 53
53 69 89
53 70 6
53 71 32
53 72 13
53 73 38
53 74 80
53 75 77
53 76 25
54 55 47
54 56 97
54 57 89
54 58 23
54 59 29
54 60 1
54 61 31
54 62 48
54 63 28
54 64 19
54 65 71
54 66 28
54 67 93
54 68 35
54 69 60
54 70 38
54 71 73
54 72 73
54 73 80
54 74 79
54 75 80
54 76 17
55 56 20
55 57 35
55 58 27
55 59 92
55 60 3
55 61 31
55 62 81
55 63 36
55 64 75
55 65 64
55 66 53
55 67 59
55 68 97
55 69 86
55 70 27
55 71 92
55 72 87
55 73 73
55 74 69
55 75 54
55 76 4
56 57 46
56 58 50
56 59 68
56 60 96
56 61 70
56 62 18
56 63 70
56 64 40
56 65 37
56 66 32
56 67 95
56 68 89
56 69 13
56 70 96
56 71 39
56 72 30
56 73 16
56 74 41
56 75 40
56 76 86
57 58 40
57 59 60
57 60 28
57 61 78
57 62 25
57 63 96
57 64 52
57 65 89
57 66 83
57 67 73
57 68 69
57 69 83
57 70 70
57 71 37
57 72 59
57 73 65
57 74 38
57 75 17
57 76 12
58 59 4
58 60 44
58 61 3
58 62 47
58 63 60
58 64 42
58 65 34
58 66 17
58 67 80
58 68 55
58 69 100
58 70 10
58 71 32
58 72 66
58 73 49
58 74 93
58 75 70
58 76 34
59 60 84
59 61 79
59 62 100
59 63 24
59 64 92
59 65 34
59 66 1
59 67 88
59 68 4
59 69 96
59 70 78
59 71 52
59 72 78
59 73 47
59 74 98
59 75 56
59 76 89
60 61 11
60 62 57
60 63 84
60 64 17
60 65 10
60 66 20
60 67 30
60 68 100
60 69 99
60 70 11
60 71 85
60 72 42
60 73 40
60 74 29
60 75 73
60 76 96
61 62 92
61 63 22
61 64 56
61 65 7
61 66 80
61 67 25
61 68 19
61 69 19
61 70 1
61 71 31
61 72 29
61 73 88
61 74 93
61 75 9
61 76 5
62 63 2
62 64 54
62 65 51
62 66 30
62 67 22
62 68 50
62 69 88
62 70 5
62 71 43
62 72 37
62 73 96
62 74 60
62 75 20
62 76 7
63 64 53
63 65 92
63 66 86
63 67 79
63 68 92
63 69 4
63 70 56
63 71 19
63 72 31
63 73 37
63 74 52
63 75 47
63 76 76
64 65 25
64 66 78
64 67 22
64 68 4
64 69 70
64 70 37
64 71 89
64 72 9
64 73 37
64 74 56
64 75 80
64 76 14
65 66 87
65 67 94
65 68 8
65 69 97
65 70 23
65 71 91
65 72 84
65 73 52
65 74 99
65 75 98
65 76 86
66 67 20
66 68 91
66 69 41
66 70 12
66 71 38
66 72 89
66 73 51
66 74 15
66 75 31
66 76 25
67 68 64
67 69 41
67 70 59
67 71 91
67 72 76
67 73 38
67 74 52
67 75 89
67 76 14
68 69 85
68 70 72
68 71 16
68 72 37
68 73 28
68 74 88
68 75 75
68 76 23
69 70 61
69 71 36
69 72 4
69 73 79
69 74 48
69 75 56
69 76 32
70 71 36
70 72 33
70 73 47
70 74 12
70 75 87
70 76 68
71 72 33
71 73 94
71 74 29
71 75 66
71 76 69
72 73 69
72 74 46
72 75 74
72 76 26
73 74 77
73 75 92
73 76 82
74 75 59
74 76 58
75 76 59
