30 435 29
1 2 98
1 3 37
1 4 45
1 5 59
1 6 19
1 7 42
1 8 20
1 9 50
1 10 86
1 11 67
1 12 73
1 13 2
1 14 69
1 15 93
1 16 51
1 17 63
1 18 49
1 19 38
1 20 23
1 21 67
1 22 49
1 23 10
1 24 43
1 25 6
1 26 60
1 27 49
1 28 70
1 29 91
1 30 46
2 3 88
2 4 39
2 5 100
2 6 38
2 7 82
2 8 67
2 9 66
2 10 84
2 11 3
2 12 68
2 13 82
2 14 12
2 15 55
2 16 70
2 17 63
2 18 76
2 19 4
2 20 4
2 21 53
2 22 48
2 23 98
2 24 94
2 25 64
2 26 91
2 27 24
2 28 80
2 29 21
2 30 77
3 4 23
3 5 17
3 6 78
3 7 58
3 8 26
3 9 73
3 10 44
3 11 87
3 12 76
3 13 25
3 14 37
3 15 12
3 16 100
3 17 39
3 18 75
3 19 39
3 20 2
3 21 97
3 22 26
3 23 47
3 24 71
3 25 37
3 26 49
3 27 81
3 28 60
3 29 13
3 30 35
4 5 32
4 6 46
4 7 57
4 8 71
4 9 95
4 10 10
4 11 67
4 12 32
4 13 42
4 14 70
4 15 60
4 16 51
4 17 50
4 18 1
4 19 23
4 20 73
4 21 19
4 22 99
4 23 68
4 24 44
4 25 50
4 26 14
4 27 57
4 28 4
4 29 33
4 30 52
5 6 7
5 7 49
5 8 51
5 9 14
5 10 75
5 11 36
5 12 38
5 13 64
5 14 46
5 15 4
5 16 44
5 17 27
5 18 64
5 19 8
5 20 50
5 21 70
5 22 79
5 23 85
5 24 38
5 25 5
5 26 72
5 27 18
5 28 97
5 29 24
5 30 24
6 7 79
6 8 23
6 9 41
6 10 52
6 11 49
6 12 51
6 13 25
6 14 1
6 15 40
6 16 89
6 17 22
6 18 21
6 19 11
6 20 25
6 21 74
6 22 25
6 23 59
6 24 88
6 25 95
6 26 83
6 27 33
6 28 65
6 29 39
6 30 6
7 8 81
7 9 16
7 10 29
7 11 93
7 12 49
7 13 23
7 14 14
7 15 18
7 16 29
7 17 46
7 18 10
7 19 25
7 20 43
7 21 76
7 22 96
7 23 76
7 24 56
7 25 21
7 26 10
7 27 65
7 28 45
7 29 28
7 30 40
8 9 5
8 10 61
8 11 3
8 12 63
8 13 68
8 14 47
8 15 68
8 16 39
8 17 75
8 18 56
8 19 41
8 20 66
8 21 7
8 22 88
8 23 76
8 24 69
8 25 66
8 26 31
8 27 27
8 28 5
8 29 95
8 30 94
9 10 27
9 11 65
9 12 49
9 13 20
9 14 69
9 15 70
9 16 7
9 17 66
9 18 88
9 19 37
9 20 51
9 21 19
9 22 76
9 23 50
9 24 3
9 25 19
9 26 33
9 27 32
9 28 54
9 29 28
9 30 75
10 11 88
10 12 26
10 13 49
10 14 80
10 15 77
10 16 24
10 17 46
10 18 27
10 19 63
10 20 65
10 21 15
10 22 65
10 23 16
10 24 11
10 25 38
10 26 49
10 27 49
10 28 15
10 29 2
10 30 48
11 12 41
11 13 74
11 14 75
11 15 75
11 16 22
11 17 28
11 18 31
11 19 66
11 20 93
11 21 67
11 22 99
11 23 55
11 24 19
11 25 64
11 26 3
11 27 57
11 28 30
11 29 98
11 30 71
12 13 53
12 14 51
12 15 26
12 16 40
12 17 80
12 18 74
12 19 67
12 20 45
12 21 93
12 22 22
12 23 73
12 24 47
12 25 22
12 26 3
12 27 11
12 28 72
12 29 90
12 30 56
13 14 98
13 15 13
13 16 61
13 17 79
13 18 61
13 19 17
13 20 11
13 21 33
13 22 74
13 23 67
13 24 87
13 25 32
13 26 88
13 27 56
13 28 61
13 29 72
13 30 17
14 15 4
14 16 8
14 17 57
14 18 48
14 19 37
14 20 25
14 21 81
14 22 5
14 23 90
14 24 87
14 25 68
14 26 77
14 27 62
14 28 25
14 29 16
14 30 52
15 16 52
15 17 6
15 18 96
15 19 6
15 20 52
15 21 85
15 22 77
15 23 55
15 24 21
15 25 100
15 26 95
15 27 53
15 28 94
15 29 10
15 30 51
16 17 44
16 18 79
16 19 22
16 20 98
16 21 51
16 22 52
16 23 38
16 24 68
16 25 14
16 26 95
16 27 49
16 28 68
16 29 16
16 30 71
17 18 10
17 19 45
17 20 12
17 21 34
17 22 95
17 23 20
17 24 85
17 25 62
17 26 85
17 27 28
17 28 7
17 29 90
17 30 60
18 19 50
18 20 90
18 21 83
18 22 40
18 23 83
18 24 95
18 25 93
18 26 55
18 27 47
18 28 67
18 29 66
18 30 45
19 20 58
19 21 1
19 22 41
19 23 46
19 24 36
19 25 51
19 26 27
19 27 49
19 28 76
19 29 35
19 30 30
20 21 72
20 22 75
20 23 57
20 24 13
20 25 3
20 26 32
20 27 10
20 28 91
20 29 29
20 30 90
21 22 67
21 23 40
21 24 54
21 25 51
21 26 61
21 27 56
21 28 63
21 29 89
21 30 23
22 23 13
22 24 3
22 25 62
22 26 83
22 27 40
22 28 50
22 29 53
22 30 54
23 24 44
23 25 81
23 26 83
23 27 41
23 28 4
23 29 66
23 30 9
24 25 29
24 26 85
24 27 16
24 28 55
24 29 59
24 30 42
25 26 57
25 27 97
25 28 25
25 29 30
25 30 85
26 27 76
26 28 81
26 29 52
26 30 6
27 28 17
27 29 81
27 30 34
28 29 45
28 30 58
29 30 73
