37 666 36
1 2 7
1 3 94
1 4 38
1 5 3
1 6 74
1 7 28
1 8 30
1 9 92
1 10 97
1 11 72
1 12 37
1 13 84
1 14 78
1 15 90
1 16 50
1 17 84
1 18 94
1 19 31
1 20 73
1 21 39
1 22 38
1 23 26
1 24 96
1 25 55
1 26 94
1 27 93
1 28 98
1 29 46
1 30 29
1 31 39
1 32 94
1 33 11
1 34 34
1 35 90
1 36 39
1 37 49
2 3 57
2 4 1
2 5 52
2 6 60
2 7 79
2 8 89
2 9 35
2 10 1
2 11 4
2 12 34
2 13 1
2 14 6
2 15 41
2 16 41
2 17 97
2 18 68
2 19 17
2 20 94
2 21 78
2 22 90
2 23 79
2 24 53
2 25 83
2 26 65
2 27 80
2 28 37
2 29 82
2 30 18
2 31 44
2 32 14
2 33 56
2 34 77
2 35 67
2 36 20
2 37 93
3 4 83
3 5 95
3 6 55
3 7 94
3 8 21
3 9 36
3 10 40
3 11 18
3 12 1
3 13 55
3 14 74
3 15 96
3 16 32
3 17 13
3 18 47
3 19 16
3 20 52
3 21 16
3 22 26
3 23 1
3 24 78
3 25 28
3 26 92
3 27 95
3 28 100
3 29 5
3 30 97
3 31 68
3 32 43
3 33 25
3 34 36
3 35 19
3 36 57
3 37 44
4 5 42
4 6 36
4 7 94
4 8 86
4 9 3
4 10 71
4 11 58
4 12 39
4 13 6
4 14 88
4 15 61
4 16 63
4 17 12
4 18 17
4 19 6
4 20 60
4 21 45
4 22 76
4 23 97
4 24 36
4 25 20
4 26 51
4 27 88
4 28 67
4 29 75
4 30 53
4 31 86
4 32 4
4 33 68
4 34 18
4 35 84
4 36 77
4 37 21
5 6 65
5 7 48
5 8 57
5 9 2
5 10 18
5 11 36
5 12 58
5 13 37
5 14 69
5 15 7
5 16 95
5 17 42
5 18 63
5 19 54
5 20 72
5 21 60
5 22 69
5 23 6
5 24 73
5 25 99
5 26 36
5 27 78
5 28 47
5 29 83
5 30 72
5 31 65
5 32 41
5 33 46
5 34 59
5 35 60
5 36 17
5 37 27
6 7 11
6 8 39
6 9 77
6 10 96
6 11 2
6 12 82
6 13 46
6 14 75
6 15 56
6 16 67
6 17 91
6 18 61
6 19 12
6 20 32
6 21 65
6 22 30
6 23 99
6 24 65
6 25 53
6 26 6
6 27 56
6 28 8
6 29 88
6 30 48
6 31 70
6 32 100
6 33 74
6 34 28
6 35 21
6 36 17
6 37 74
7 8 82
7 9 79
7 10 98
7 11 81
7 12 99
7 13 82
7 14 81
7 15 16
7 16 10
7 17 46
7 18 73
7 19 65
7 20 43
7 21 54
7 22 88
7 23 53
7 24 75
7 25 3
7 26 68
7 27 50
7 28 10
7 29 71
7 30 86
7 31 50
7 32 17
7 33 73
7 34 69
7 35 96
7 36 74
7 37 6
8 9 54
8 10 5
8 11 10
8 12 29
8 13 93
8 14 70
8 15 66
8 16 26
8 17 2
8 18 71
8 19 65
8 20 78
8 21 84
8 22 7
8 23 66
8 24 16
8 25 6
8 26 48
8 27 59
8 28 26
8 29 76
8 30 2
8 31 85
8 32 76
8 33 26
8 34 25
8 35 77
8 36 78
8 37 61
9 10 81
9 11 47
9 12 75
9 13 4
9 14 36
9 15 46
9 16 19
9 17 9
9 18 68
9 19 31
9 20 59
9 21 49
9 22 96
9 23 41
9 24 94
9 25 6
9 26 83
9 27 100
9 28 25
9 29 80
9 30 100
9 31 3
9 32 96
9 33 72
9 34 17
9 35 46
9 36 92
9 37 38
10 11 5
10 12 33
10 13 45
10 14 30
10 15 25
10 16 33
10 17 37
10 18 97
10 19 82
10 20 43
10 21 79
10 22 23
10 23 89
10 24 85
10 25 80
10 26 8
10 27 58
10 28 17
10 29 17
10 30 92
10 31 68
10 32 90
10 33 7
10 34 35
10 35 96
10 36 23
10 37 79
11 12 74
11 13 49
11 14 79
11 15 8
11 16 87
11 17 15
11 18 66
11 19 100
11 20 41
11 21 41
11 22 4
11 23 89
11 24 54
11 25 79
11 26 73
11 27 57
11 28 28
11 29 87
11 30 75
11 31 77
11 32 14
11 33 11
11 34 52
11 35 90
11 36 79
11 37 95
12 13 60
12 14 10
12 15 72
12 16 1
12 17 52
12 18 87
12 19 41
12 20 65
12 21 52
12 22 24
12 23 64
12 24 31
12 25 48
12 26 9
12 27 51
12 28 42
12 29 90
12 30 79
12 31 23
12 32 95
12 33 58
12 34 74
12 35 13
12 36 86
12 37 53
13 14 17
13 15 14
13 16 20
13 17 85
13 18 25
13 19 44
13 20 56
13 21 53
13 22 25
13 23 37
13 24 17
13 25 86
13 26 35
13 27 23
13 28 32
13 29 4
13 30 15
13 31 60
13 32 47
13 33 60
13 34 2
13 35 28
13 36 40
13 37 97
14 15 8
14 16 12
14 17 40
14 18 31
14 19 91
14 20 42
14 21 74
14 22 78
14 23 46
14 24 43
14 25 94
14 26 83
14 27 33
14 28 13
14 29 75
14 30 46
14 31 65
14 32 42
14 33 73
14 34 64
14 35 90
14 36 41
14 37 48
15 16 69
15 17 45
15 18 23
15 19 7
15 20 41
15 21 46
15 22 61
15 23 24
15 24 28
15 25 19
15 26 42
15 27 8
15 28 19
15 29 83
15 30 48
15 31 24
15 32 10
15 33 23
15 34 52
15 35 20
15 36 2
15 37 72
16 17 52
16 18 41
16 19 88
16 20 52
16 21 44
16 22 54
16 23 62
16 24 50
16 25 40
16 26 78
16 27 36
16 28 16
16 29 65
16 30 41
16 31 79
16 32 83
16 33 12
16 34 73
16 35 58
16 36 43
16 37 38
17 18 25
17 19 82
17 20 64
17 21 86
17 22 64
17 23 20
17 24 34
17 25 38
17 26 59
17 27 30
17 28 87
17 29 30
17 30 99
17 31 77
17 32 18
17 33 25
17 34 86
17 35 62
17 36 22
17 37 12
18 19 38
18 20 17
18 21 56
18 22 17
18 23 29
18 24 11
18 25 29
18 26 38
18 27 85
18 28 20
18 29 49
18 30 50
18 31 41
18 32 58
18 33 75
18 34 4
18 35 56
18 36 22
18 37 48
19 20 98
19 21 26
19 22 73
19 23 30
19 24 52
19 25 50
19 26 96
19 27 70
19 28 47
19 29 82
19 30 5
19 31 85
19 32 35
19 33 56
19 34 28
19 35 64
19 36 14
19 37 19
20 21 81
20 22 49
20 23 66
20 24 88
20 25 74
20 26 6
20 27 34
20 28 9
20 29 37
20 30 33
20 31 93
20 32 18
20 33 95
20 34 93
20 35 60
20 36 56
20 37 45
21 22 92
21 23 27
21 24 82
21 25 57
21 26 13
21 27 94
21 28 91
21 29 43
21 30 99
21 31 28
21 32 26
21 33 67
21 34 4
21 35 67
21 36 70
21 37 98
22 23 54
22 24 12
22 25 21
22 26 67
22 27 58
22 28 57
22 29 25
22 30 95
22 31 80
22 32 28
22 33 66
22 34 6
22 35 56
22 36 21
22 37 70
23 24 54
23 25 49
23 26 17
23 27 14
23 28 100
23 29 78
23 30 80
23 31 47
23 32 14
23 33 48
23 34 31
23 35 91
23 36 38
23 37 41
24 25 96
24 26 25
24 27 86
24 28 99
24 29 51
24 30 69
24 31 34
24 32 32
24 33 12
24 34 41
24 35 2
24 36 69
24 37 46
25 26 6
25 27 26
25 28 76
25 29 35
25 30 13
25 31 55
25 32 63
25 33 30
25 34 42
25 35 11
25 36 53
25 37 43
26 27 84
26 28 23
26 29 45
26 30 50
26 31 8
26 32 47
26 33 40
26 34 49
26 35 18
26 36 6
26 37 12
27 28 89
27 29 4
27 30 40
27 31 81
27 32 68
27 33 52
27 34 72
27 35 88
27 36 27
27 37 49
28 29 32
28 30 69
28 31 82
28 32 30
28 33 68
28 34 26
28 35 9
28 36 10
28 37 22
29 30 83
29 31 62
29 32 59
29 33 15
29 34 41
29 35 52
29 36 53
29 37 79
30 31 74
30 32 85
30 33 35
30 34 61
30 35 46
30 36 60
30 37 33
31 32 98
31 33 30
31 34 20
31 35 36
31 36 72
31 37 88
32 33 73
32 34 63
32 35 4
32 36 15
32 37 58
33 34 89
33 35 24
33 36 94
33 37 3
34 35 15
34 36 78
34 37 25
35 36 78
35 37 53
36 37 87
