63 1953 62
1 2 25
1 3 72
1 4 87
1 5 15
1 6 80
1 7 14
1 8 82
1 9 82
1 10 85
1 11 86
1 12 67
1 13 27
1 14 100
1 15 37
1 16 2
1 17 91
1 18 33
1 19 80
1 20 98
1 21 65
1 22 65
1 23 68
1 24 52
1 25 49
1 26 75
1 27 53
1 28 1
1 29 12
1 30 92
1 31 16
1 32 70
1 33 59
1 34 93
1 35 6
1 36 92
1 37 6
1 38 72
1 39 65
1 40 48
1 41 27
1 42 32
1 43 53
1 44 3
1 45 37
1 46 26
1 47 89
1 48 37
1 49 29
1 50 34
1 51 45
1 52 24
1 53 69
1 54 42
1 55 91
1 56 79
1 57 37
1 58 25
1 59 69
1 60 57
1 61 80
1 62 56
1 63 87
2 3 77
2 4 96
2 5 73
2 6 56
2 7 47
2 8 68
2 9 22
2 10 88
2 11 59
2 12 92
2 13 24
2 14 61
2 15 15
2 16 21
2 17 1
2 18 85
2 19 50
2 20 25
2 21 33
2 22 79
2 23 58
2 24 84
2 25 60
2 26 68
2 27 66
2 28 40
2 29 88
2 30 36
2 31 10
2 32 41
2 33 89
2 34 43
2 35 34
2 36 64
2 37 28
2 38 58
2 39 36
2 40 79
2 41 38
2 42 75
2 43 85
2 44 20
2 45 86
2 46 61
2 47 63
2 48 27
2 49 9
2 50 51
2 51 90
2 52 65
2 53 64
2 54 46
2 55 66
2 56 54
2 57 28
2 58 16
2 59 27
2 60 49
2 61 14
2 62 71
2 63 79
3 4 20
3 5 90
3 6 39
3 7 41
3 8 22
3 9 5
3 10 9
3 11 78
3 12 20
3 13 69
3 14 66
3 15 18
3 16 57
3 17 21
3 18 88
3 19 89
3 20 90
3 21 37
3 22 98
3 23 77
3 24 10
3 25 41
3 26 36
3 27 80
3 28 82
3 29 30
3 30 97
3 31 38
3 32 45
3 33 17
3 34 97
3 35 58
3 36 78
3 37 85
3 38 47
3 39 75
3 40 34
3 41 41
3 42 73
3 43 56
3 44 66
3 45 87
3 46 8
3 47 33
3 48 68
3 49 64
3 50 13
3 51 17
3 52 86
3 53 21
3 54 66
3 55 43
3 56 37
3 57 33
3 58 24
3 59 93
3 60 22
3 61 49
3 62 36
3 63 34
4 5 9
4 6 16
4 7 8
4 8 4
4 9 34
4 10 30
4 11 31
4 12 17
4 13 69
4 14 76
4 15 95
4 16 71
4 17 76
4 18 92
4 19 33
4 20 73
4 21 50
4 22 81
4 23 31
4 24 51
4 25 31
4 26 12
4 27 96
4 28 11
4 29 12
4 30 25
4 31 50
4 32 81
4 33 31
4 34 84
4 35 30
4 36 6
4 37 35
4 38 56
4 39 22
4 40 77
4 41 54
4 42 17
4 43 15
4 44 9
4 45 26
4 46 74
4 47 17
4 48 4
4 49 59
4 50 6
4 51 49
4 52 72
4 53 63
4 54 5
4 55 21
4 56 50
4 57 50
4 58 90
4 59 46
4 60 90
4 61 11
4 62 13
4 63 26
5 6 49
5 7 2
5 8 59
5 9 83
5 10 8
5 11 87
5 12 3
5 13 86
5 14 90
5 15 18
5 16 2
5 17 22
5 18 73
5 19 13
5 20 39
5 21 33
5 22 50
5 23 23
5 24 58
5 25 48
5 26 17
5 27 4
5 28 43
5 29 71
5 30 10
5 31 35
5 32 41
5 33 17
5 34 71
5 35 25
5 36 77
5 37 23
5 38 54
5 39 5
5 40 1
5 41 44
5 42 86
5 43 2
5 44 48
5 45 1
5 46 47
5 47 64
5 48 39
5 49 85
5 50 63
5 51 30
5 52 34
5 53 87
5 54 47
5 55 34
5 56 96
5 57 54
5 58 2
5 59 18
5 60 91
5 61 58
5 62 34
5 63 14
6 7 47
6 8 23
6 9 92
6 10 57
6 11 14
6 12 41
6 13 72
6 14 92
6 15 87
6 16 38
6 17 29
6 18 91
6 19 73
6 20 7
6 21 19
6 22 61
6 23 35
6 24 93
6 25 34
6 26 36
6 27 39
6 28 13
6 29 11
6 30 1
6 31 41
6 32 79
6 33 87
6 34 32
6 35 73
6 36 73
6 37 35
6 38 43
6 39 47
6 40 93
6 41 32
6 42 50
6 43 31
6 44 88
6 45 75
6 46 44
6 47 68
6 48 53
6 49 59
6 50 5
6 51 24
6 52 2
6 53 6
6 54 61
6 55 42
6 56 87
6 57 99
6 58 7
6 59 52
6 60 40
6 61 40
6 62 69
6 63 77
7 8 69
7 9 54
7 10 98
7 11 1
7 12 97
7 13 30
7 14 30
7 15 42
7 16 90
7 17 25
7 18 95
7 19 90
7 20 54
7 21 64
7 22 75
7 23 69
7 24 69
7 25 21
7 26 37
7 27 29
7 28 52
7 29 6
7 30 61
7 31 99
7 32 78
7 33 43
7 34 7
7 35 46
7 36 18
7 37 63
7 38 9
7 39 63
7 40 81
7 41 39
7 42 3
7 43 20
7 44 92
7 45 37
7 46 71
7 47 69
7 48 97
7 49 36
7 50 35
7 51 40
7 52 41
7 53 79
7 54 72
7 55 79
7 56 17
7 57 25
7 58 44
7 59 87
7 60 52
7 61 32
7 62 57
7 63 60
8 9 98
8 10 70
8 11 25
8 12 10
8 13 57
8 14 15
8 15 1
8 16 85
8 17 25
8 18 55
8 19 43
8 20 22
8 21 17
8 22 68
8 23 29
8 24 16
8 25 30
8 26 23
8 27 69
8 28 93
8 29 54
8 30 77
8 31 28
8 32 31
8 33 67
8 34 83
8 35 5
8 36 72
8 37 39
8 38 37
8 39 72
8 40 30
8 41 74
8 42 87
8 43 97
8 44 64
8 45 48
8 46 36
8 47 26
8 48 17
8 49 99
8 50 29
8 51 22
8 52 72
8 53 91
8 54 22
8 55 56
8 56 14
8 57 16
8 58 37
8 59 18
8 60 62
8 61 35
8 62 22
8 63 20
9 10 76
9 11 68
9 12 68
9 13 34
9 14 20
9 15 45
9 16 25
9 17 48
9 18 12
9 19 61
9 20 25
9 21 78
9 22 74
9 23 71
9 24 56
9 25 89
9 26 65
9 27 9
9 28 47
9 29 22
9 30 39
9 31 2
9 32 84
9 33 82
9 34 3
9 35 10
9 36 18
9 37 41
9 38 40
9 39 100
9 40 3
9 41 29
9 42 56
9 43 34
9 44 13
9 45 45
9 46 61
9 47 33
9 48 42
9 49 15
9 50 72
9 51 57
9 52 97
9 53 56
9 54 25
9 55 2
9 56 31
9 57 77
9 58 51
9 59 34
9 60 81
9 61 88
9 62 6
9 63 48
10 11 18
10 12 48
10 13 26
10 14 4
10 15 93
10 16 90
10 17 10
10 18 75
10 19 46
10 20 33
10 21 95
10 22 28
10 23 65
10 24 9
10 25 59
10 26 63
10 27 11
10 28 34
10 29 68
10 30 28
10 31 94
10 32 20
10 33 81
10 34 45
10 35 8
10 36 72
10 37 14
10 38 90
10 39 38
10 40 50
10 41 33
10 42 18
10 43 8
10 44 99
10 45 20
10 46 3
10 47 64
10 48 96
10 49 28
10 50 17
10 51 96
10 52 43
10 53 98
10 54 3
10 55 70
10 56 69
10 57 80
10 58 77
10 59 1
10 60 76
10 61 33
10 62 25
10 63 12
11 12 46
11 13 4
11 14 67
11 15 92
11 16 60
11 17 27
11 18 62
11 19 21
11 20 38
11 21 33
11 22 70
11 23 22
11 24 89
11 25 67
11 26 49
11 27 56
11 28 16
11 29 83
11 30 10
11 31 80
11 32 4
11 33 15
11 34 16
11 35 10
11 36 28
11 37 1
11 38 67
11 39 38
11 40 9
11 41 28
11 42 9
11 43 72
11 44 77
11 45 67
11 46 64
11 47 1
11 48 43
11 49 3
11 50 17
11 51 72
11 52 87
11 53 81
11 54 64
11 55 75
11 56 91
11 57 68
11 58 29
11 59 100
11 60 67
11 61 87
11 62 48
11 63 87
12 13 95
12 14 3
12 15 91
12 16 76
12 17 51
12 18 93
12 19 21
12 20 82
12 21 12
12 22 81
12 23 54
12 24 63
12 25 43
12 26 96
12 27 90
12 28 49
12 29 51
12 30 52
12 31 21
12 32 6
12 33 9
12 34 75
12 35 54
12 36 27
12 37 53
12 38 85
12 39 28
12 40 48
12 41 96
12 42 12
12 43 15
12 44 15
12 45 20
12 46 20
12 47 10
12 48 93
12 49 84
12 50 91
12 51 61
12 52 59
12 53 3
12 54 33
12 55 25
12 56 19
12 57 91
12 58 56
12 59 59
12 60 61
12 61 95
12 62 55
12 63 78
13 14 100
13 15 20
13 16 28
13 17 25
13 18 16
13 19 4
13 20 25
13 21 47
13 22 79
13 23 91
13 24 70
13 25 35
13 26 49
13 27 57
13 28 48
13 29 25
13 30 97
13 31 79
13 32 89
13 33 96
13 34 34
13 35 33
13 36 99
13 37 98
13 38 72
13 39 9
13 40 89
13 41 90
13 42 55
13 43 48
13 44 31
13 45 72
13 46 28
13 47 72
13 48 64
13 49 50
13 50 18
13 51 29
13 52 67
13 53 94
13 54 62
13 55 38
13 56 37
13 57 71
13 58 88
13 59 50
13 60 33
13 61 72
13 62 67
13 63 55
14 15 77
14 16 23
14 17 48
14 18 100
14 19 68
14 20 21
14 21 33
14 22 53
14 23 14
14 24 77
14 25 99
14 26 73
14 27 97
14 28 59
14 29 43
14 30 40
14 31 44
14 32 42
14 33 9
14 34 54
14 35 95
14 36 5
14 37 23
14 38 71
14 39 57
14 40 21
14 41 10
14 42 9
14 43 23
14 44 23
14 45 17
14 46 78
14 47 17
14 48 1
14 49 74
14 50 5
14 51 94
14 52 21
14 53 21
14 54 42
14 55 61
14 56 96
14 57 100
14 58 10
14 59 92
14 60 11
14 61 94
14 62 82
14 63 33
15 16 3
15 17 76
15 18 22
15 19 90
15 20 33
15 21 95
15 22 55
15 23 99
15 24 79
15 25 58
15 26 17
15 27 77
15 28 55
15 29 34
15 30 40
15 31 13
15 32 51
15 33 35
15 34 17
15 35 12
15 36 45
15 37 14
15 38 52
15 39 60
15 40 70
15 41 27
15 42 32
15 43 15
15 44 9
15 45 67
15 46 34
15 47 30
15 48 98
15 49 75
15 50 5
15 51 13
15 52 79
15 53 6
15 54 36
15 55 35
15 56 63
15 57 33
15 58 53
15 59 30
15 60 84
15 61 2
15 62 99
15 63 99
16 17 73
16 18 64
16 19 49
16 20 37
16 21 12
16 22 7
16 23 75
16 24 67
16 25 28
16 26 85
16 27 97
16 28 16
16 29 11
16 30 78
16 31 9
16 32 75
16 33 33
16 34 22
16 35 7
16 36 35
16 37 17
16 38 42
16 39 74
16 40 56
16 41 70
16 42 37
16 43 30
16 44 42
16 45 65
16 46 77
16 47 75
16 48 8
16 49 76
16 50 68
16 51 64
16 52 97
16 53 4
16 54 9
16 55 90
16 56 50
16 57 7
16 58 85
16 59 96
16 60 55
16 61 79
16 62 80
16 63 87
17 18 60
17 19 50
17 20 85
17 21 41
17 22 18
17 23 96
17 24 10
17 25 5
17 26 77
17 27 99
17 28 7
17 29 25
17 30 35
17 31 44
17 32 55
17 33 9
17 34 82
17 35 88
17 36 74
17 37 64
17 38 82
17 39 9
17 40 59
17 41 2
17 42 56
17 43 54
17 44 51
17 45 92
17 46 40
17 47 82
17 48 6
17 49 43
17 50 77
17 51 8
17 52 32
17 53 7
17 54 22
17 55 34
17 56 81
17 57 31
17 58 91
17 59 11
17 60 69
17 61 7
17 62 83
17 63 93
18 19 66
18 20 68
18 21 98
18 22 51
18 23 84
18 24 38
18 25 40
18 26 75
18 27 99
18 28 86
18 29 39
18 30 27
18 31 73
18 32 66
18 33 100
18 34 34
18 35 40
18 36 24
18 37 81
18 38 93
18 39 11
18 40 27
18 41 30
18 42 14
18 43 50
18 44 3
18 45 74
18 46 40
18 47 86
18 48 38
18 49 51
18 50 61
18 51 74
18 52 63
18 53 51
18 54 1
18 55 87
18 56 22
18 57 5
18 58 56
18 59 100
18 60 53
18 61 65
18 62 6
18 63 7
19 20 80
19 21 25
19 22 16
19 23 73
19 24 96
19 25 31
19 26 29
19 27 66
19 28 89
19 29 63
19 30 74
19 31 22
19 32 62
19 33 26
19 34 60
19 35 7
19 36 97
19 37 9
19 38 62
19 39 85
19 40 51
19 41 39
19 42 10
19 43 20
19 44 22
19 45 4
19 46 7
19 47 52
19 48 3
19 49 9
19 50 84
19 51 48
19 52 52
19 53 38
19 54 14
19 55 57
19 56 7
19 57 22
19 58 72
19 59 39
19 60 8
19 61 83
19 62 41
19 63 73
20 21 65
20 22 20
20 23 26
20 24 39
20 25 14
20 26 62
20 27 41
20 28 88
20 29 3
20 30 65
20 31 36
20 32 70
20 33 14
20 34 68
20 35 45
20 36 60
20 37 2
20 38 17
20 39 29
20 40 13
20 41 36
20 42 41
20 43 60
20 44 51
20 45 51
20 46 53
20 47 100
20 48 52
20 49 38
20 50 27
20 51 81
20 52 48
20 53 99
20 54 52
20 55 4
20 56 63
20 57 27
20 58 99
20 59 82
20 60 66
20 61 6
20 62 87
20 63 38
21 22 65
21 23 56
21 24 57
21 25 60
21 26 40
21 27 58
21 28 60
21 29 74
21 30 74
21 31 40
21 32 62
21 33 34
21 34 16
21 35 92
21 36 52
21 37 14
21 38 32
21 39 24
21 40 40
21 41 13
21 42 34
21 43 56
21 44 18
21 45 91
21 46 9
21 47 60
21 48 49
21 49 62
21 50 62
21 51 45
21 52 20
21 53 22
21 54 76
21 55 61
21 56 55
21 57 9
21 58 12
21 59 85
21 60 85
21 61 88
21 62 26
21 63 82
22 23 92
22 24 30
22 25 80
22 26 96
22 27 34
22 28 35
22 29 43
22 30 69
22 31 42
22 32 29
22 33 85
22 34 2
22 35 75
22 36 6
22 37 17
22 38 30
22 39 10
22 40 11
22 41 89
22 42 57
22 43 65
22 44 13
22 45 43
22 46 75
22 47 48
22 48 85
22 49 50
22 50 42
22 51 6
22 52 15
22 53 91
22 54 39
22 55 41
22 56 97
22 57 51
22 58 72
22 59 51
22 60 31
22 61 39
22 62 20
22 63 35
23 24 9
23 25 90
23 26 24
23 27 86
23 28 50
23 29 14
23 30 51
23 31 49
23 32 36
23 33 61
23 34 63
23 35 71
23 36 11
23 37 35
23 38 60
23 39 36
23 40 27
23 41 68
23 42 16
23 43 72
23 44 49
23 45 62
23 46 84
23 47 73
23 48 93
23 49 52
23 50 66
23 51 3
23 52 60
23 53 2
23 54 67
23 55 94
23 56 23
23 57 45
23 58 52
23 59 23
23 60 49
23 61 24
23 62 46
23 63 66
24 25 63
24 26 64
24 27 80
24 28 45
24 29 91
24 30 85
24 31 81
24 32 8
24 33 18
24 34 93
24 35 56
24 36 56
24 37 83
24 38 90
24 39 77
24 40 73
24 41 87
24 42 98
24 43 49
24 44 28
24 45 70
24 46 68
24 47 92
24 48 5
24 49 16
24 50 93
24 51 12
24 52 4
24 53 24
24 54 3
24 55 66
24 56 84
24 57 7
24 58 34
24 59 81
24 60 82
24 61 74
24 62 43
24 63 59
25 26 30
25 27 39
25 28 72
25 29 81
25 30 90
25 31 81
25 32 92
25 33 44
25 34 51
25 35 88
25 36 99
25 37 26
25 38 69
25 39 77
25 40 29
25 41 80
25 42 52
25 43 49
25 44 96
25 45 15
25 46 55
25 47 96
25 48 62
25 49 98
25 50 37
25 51 1
25 52 35
25 53 74
25 54 7
25 55 98
25 56 10
25 57 86
25 58 45
25 59 76
25 60 5
25 61 88
25 62 91
25 63 8
26 27 86
26 28 79
26 29 14
26 30 63
26 31 54
26 32 87
26 33 41
26 34 45
26 35 67
26 36 78
26 37 85
26 38 17
26 39 88
26 40 40
26 41 30
26 42 53
26 43 33
26 44 97
26 45 14
26 46 88
26 47 90
26 48 20
26 49 45
26 50 83
26 51 88
26 52 11
26 53 44
26 54 88
26 55 43
26 56 13
26 57 56
26 58 61
26 59 86
26 60 47
26 61 33
26 62 35
26 63 84
27 28 50
27 29 81
27 30 59
27 31 60
27 32 26
27 33 58
27 34 7
27 35 59
27 36 72
27 37 29
27 38 82
27 39 25
27 40 83
27 41 58
27 42 40
27 43 63
27 44 27
27 45 83
27 46 10
27 47 57
27 48 65
27 49 12
27 50 86
27 51 63
27 52 35
27 53 90
27 54 95
27 55 99
27 56 52
27 57 35
27 58 12
27 59 86
27 60 9
27 61 63
27 62 72
27 63 96
28 29 58
28 30 33
28 31 50
28 32 6
28 33 87
28 34 67
28 35 44
28 36 8
28 37 64
28 38 27
28 39 67
28 40 69
28 41 67
28 42 88
28 43 17
28 44 71
28 45 19
28 46 77
28 47 39
28 48 64
28 49 80
28 50 1
28 51 27
28 52 8
28 53 65
28 54 28
28 55 26
28 56 74
28 57 19
28 58 31
28 59 8
28 60 8
28 61 8
28 62 97
28 63 8
29 30 28
29 31 89
29 32 1
29 33 14
29 34 24
29 35 3
29 36 46
29 37 28
29 38 73
29 39 8
29 40 46
29 41 25
29 42 93
29 43 45
29 44 57
29 45 77
29 46 61
29 47 37
29 48 2
29 49 94
29 50 65
29 51 58
29 52 29
29 53 77
29 54 29
29 55 64
29 56 6
29 57 75
29 58 66
29 59 84
29 60 70
29 61 18
29 62 85
29 63 98
30 31 30
30 32 53
30 33 66
30 34 29
30 35 23
30 36 84
30 37 85
30 38 59
30 39 65
30 40 38
30 41 4
30 42 17
30 43 43
30 44 66
30 45 65
30 46 67
30 47 20
30 48 55
30 49 77
30 50 29
30 51 36
30 52 4
30 53 93
30 54 67
30 55 20
30 56 37
30 57 83
30 58 64
30 59 38
30 60 85
30 61 96
30 62 79
30 63 5
31 32 91
31 33 45
31 34 27
31 35 88
31 36 16
31 37 56
31 38 99
31 39 22
31 40 83
31 41 1
31 42 42
31 43 32
31 44 59
31 45 11
31 46 94
31 47 84
31 48 75
31 49 84
31 50 28
31 51 65
31 52 21
31 53 22
31 54 43
31 55 94
31 56 45
31 57 43
31 58 6
31 59 92
31 60 25
31 61 51
31 62 80
31 63 72
32 33 20
32 34 64
32 35 69
32 36 46
32 37 11
32 38 87
32 39 26
32 40 19
32 41 14
32 42 26
32 43 70
32 44 93
32 45 98
32 46 77
32 47 83
32 48 6
32 49 65
32 50 53
32 51 28
32 52 60
32 53 53
32 54 56
32 55 95
32 56 63
32 57 97
32 58 19
32 59 70
32 60 8
32 61 89
32 62 43
32 63 16
33 34 17
33 35 27
33 36 55
33 37 52
33 38 15
33 39 78
33 40 89
33 41 57
33 42 56
33 43 44
33 44 24
33 45 81
33 46 55
33 47 79
33 48 5
33 49 24
33 50 66
33 51 81
33 52 96
33 53 26
33 54 62
33 55 18
33 56 69
33 57 82
33 58 67
33 59 67
33 60 28
33 61 2
33 62 92
33 63 15
34 35 55
34 36 100
34 37 55
34 38 31
34 39 100
34 40 92
34 41 78
34 42 93
34 43 42
34 44 3
34 45 80
34 46 36
34 47 24
34 48 92
34 49 94
34 50 96
34 51 32
34 52 68
34 53 86
34 54 7
34 55 38
34 56 22
34 57 61
34 58 59
34 59 94
34 60 89
34 61 9
34 62 6
34 63 11
35 36 40
35 37 45
35 38 69
35 39 5
35 40 40
35 41 37
35 42 4
35 43 77
35 44 42
35 45 48
35 46 94
35 47 47
35 48 3
35 49 38
35 50 1
35 51 15
35 52 70
35 53 13
35 54 4
35 55 74
35 56 96
35 57 96
35 58 70
35 59 81
35 60 18
35 61 90
35 62 57
35 63 70
36 37 42
36 38 14
36 39 71
36 40 33
36 41 99
36 42 43
36 43 77
36 44 89
36 45 58
36 46 47
36 47 35
36 48 92
36 49 85
36 50 50
36 51 8
36 52 10
36 53 4
36 54 27
36 55 68
36 56 8
36 57 5
36 58 17
36 59 99
36 60 39
36 61 60
36 62 3
36 63 43
37 38 27
37 39 83
37 40 41
37 41 90
37 42 49
37 43 90
37 44 10
37 45 54
37 46 67
37 47 3
37 48 33
37 49 81
37 50 46
37 51 37
37 52 13
37 53 87
37 54 82
37 55 50
37 56 67
37 57 40
37 58 53
37 59 55
37 60 34
37 61 88
37 62 34
37 63 77
38 39 9
38 40 91
38 41 85
38 42 70
38 43 47
38 44 91
38 45 25
38 46 94
38 47 88
38 48 42
38 49 25
38 50 25
38 51 73
38 52 57
38 53 29
38 54 84
38 55 35
38 56 13
38 57 75
38 58 7
38 59 76
38 60 15
38 61 91
38 62 94
38 63 41
39 40 100
39 41 82
39 42 87
39 43 91
39 44 83
39 45 26
39 46 34
39 47 33
39 48 31
39 49 42
39 50 68
39 51 72
39 52 68
39 53 39
39 54 10
39 55 90
39 56 8
39 57 48
39 58 89
39 59 12
39 60 84
39 61 77
39 62 41
39 63 64
40 41 58
40 42 75
40 43 22
40 44 46
40 45 30
40 46 52
40 47 4
40 48 59
40 49 46
40 50 87
40 51 13
40 52 8
40 53 97
40 54 66
40 55 56
40 56 10
40 57 25
40 58 62
40 59 19
40 60 71
40 61 56
40 62 29
40 63 19
41 42 71
41 43 99
41 44 3
41 45 24
41 46 1
41 47 80
41 48 12
41 49 5
41 50 48
41 51 9
41 52 10
41 53 34
41 54 68
41 55 99
41 56 38
41 57 50
41 58 61
41 59 38
41 60 9
41 61 70
41 62 84
41 63 44
42 43 22
42 44 68
42 45 17
42 46 56
42 47 63
42 48 19
42 49 9
42 50 72
42 51 100
42 52 81
42 53 97
42 54 45
42 55 40
42 56 97
42 57 33
42 58 9
42 59 92
42 60 23
42 61 56
42 62 33
42 63 58
43 44 19
43 45 56
43 46 36
43 47 30
43 48 61
43 49 62
43 50 89
43 51 46
43 52 19
43 53 42
43 54 42
43 55 89
43 56 71
43 57 99
43 58 20
43 59 29
43 60 72
43 61 20
43 62 60
43 63 44
44 45 49
44 46 97
44 47 42
44 48 17
44 49 25
44 50 32
44 51 4
44 52 17
44 53 27
44 54 48
44 55 45
44 56 82
44 57 2
44 58 57
44 59 46
44 60 94
44 61 23
44 62 80
44 63 91
45 46 63
45 47 6
45 48 68
45 49 94
45 50 33
45 51 10
45 52 48
45 53 59
45 54 53
45 55 71
45 56 75
45 57 72
45 58 59
45 59 14
45 60 62
45 61 86
45 62 92
45 63 25
46 47 89
46 48 97
46 49 95
46 50 62
46 51 79
46 52 31
46 53 40
46 54 99
46 55 24
46 56 31
46 57 20
46 58 100
46 59 30
46 60 37
46 61 68
46 62 74
46 63 72
47 48 69
47 49 31
47 50 67
47 51 29
47 52 20
47 53 11
47 54 35
47 55 51
47 56 78
47 57 42
47 58 86
47 59 72
47 60 28
47 61 89
47 62 62
47 63 6
48 49 86
48 50 88
48 51 94
48 52 22
48 53 47
48 54 29
48 55 7
48 56 12
48 57 60
48 58 57
48 59 48
48 60 39
48 61 72
48 62 7
48 63 82
49 50 39
49 51 58
49 52 42
49 53 88
49 54 57
49 55 34
49 56 4
49 57 44
49 58 91
49 59 40
49 60 77
49 61 84
49 62 78
49 63 98
50 51 59
50 52 100
50 53 10
50 54 9
50 55 20
50 56 14
50 57 73
50 58 47
50 59 29
50 60 61
50 61 42
50 62 63
50 63 21
51 52 40
51 53 23
51 54 58
51 55 40
51 56 62
51 57 96
51 58 91
51 59 73
51 60 80
51 61 61
51 62 66
51 63 13
52 53 50
52 54 44
52 55 41
52 56 92
52 57 15
52 58 50
52 59 66
52 60 23
52 61 71
52 62 9
52 63 75
53 54 93
53 55 97
53 56 43
53 57 45
53 58 50
53 59 39
53 60 17
53 61 79
53 62 70
53 63 38
54 55 78
54 56 61
54 57 80
54 58 9
54 59 69
54 60 100
54 61 10
54 62 18
54 63 4
55 56 35
55 57 76
55 58 89
55 59 18
55 60 77
55 61 99
55 62 73
55 63 63
56 57 85
56 58 67
56 59 63
56 60 65
56 61 16
56 62 32
56 63 3
57 58 41
57 59 33
57 60 15
57 61 57
57 62 68
57 63 72
58 59 27
58 60 36
58 61 82
58 62 10
58 63 69
59 60 100
59 61 79
59 62 32
59 63 55
60 61 1
60 62 44
60 63 78
61 62 27
61 63 8
62 63 68
