46 1035 45
1 2 25
1 3 56
1 4 45
1 5 55
1 6 7
1 7 60
1 8 83
1 9 39
1 10 1
1 11 19
1 12 10
1 13 16
1 14 11
1 15 2
1 16 5
1 17 88
1 18 69
1 19 19
1 20 60
1 21 91
1 22 85
1 23 64
1 24 8
1 25 100
1 26 97
1 27 33
1 28 80
1 29 78
1 30 67
1 31 22
1 32 45
1 33 83
1 34 17
1 35 82
1 36 90
1 37 40
1 38 41
1 39 68
1 40 45
1 41 40
1 42 46
1 43 56
1 44 50
1 45 64
1 46 54
2 3 2
2 4 95
2 5 3
2 6 33
2 7 18
2 8 17
2 9 92
2 10 43
2 11 6
2 12 31
2 13 95
2 14 100
2 15 96
2 16 23
2 17 26
2 18 31
2 19 2
2 20 38
2 21 71
2 22 51
2 23 87
2 24 63
2 25 14
2 26 21
2 27 94
2 28 69
2 29 40
2 30 89
2 31 50
2 32 8
2 33 25
2 34 61
2 35 30
2 36 78
2 37 41
2 38 16
2 39 68
2 40 74
2 41 91
2 42 86
2 43 63
2 44 60
2 45 56
2 46 52
3 4 98
3 5 57
3 6 87
3 7 24
3 8 25
3 9 33
3 10 1
3 11 11
3 12 14
3 13 61
3 14 74
3 15 5
3 16 48
3 17 59
3 18 98
3 19 52
3 20 56
3 21 28
3 22 5
3 23 9
3 24 23
3 25 82
3 26 39
3 27 72
3 28 86
3 29 57
3 30 46
3 31 21
3 32 84
3 33 49
3 34 57
3 35 32
3 36 12
3 37 59
3 38 54
3 39 10
3 40 73
3 41 28
3 42 62
3 43 91
3 44 85
3 45 37
3 46 47
4 5 26
4 6 56
4 7 33
4 8 44
4 9 71
4 10 90
4 11 59
4 12 7
4 13 67
4 14 24
4 15 27
4 16 1
4 17 43
4 18 16
4 19 99
4 20 69
4 21 19
4 22 33
4 23 72
4 24 87
4 25 90
4 26 31
4 27 10
4 28 99
4 29 50
4 30 27
4 31 88
4 32 46
4 33 46
4 34 39
4 35 87
4 36 25
4 37 71
4 38 28
4 39 69
4 40 16
4 41 69
4 42 29
4 43 94
4 44 10
4 45 56
4 46 42
5 6 76
5 7 51
5 8 82
5 9 91
5 10 48
5 11 48
5 12 13
5 13 42
5 14 76
5 15 7
5 16 58
5 17 14
5 18 80
5 19 33
5 20 20
5 21 69
5 22 4
5 23 70
5 24 57
5 25 97
5 26 11
5 27 99
5 28 98
5 29 66
5 30 53
5 31 42
5 32 63
5 33 8
5 34 69
5 35 4
5 36 34
5 37 25
5 38 5
5 39 51
5 40 71
5 41 63
5 42 97
5 43 44
5 44 56
5 45 26
5 46 19
6 7 58
6 8 98
6 9 65
6 10 14
6 11 33
6 12 30
6 13 50
6 14 34
6 15 22
6 16 95
6 17 80
6 18 78
6 19 53
6 20 3
6 21 4
6 22 89
6 23 79
6 24 3
6 25 87
6 26 39
6 27 2
6 28 12
6 29 77
6 30 44
6 31 71
6 32 34
6 33 57
6 34 65
6 35 77
6 36 21
6 37 99
6 38 85
6 39 64
6 40 60
6 41 91
6 42 3
6 43 2
6 44 94
6 45 59
6 46 2
7 8 36
7 9 61
7 10 51
7 11 70
7 12 31
7 13 36
7 14 9
7 15 26
7 16 5
7 17 62
7 18 72
7 19 36
7 20 92
7 21 47
7 22 46
7 23 14
7 24 92
7 25 6
7 26 99
7 27 76
7 28 25
7 29 59
7 30 36
7 31 27
7 32 26
7 33 72
7 34 83
7 35 83
7 36 90
7 37 4
7 38 45
7 39 34
7 40 74
7 41 44
7 42 62
7 43 29
7 44 40
7 45 78
7 46 76
8 9 7
8 10 49
8 11 62
8 12 82
8 13 27
8 14 82
8 15 76
8 16 3
8 17 51
8 18 41
8 19 84
8 20 94
8 21 53
8 22 56
8 23 54
8 24 40
8 25 31
8 26 53
8 27 89
8 28 49
8 29 83
8 30 1
8 31 53
8 32 3
8 33 86
8 34 54
8 35 1
8 36 21
8 37 62
8 38 13
8 39 41
8 40 25
8 41 51
8 42 74
8 43 57
8 44 83
8 45 16
8 46 5
9 10 39
9 11 24
9 12 76
9 13 57
9 14 92
9 15 40
9 16 44
9 17 36
9 18 53
9 19 67
9 20 23
9 21 50
9 22 82
9 23 55
9 24 65
9 25 85
9 26 90
9 27 50
9 28 35
9 29 83
9 30 56
9 31 80
9 32 60
9 33 63
9 34 97
9 35 50
9 36 5
9 37 72
9 38 51
9 39 76
9 40 33
9 41 31
9 42 86
9 43 58
9 44 91
9 45 32
9 46 42
10 11 95
10 12 90
10 13 88
10 14 50
10 15 73
10 16 68
10 17 91
10 18 39
10 19 72
10 20 32
10 21 77
10 22 2
10 23 49
10 24 71
10 25 59
10 26 44
10 27 58
10 28 37
10 29 61
10 30 83
10 31 52
10 32 2
10 33 84
10 34 96
10 35 5
10 36 55
10 37 59
10 38 77
10 39 76
10 40 21
10 41 59
10 42 91
10 43 36
10 44 39
10 45 7
10 46 59
11 12 17
11 13 14
11 14 50
11 15 88
11 16 47
11 17 59
11 18 75
11 19 56
11 20 38
11 21 39
11 22 50
11 23 51
11 24 3
11 25 8
11 26 24
11 27 51
11 28 84
11 29 19
11 30 2
11 31 83
11 32 70
11 33 6
11 34 34
11 35 8
11 36 39
11 37 52
11 38 73
11 39 38
11 40 22
11 41 65
11 42 14
11 43 28
11 44 96
11 45 12
11 46 13
12 13 69
12 14 93
12 15 76
12 16 81
12 17 64
12 18 49
12 19 71
12 20 2
12 21 44
12 22 41
12 23 80
12 24 96
12 25 4
12 26 72
12 27 99
12 28 15
12 29 92
12 30 49
12 31 6
12 32 9
12 33 69
12 34 97
12 35 35
12 36 25
12 37 69
12 38 100
12 39 53
12 40 99
12 41 65
12 42 71
12 43 12
12 44 46
12 45 75
12 46 21
13 14 46
13 15 21
13 16 91
13 17 75
13 18 65
13 19 61
13 20 20
13 21 96
13 22 9
13 23 96
13 24 80
13 25 40
13 26 36
13 27 55
13 28 33
13 29 11
13 30 79
13 31 83
13 32 52
13 33 65
13 34 7
13 35 44
13 36 84
13 37 38
13 38 84
13 39 66
13 40 27
13 41 2
13 42 13
13 43 59
13 44 98
13 45 6
13 46 25
14 15 78
14 16 63
14 17 5
14 18 58
14 19 64
14 20 94
14 21 62
14 22 9
14 23 67
14 24 74
14 25 45
14 26 18
14 27 77
14 28 86
14 29 84
14 30 77
14 31 39
14 32 88
14 33 76
14 34 73
14 35 60
14 36 84
14 37 87
14 38 83
14 39 21
14 40 27
14 41 50
14 42 32
14 43 36
14 44 5
14 45 37
14 46 20
15 16 32
15 17 74
15 18 46
15 19 76
15 20 61
15 21 65
15 22 72
15 23 41
15 24 32
15 25 67
15 26 34
15 27 26
15 28 17
15 29 33
15 30 93
15 31 23
15 32 2
15 33 40
15 34 21
15 35 14
15 36 58
15 37 3
15 38 6
15 39 38
15 40 79
15 41 81
15 42 56
15 43 83
15 44 88
15 45 36
15 46 50
16 17 56
16 18 19
16 19 50
16 20 16
16 21 15
16 22 77
16 23 82
16 24 57
16 25 89
16 26 13
16 27 66
16 28 45
16 29 17
16 30 56
16 31 95
16 32 10
16 33 58
16 34 40
16 35 75
16 36 77
16 37 72
16 38 96
16 39 33
16 40 60
16 41 48
16 42 43
16 43 99
16 44 23
16 45 32
16 46 46
17 18 52
17 19 30
17 20 29
17 21 74
17 22 16
17 23 43
17 24 12
17 25 70
17 26 95
17 27 9
17 28 46
17 29 19
17 30 7
17 31 3
17 32 62
17 33 70
17 34 5
17 35 81
17 36 69
17 37 72
17 38 13
17 39 77
17 40 38
17 41 67
17 42 44
17 43 33
17 44 45
17 45 63
17 46 62
18 19 2
18 20 14
18 21 84
18 22 72
18 23 51
18 24 90
18 25 70
18 26 3
18 27 43
18 28 8
18 29 77
18 30 34
18 31 55
18 32 73
18 33 23
18 34 40
18 35 55
18 36 87
18 37 35
18 38 73
18 39 89
18 40 46
18 41 78
18 42 19
18 43 55
18 44 88
18 45 70
18 46 6
19 20 49
19 21 70
19 22 36
19 23 84
19 24 43
19 25 43
19 26 92
19 27 24
19 28 26
19 29 84
19 30 11
19 31 25
19 32 3
19 33 65
19 34 71
19 35 52
19 36 69
19 37 53
19 38 85
19 39 35
19 40 34
19 41 35
19 42 56
19 43 58
19 44 29
19 45 16
19 46 44
20 21 59
20 22 2
20 23 90
20 24 70
20 25 92
20 26 8
20 27 66
20 28 68
20 29 90
20 30 89
20 31 74
20 32 46
20 33 68
20 34 87
20 35 11
20 36 9
20 37 89
20 38 97
20 39 11
20 40 14
20 41 28
20 42 1
20 43 61
20 44 6
20 45 63
20 46 49
21 22 18
21 23 89
21 24 75
21 25 36
21 26 65
21 27 60
21 28 34
21 29 23
21 30 67
21 31 33
21 32 38
21 33 89
21 34 76
21 35 86
21 36 7
21 37 83
21 38 73
21 39 6
21 40 50
21 41 78
21 42 34
21 43 6
21 44 34
21 45 91
21 46 100
22 23 95
22 24 30
22 25 85
22 26 66
22 27 32
22 28 15
22 29 87
22 30 96
22 31 79
22 32 73
22 33 34
22 34 65
22 35 58
22 36 7
22 37 65
22 38 93
22 39 21
22 40 30
22 41 16
22 42 49
22 43 47
22 44 84
22 45 22
22 46 98
23 24 2
23 25 55
23 26 2
23 27 61
23 28 18
23 29 44
23 30 12
23 31 9
23 32 84
23 33 17
23 34 38
23 35 4
23 36 86
23 37 51
23 38 100
23 39 1
23 40 58
23 41 94
23 42 85
23 43 90
23 44 66
23 45 96
23 46 56
24 25 38
24 26 26
24 27 79
24 28 47
24 29 63
24 30 67
24 31 31
24 32 43
24 33 85
24 34 59
24 35 16
24 36 78
24 37 81
24 38 29
24 39 59
24 40 81
24 41 64
24 42 79
24 43 99
24 44 51
24 45 1
24 46 43
25 26 6
25 27 63
25 28 3
25 29 53
25 30 63
25 31 40
25 32 59
25 33 21
25 34 60
25 35 77
25 36 7
25 37 43
25 38 93
25 39 56
25 40 51
25 41 77
25 42 92
25 43 18
25 44 98
25 45 21
25 46 33
26 27 76
26 28 89
26 29 5
26 30 100
26 31 76
26 32 1
26 33 83
26 34 27
26 35 10
26 36 13
26 37 78
26 38 58
26 39 64
26 40 15
26 41 33
26 42 60
26 43 33
26 44 31
26 45 95
26 46 66
27 28 91
27 29 31
27 30 62
27 31 55
27 32 21
27 33 91
27 34 93
27 35 63
27 36 81
27 37 96
27 38 83
27 39 47
27 40 72
27 41 73
27 42 47
27 43 91
27 44 51
27 45 73
27 46 96
28 29 25
28 30 15
28 31 76
28 32 88
28 33 49
28 34 68
28 35 61
28 36 3
28 37 40
28 38 24
28 39 40
28 40 41
28 41 58
28 42 8
28 43 53
28 44 36
28 45 30
28 46 5
29 30 44
29 31 23
29 32 33
29 33 89
29 34 17
29 35 88
29 36 18
29 37 67
29 38 26
29 39 44
29 40 30
29 41 90
29 42 33
29 43 12
29 44 33
29 45 83
29 46 28
30 31 58
30 32 32
30 33 87
30 34 84
30 35 94
30 36 31
30 37 42
30 38 5
30 39 14
30 40 50
30 41 48
30 42 41
30 43 85
30 44 89
30 45 74
30 46 60
31 32 95
31 33 100
31 34 76
31 35 49
31 36 99
31 37 26
31 38 27
31 39 54
31 40 98
31 41 73
31 42 72
31 43 73
31 44 43
31 45 66
31 46 44
32 33 44
32 34 21
32 35 62
32 36 2
32 37 56
32 38 17
32 39 48
32 40 44
32 41 55
32 42 91
32 43 73
32 44 81
32 45 17
32 46 84
33 34 14
33 35 16
33 36 98
33 37 52
33 38 58
33 39 8
33 40 54
33 41 89
33 42 16
33 43 32
33 44 77
33 45 1
33 46 30
34 35 27
34 36 27
34 37 80
34 38 56
34 39 19
34 40 95
34 41 35
34 42 54
34 43 2
34 44 93
34 45 60
34 46 67
35 36 12
35 37 78
35 38 35
35 39 25
35 40 56
35 41 35
35 42 38
35 43 18
35 44 72
35 45 25
35 46 77
36 37 97
36 38 77
36 39 22
36 40 91
36 41 38
36 42 73
36 43 3
36 44 87
36 45 61
36 46 72
37 38 56
37 39 31
37 40 19
37 41 32
37 42 29
37 43 71
37 44 26
37 45 60
37 46 74
38 39 80
38 40 24
38 41 90
38 42 11
38 43 34
38 44 38
38 45 8
38 46 9
39 40 74
39 41 78
39 42 70
39 43 37
39 44 28
39 45 42
39 46 66
40 41 17
40 42 67
40 43 58
40 44 49
40 45 45
40 46 88
41 42 86
41 43 30
41 44 13
41 45 41
41 46 88
42 43 68
42 44 28
42 45 61
42 46 2
43 44 13
43 45 41
43 46 15
44 45 12
44 46 66
45 46 4
