13 78 12
1 2 48
1 3 13
1 4 45
1 5 60
1 6 85
1 7 8
1 8 34
1 9 44
1 10 39
1 11 12
1 12 56
1 13 96
2 3 1
2 4 13
2 5 48
2 6 31
2 7 27
2 8 56
2 9 71
2 10 14
2 11 12
2 12 78
2 13 42
3 4 90
3 5 84
3 6 22
3 7 8
3 8 13
3 9 18
3 10 51
3 11 37
3 12 31
3 13 49
4 5 29
4 6 53
4 7 1
4 8 92
4 9 78
4 10 21
4 11 39
4 12 28
4 13 3
5 6 65
5 7 3
5 8 32
5 9 90
5 10 60
5 11 73
5 12 17
5 13 69
6 7 85
6 8 80
6 9 63
6 10 72
6 11 53
6 12 31
6 13 83
7 8 66
7 9 40
7 10 90
7 11 33
7 12 86
7 13 85
8 9 40
8 10 65
8 11 54
8 12 84
8 13 63
9 10 59
9 11 83
9 12 91
9 13 10
10 11 5
10 12 29
10 13 71
11 12 94
11 13 85
12 13 37
