81 3240 80
1 2 19
1 3 42
1 4 85
1 5 83
1 6 88
1 7 3
1 8 87
1 9 86
1 10 92
1 11 84
1 12 11
1 13 26
1 14 50
1 15 100
1 16 61
1 17 59
1 18 3
1 19 83
1 20 96
1 21 11
1 22 64
1 23 74
1 24 49
1 25 13
1 26 40
1 27 49
1 28 48
1 29 42
1 30 47
1 31 72
1 32 82
1 33 54
1 34 1
1 35 8
1 36 32
1 37 55
1 38 3
1 39 63
1 40 97
1 41 65
1 42 25
1 43 25
1 44 15
1 45 5
1 46 32
1 47 99
1 48 16
1 49 94
1 50 27
1 51 53
1 52 64
1 53 85
1 54 46
1 55 52
1 56 43
1 57 76
1 58 2
1 59 40
1 60 59
1 61 77
1 62 49
1 63 27
1 64 60
1 65 100
1 66 36
1 67 66
1 68 74
1 69 75
1 70 83
1 71 23
1 72 63
1 73 86
1 74 32
1 75 41
1 76 35
1 77 14
1 78 45
1 79 15
1 80 44
1 81 47
2 3 18
2 4 39
2 5 56
2 6 83
2 7 8
2 8 33
2 9 29
2 10 37
2 11 96
2 12 5
2 13 93
2 14 40
2 15 72
2 16 64
2 17 60
2 18 97
2 19 69
2 20 70
2 21 94
2 22 58
2 23 96
2 24 14
2 25 46
2 26 1
2 27 55
2 28 45
2 29 25
2 30 32
2 31 25
2 32 89
2 33 53
2 34 94
2 35 36
2 36 12
2 37 58
2 38 59
2 39 84
2 40 96
2 41 61
2 42 48
2 43 76
2 44 69
2 45 28
2 46 65
2 47 11
2 48 64
2 49 54
2 50 48
2 51 20
2 52 75
2 53 61
2 54 38
2 55 69
2 56 48
2 57 54
2 58 87
2 59 69
2 60 76
2 61 62
2 62 60
2 63 97
2 64 77
2 65 97
2 66 38
2 67 17
2 68 95
2 69 1
2 70 98
2 71 89
2 72 61
2 73 97
2 74 48
2 75 32
2 76 44
2 77 31
2 78 40
2 79 38
2 80 15
2 81 42
3 4 56
3 5 40
3 6 29
3 7 10
3 8 54
3 9 40
3 10 37
3 11 78
3 12 39
3 13 39
3 14 70
3 15 3
3 16 55
3 17 56
3 18 63
3 19 17
3 20 56
3 21 12
3 22 4
3 23 7
3 24 69
3 25 76
3 26 80
3 27 43
3 28 71
3 29 45
3 30 31
3 31 12
3 32 79
3 33 18
3 34 20
3 35 12
3 36 68
3 37 59
3 38 31
3 39 58
3 40 86
3 41 47
3 42 21
3 43 34
3 44 85
3 45 62
3 46 38
3 47 12
3 48 68
3 49 58
3 50 45
3 51 52
3 52 29
3 53 44
3 54 64
3 55 99
3 56 39
3 57 88
3 58 69
3 59 7
3 60 87
3 61 84
3 62 63
3 63 95
3 64 21
3 65 77
3 66 100
3 67 21
3 68 97
3 69 71
3 70 70
3 71 67
3 72 71
3 73 7
3 74 61
3 75 10
3 76 18
3 77 56
3 78 26
3 79 31
3 80 32
3 81 4
4 5 68
4 6 75
4 7 96
4 8 79
4 9 41
4 10 18
4 11 83
4 12 70
4 13 80
4 14 92
4 15 68
4 16 62
4 17 67
4 18 100
4 19 88
4 20 81
4 21 60
4 22 3
4 23 6
4 24 95
4 25 32
4 26 87
4 27 66
4 28 73
4 29 49
4 30 61
4 31 47
4 32 37
4 33 2
4 34 73
4 35 98
4 36 93
4 37 30
4 38 33
4 39 92
4 40 29
4 41 53
4 42 20
4 43 96
4 44 42
4 45 26
4 46 48
4 47 70
4 48 46
4 49 84
4 50 67
4 51 45
4 52 35
4 53 86
4 54 77
4 55 15
4 56 81
4 57 25
4 58 55
4 59 28
4 60 45
4 61 24
4 62 42
4 63 33
4 64 66
4 65 44
4 66 45
4 67 87
4 68 48
4 69 51
4 70 17
4 71 5
4 72 95
4 73 3
4 74 51
4 75 68
4 76 15
4 77 26
4 78 16
4 79 8
4 80 62
4 81 90
5 6 48
5 7 51
5 8 62
5 9 4
5 10 79
5 11 95
5 12 50
5 13 4
5 14 35
5 15 30
5 16 42
5 17 39
5 18 19
5 19 82
5 20 30
5 21 85
5 22 86
5 23 40
5 24 87
5 25 41
5 26 99
5 27 90
5 28 90
5 29 84
5 30 39
5 31 54
5 32 73
5 33 46
5 34 92
5 35 43
5 36 44
5 37 9
5 38 36
5 39 28
5 40 53
5 41 33
5 42 88
5 43 23
5 44 28
5 45 18
5 46 65
5 47 64
5 48 23
5 49 4
5 50 50
5 51 62
5 52 86
5 53 42
5 54 2
5 55 50
5 56 32
5 57 28
5 58 48
5 59 84
5 60 57
5 61 13
5 62 76
5 63 55
5 64 14
5 65 21
5 66 8
5 67 40
5 68 86
5 69 33
5 70 19
5 71 3
5 72 60
5 73 51
5 74 71
5 75 47
5 76 91
5 77 16
5 78 98
5 79 85
5 80 55
5 81 38
6 7 77
6 8 73
6 9 23
6 10 89
6 11 50
6 12 77
6 13 35
6 14 70
6 15 29
6 16 6
6 17 37
6 18 98
6 19 46
6 20 63
6 21 10
6 22 73
6 23 35
6 24 30
6 25 69
6 26 57
6 27 72
6 28 6
6 29 67
6 30 35
6 31 22
6 32 4
6 33 32
6 34 48
6 35 53
6 36 80
6 37 29
6 38 31
6 39 47
6 40 81
6 41 3
6 42 62
6 43 73
6 44 1
6 45 45
6 46 94
6 47 50
6 48 79
6 49 77
6 50 54
6 51 76
6 52 92
6 53 81
6 54 7
6 55 41
6 56 78
6 57 96
6 58 33
6 59 60
6 60 48
6 61 27
6 62 90
6 63 47
6 64 95
6 65 42
6 66 3
6 67 92
6 68 95
6 69 38
6 70 55
6 71 9
6 72 59
6 73 43
6 74 60
6 75 98
6 76 31
6 77 49
6 78 79
6 79 85
6 80 18
6 81 27
7 8 99
7 9 5
7 10 20
7 11 64
7 12 63
7 13 24
7 14 7
7 15 3
7 16 35
7 17 92
7 18 76
7 19 82
7 20 68
7 21 87
7 22 93
7 23 1
7 24 28
7 25 19
7 26 77
7 27 86
7 28 97
7 29 87
7 30 32
7 31 72
7 32 38
7 33 92
7 34 98
7 35 44
7 36 87
7 37 18
7 38 82
7 39 22
7 40 18
7 41 13
7 42 76
7 43 3
7 44 12
7 45 84
7 46 20
7 47 26
7 48 55
7 49 5
7 50 14
7 51 51
7 52 71
7 53 90
7 54 32
7 55 74
7 56 53
7 57 87
7 58 93
7 59 42
7 60 18
7 61 31
7 62 19
7 63 45
7 64 12
7 65 97
7 66 82
7 67 60
7 68 78
7 69 69
7 70 79
7 71 30
7 72 37
7 73 97
7 74 47
7 75 95
7 76 20
7 77 15
7 78 87
7 79 50
7 80 15
7 81 64
8 9 51
8 10 66
8 11 35
8 12 31
8 13 86
8 14 73
8 15 78
8 16 28
8 17 34
8 18 66
8 19 67
8 20 76
8 21 4
8 22 13
8 23 22
8 24 14
8 25 25
8 26 70
8 27 83
8 28 37
8 29 99
8 30 51
8 31 75
8 32 12
8 33 10
8 34 44
8 35 36
8 36 46
8 37 72
8 38 86
8 39 23
8 40 82
8 41 36
8 42 69
8 43 13
8 44 50
8 45 51
8 46 49
8 47 68
8 48 17
8 49 52
8 50 100
8 51 56
8 52 63
8 53 16
8 54 85
8 55 92
8 56 97
8 57 75
8 58 11
8 59 20
8 60 5
8 61 20
8 62 3
8 63 41
8 64 23
8 65 52
8 66 31
8 67 11
8 68 99
8 69 2
8 70 17
8 71 45
8 72 32
8 73 15
8 74 88
8 75 4
8 76 21
8 77 69
8 78 42
8 79 64
8 80 3
8 81 78
9 10 45
9 11 78
9 12 21
9 13 23
9 14 72
9 15 60
9 16 6
9 17 63
9 18 18
9 19 94
9 20 17
9 21 85
9 22 14
9 23 30
9 24 16
9 25 31
9 26 30
9 27 52
9 28 79
9 29 4
9 30 84
9 31 94
9 32 73
9 33 92
9 34 35
9 35 74
9 36 26
9 37 66
9 38 32
9 39 23
9 40 92
9 41 98
9 42 26
9 43 19
9 44 61
9 45 10
9 46 7
9 47 29
9 48 9
9 49 73
9 50 53
9 51 83
9 52 26
9 53 98
9 54 4
9 55 85
9 56 98
9 57 56
9 58 56
9 59 95
9 60 37
9 61 17
9 62 52
9 63 14
9 64 55
9 65 100
9 66 99
9 67 87
9 68 27
9 69 85
9 70 94
9 71 85
9 72 19
9 73 3
9 74 8
9 75 8
9 76 49
9 77 32
9 78 38
9 79 89
9 80 80
9 81 97
10 11 2
10 12 7
10 13 66
10 14 20
10 15 36
10 16 24
10 17 29
10 18 36
10 19 47
10 20 38
10 21 45
10 22 30
10 23 7
10 24 84
10 25 46
10 26 46
10 27 56
10 28 72
10 29 10
10 30 20
10 31 54
10 32 70
10 33 10
10 34 59
10 35 99
10 36 37
10 37 45
10 38 35
10 39 45
10 40 31
10 41 20
10 42 15
10 43 72
10 44 52
10 45 33
10 46 31
10 47 28
10 48 42
10 49 93
10 50 19
10 51 28
10 52 17
10 53 81
10 54 63
10 55 30
10 56 60
10 57 90
10 58 70
10 59 93
10 60 40
10 61 27
10 62 58
10 63 29
10 64 24
10 65 6
10 66 54
10 67 54
10 68 88
10 69 96
10 70 84
10 71 64
10 72 4
10 73 45
10 74 88
10 75 46
10 76 3
10 77 39
10 78 58
10 79 55
10 80 60
10 81 27
11 12 42
11 13 13
11 14 23
11 15 64
11 16 79
11 17 44
11 18 80
11 19 76
11 20 17
11 21 91
11 22 100
11 23 48
11 24 95
11 25 3
11 26 93
11 27 63
11 28 72
11 29 30
11 30 18
11 31 95
11 32 46
11 33 93
11 34 27
11 35 82
11 36 11
11 37 15
11 38 54
11 39 40
11 40 61
11 41 48
11 42 57
11 43 70
11 44 47
11 45 99
11 46 94
11 47 25
11 48 25
11 49 32
11 50 22
11 51 87
11 52 72
11 53 94
11 54 59
11 55 45
11 56 26
11 57 39
11 58 48
11 59 16
11 60 7
11 61 53
11 62 67
11 63 40
11 64 38
11 65 81
11 66 82
11 67 50
11 68 21
11 69 90
11 70 68
11 71 38
11 72 31
11 73 66
11 74 12
11 75 8
11 76 97
11 77 14
11 78 78
11 79 93
11 80 18
11 81 8
12 13 28
12 14 14
12 15 30
12 16 87
12 17 16
12 18 92
12 19 36
12 20 67
12 21 90
12 22 61
12 23 8
12 24 80
12 25 53
12 26 36
12 27 98
12 28 48
12 29 28
12 30 72
12 31 16
12 32 8
12 33 78
12 34 94
12 35 1
12 36 77
12 37 29
12 38 95
12 39 15
12 40 88
12 41 98
12 42 11
12 43 47
12 44 97
12 45 32
12 46 73
12 47 95
12 48 64
12 49 35
12 50 66
12 51 86
12 52 50
12 53 24
12 54 29
12 55 12
12 56 41
12 57 6
12 58 30
12 59 63
12 60 52
12 61 83
12 62 89
12 63 67
12 64 98
12 65 88
12 66 31
12 67 13
12 68 14
12 69 76
12 70 3
12 71 20
12 72 93
12 73 77
12 74 74
12 75 99
12 76 36
12 77 97
12 78 87
12 79 75
12 80 75
12 81 73
13 14 14
13 15 36
13 16 76
13 17 70
13 18 26
13 19 7
13 20 52
13 21 3
13 22 52
13 23 36
13 24 62
13 25 60
13 26 42
13 27 74
13 28 78
13 29 32
13 30 87
13 31 17
13 32 55
13 33 100
13 34 51
13 35 22
13 36 40
13 37 60
13 38 78
13 39 35
13 40 25
13 41 42
13 42 42
13 43 94
13 44 36
13 45 49
13 46 2
13 47 72
13 48 68
13 49 59
13 50 78
13 51 63
13 52 78
13 53 99
13 54 100
13 55 95
13 56 51
13 57 66
13 58 5
13 59 87
13 60 14
13 61 76
13 62 90
13 63 35
13 64 66
13 65 88
13 66 17
13 67 20
13 68 7
13 69 23
13 70 27
13 71 78
13 72 46
13 73 6
13 74 89
13 75 52
13 76 34
13 77 82
13 78 62
13 79 81
13 80 98
13 81 67
14 15 70
14 16 17
14 17 55
14 18 51
14 19 92
14 20 82
14 21 57
14 22 78
14 23 63
14 24 38
14 25 70
14 26 10
14 27 33
14 28 51
14 29 78
14 30 33
14 31 86
14 32 16
14 33 10
14 34 10
14 35 55
14 36 35
14 37 2
14 38 60
14 39 100
14 40 6
14 41 100
14 42 23
14 43 80
14 44 39
14 45 90
14 46 73
14 47 46
14 48 41
14 49 47
14 50 79
14 51 75
14 52 89
14 53 24
14 54 66
14 55 27
14 56 15
14 57 13
14 58 46
14 59 68
14 60 46
14 61 53
14 62 62
14 63 98
14 64 22
14 65 34
14 66 24
14 67 45
14 68 75
14 69 69
14 70 74
14 71 25
14 72 12
14 73 94
14 74 64
14 75 1
14 76 65
14 77 86
14 78 47
14 79 51
14 80 14
14 81 30
15 16 97
15 17 48
15 18 37
15 19 99
15 20 3
15 21 3
15 22 82
15 23 43
15 24 83
15 25 39
15 26 7
15 27 38
15 28 85
15 29 37
15 30 87
15 31 83
15 32 78
15 33 35
15 34 29
15 35 12
15 36 17
15 37 33
15 38 77
15 39 53
15 40 92
15 41 49
15 42 92
15 43 97
15 44 59
15 45 36
15 46 9
15 47 55
15 48 54
15 49 7
15 50 32
15 51 10
15 52 37
15 53 73
15 54 48
15 55 93
15 56 18
15 57 76
15 58 92
15 59 23
15 60 67
15 61 80
15 62 18
15 63 81
15 64 39
15 65 73
15 66 9
15 67 69
15 68 24
15 69 31
15 70 97
15 71 59
15 72 30
15 73 26
15 74 36
15 75 31
15 76 47
15 77 70
15 78 1
15 79 62
15 80 53
15 81 40
16 17 66
16 18 4
16 19 24
16 20 45
16 21 1
16 22 87
16 23 2
16 24 15
16 25 50
16 26 50
16 27 13
16 28 70
16 29 90
16 30 26
16 31 42
16 32 41
16 33 59
16 34 70
16 35 56
16 36 72
16 37 91
16 38 84
16 39 20
16 40 61
16 41 87
16 42 84
16 43 99
16 44 100
16 45 71
16 46 80
16 47 55
16 48 17
16 49 59
16 50 32
16 51 16
16 52 10
16 53 23
16 54 46
16 55 37
16 56 31
16 57 16
16 58 40
16 59 51
16 60 37
16 61 65
16 62 8
16 63 41
16 64 36
16 65 35
16 66 50
16 67 65
16 68 84
16 69 8
16 70 29
16 71 13
16 72 87
16 73 3
16 74 30
16 75 26
16 76 100
16 77 88
16 78 11
16 79 66
16 80 5
16 81 40
17 18 36
17 19 70
17 20 35
17 21 88
17 22 17
17 23 97
17 24 71
17 25 96
17 26 25
17 27 89
17 28 84
17 29 19
17 30 75
17 31 32
17 32 60
17 33 38
17 34 21
17 35 38
17 36 88
17 37 47
17 38 76
17 39 86
17 40 63
17 41 22
17 42 93
17 43 7
17 44 51
17 45 46
17 46 49
17 47 8
17 48 17
17 49 39
17 50 89
17 51 69
17 52 97
17 53 9
17 54 79
17 55 74
17 56 48
17 57 45
17 58 70
17 59 54
17 60 48
17 61 17
17 62 32
17 63 19
17 64 59
17 65 13
17 66 11
17 67 20
17 68 40
17 69 53
17 70 14
17 71 18
17 72 92
17 73 15
17 74 19
17 75 31
17 76 99
17 77 77
17 78 47
17 79 39
17 80 6
17 81 8
18 19 37
18 20 88
18 21 57
18 22 35
18 23 30
18 24 90
18 25 24
18 26 79
18 27 31
18 28 17
18 29 82
18 30 79
18 31 40
18 32 8
18 33 76
18 34 74
18 35 99
18 36 28
18 37 48
18 38 76
18 39 20
18 40 15
18 41 47
18 42 68
18 43 37
18 44 61
18 45 97
18 46 85
18 47 15
18 48 34
18 49 79
18 50 90
18 51 38
18 52 71
18 53 67
18 54 87
18 55 66
18 56 97
18 57 30
18 58 96
18 59 38
18 60 26
18 61 76
18 62 42
18 63 21
18 64 66
18 65 82
18 66 47
18 67 73
18 68 43
18 69 32
18 70 40
18 71 53
18 72 75
18 73 55
18 74 51
18 75 74
18 76 72
18 77 99
18 78 47
18 79 51
18 80 89
18 81 75
19 20 56
19 21 24
19 22 45
19 23 81
19 24 68
19 25 78
19 26 9
19 27 4
19 28 83
19 29 17
19 30 50
19 31 2
19 32 4
19 33 79
19 34 32
19 35 97
19 36 51
19 37 19
19 38 13
19 39 14
19 40 20
19 41 11
19 42 14
19 43 49
19 44 93
19 45 29
19 46 9
19 47 33
19 48 52
19 49 25
19 50 71
19 51 1
19 52 62
19 53 32
19 54 79
19 55 46
19 56 80
19 57 96
19 58 17
19 59 30
19 60 31
19 61 38
19 62 40
19 63 44
19 64 17
19 65 70
19 66 53
19 67 95
19 68 89
19 69 17
19 70 88
19 71 44
19 72 27
19 73 38
19 74 47
19 75 99
19 76 78
19 77 94
19 78 86
19 79 87
19 80 19
19 81 67
20 21 39
20 22 29
20 23 77
20 24 90
20 25 61
20 26 9
20 27 10
20 28 22
20 29 47
20 30 82
20 31 26
20 32 19
20 33 5
20 34 79
20 35 11
20 36 22
20 37 3
20 38 17
20 39 43
20 40 62
20 41 76
20 42 42
20 43 66
20 44 45
20 45 66
20 46 38
20 47 61
20 48 94
20 49 9
20 50 36
20 51 83
20 52 77
20 53 54
20 54 45
20 55 39
20 56 2
20 57 8
20 58 50
20 59 3
20 60 11
20 61 51
20 62 7
20 63 5
20 64 59
20 65 11
20 66 14
20 67 100
20 68 65
20 69 13
20 70 60
20 71 73
20 72 57
20 73 91
20 74 60
20 75 39
20 76 26
20 77 42
20 78 96
20 79 53
20 80 61
20 81 68
21 22 64
21 23 51
21 24 14
21 25 3
21 26 24
21 27 19
21 28 34
21 29 51
21 30 59
21 31 82
21 32 96
21 33 96
21 34 48
21 35 50
21 36 75
21 37 16
21 38 8
21 39 86
21 40 18
21 41 25
21 42 45
21 43 82
21 44 88
21 45 56
21 46 44
21 47 77
21 48 99
21 49 13
21 50 43
21 51 42
21 52 81
21 53 55
21 54 79
21 55 83
21 56 90
21 57 82
21 58 44
21 59 66
21 60 3
21 61 68
21 62 58
21 63 15
21 64 64
21 65 95
21 66 79
21 67 59
21 68 16
21 69 84
21 70 40
21 71 53
21 72 31
21 73 67
21 74 69
21 75 3
21 76 67
21 77 74
21 78 33
21 79 86
21 80 90
21 81 81
22 23 94
22 24 15
22 25 74
22 26 72
22 27 85
22 28 35
22 29 47
22 30 54
22 31 34
22 32 36
22 33 71
22 34 79
22 35 77
22 36 28
22 37 4
22 38 71
22 39 4
22 40 91
22 41 75
22 42 31
22 43 20
22 44 89
22 45 51
22 46 76
22 47 36
22 48 27
22 49 35
22 50 91
22 51 29
22 52 2
22 53 54
22 54 51
22 55 9
22 56 65
22 57 86
22 58 96
22 59 63
22 60 27
22 61 77
22 62 86
22 63 87
22 64 46
22 65 99
22 66 8
22 67 3
22 68 20
22 69 5
22 70 92
22 71 6
22 72 29
22 73 94
22 74 3
22 75 91
22 76 56
22 77 11
22 78 12
22 79 91
22 80 89
22 81 72
23 24 87
23 25 95
23 26 11
23 27 50
23 28 54
23 29 42
23 30 11
23 31 10
23 32 74
23 33 6
23 34 33
23 35 25
23 36 73
23 37 44
23 38 37
23 39 4
23 40 30
23 41 56
23 42 13
23 43 74
23 44 51
23 45 16
23 46 52
23 47 67
23 48 20
23 49 85
23 50 69
23 51 6
23 52 68
23 53 23
23 54 81
23 55 2
23 56 2
23 57 70
23 58 44
23 59 97
23 60 3
23 61 94
23 62 29
23 63 53
23 64 13
23 65 32
23 66 54
23 67 65
23 68 32
23 69 10
23 70 11
23 71 31
23 72 59
23 73 37
23 74 11
23 75 37
23 76 14
23 77 34
23 78 97
23 79 87
23 80 79
23 81 8
24 25 58
24 26 48
24 27 54
24 28 20
24 29 32
24 30 43
24 31 8
24 32 20
24 33 99
24 34 32
24 35 15
24 36 1
24 37 90
24 38 27
24 39 15
24 40 95
24 41 23
24 42 6
24 43 24
24 44 89
24 45 47
24 46 33
24 47 27
24 48 91
24 49 69
24 50 86
24 51 1
24 52 83
24 53 38
24 54 93
24 55 92
24 56 40
24 57 20
24 58 84
24 59 41
24 60 84
24 61 59
24 62 56
24 63 5
24 64 81
24 65 42
24 66 53
24 67 35
24 68 88
24 69 58
24 70 2
24 71 2
24 72 56
24 73 86
24 74 24
24 75 49
24 76 60
24 77 80
24 78 11
24 79 19
24 80 18
24 81 68
25 26 97
25 27 62
25 28 84
25 29 25
25 30 92
25 31 11
25 32 29
25 33 31
25 34 100
25 35 95
25 36 96
25 37 54
25 38 25
25 39 97
25 40 37
25 41 41
25 42 44
25 43 67
25 44 94
25 45 19
25 46 99
25 47 62
25 48 45
25 49 61
25 50 18
25 51 38
25 52 100
25 53 55
25 54 43
25 55 86
25 56 17
25 57 55
25 58 90
25 59 32
25 60 63
25 61 51
25 62 71
25 63 23
25 64 47
25 65 7
25 66 61
25 67 19
25 68 64
25 69 39
25 70 32
25 71 34
25 72 87
25 73 58
25 74 48
25 75 79
25 76 93
25 77 10
25 78 82
25 79 89
25 80 21
25 81 52
26 27 80
26 28 39
26 29 51
26 30 45
26 31 37
26 32 62
26 33 64
26 34 50
26 35 78
26 36 23
26 37 39
26 38 79
26 39 54
26 40 44
26 41 56
26 42 20
26 43 69
26 44 49
26 45 36
26 46 58
26 47 80
26 48 40
26 49 8
26 50 70
26 51 12
26 52 99
26 53 33
26 54 87
26 55 17
26 56 25
26 57 86
26 58 3
26 59 100
26 60 33
26 61 23
26 62 11
26 63 44
26 64 40
26 65 86
26 66 94
26 67 87
26 68 94
26 69 96
26 70 27
26 71 84
26 72 56
26 73 44
26 74 19
26 75 22
26 76 34
26 77 43
26 78 97
26 79 30
26 80 82
26 81 68
27 28 2
27 29 8
27 30 55
27 31 74
27 32 99
27 33 5
27 34 70
27 35 49
27 36 34
27 37 40
27 38 18
27 39 72
27 40 67
27 41 70
27 42 41
27 43 32
27 44 74
27 45 89
27 46 55
27 47 8
27 48 93
27 49 12
27 50 92
27 51 51
27 52 61
27 53 84
27 54 40
27 55 99
27 56 45
27 57 17
27 58 12
27 59 63
27 60 22
27 61 87
27 62 51
27 63 46
27 64 48
27 65 52
27 66 59
27 67 3
27 68 8
27 69 30
27 70 25
27 71 73
27 72 22
27 73 64
27 74 28
27 75 79
27 76 52
27 77 41
27 78 18
27 79 70
27 80 19
27 81 47
28 29 9
28 30 10
28 31 36
28 32 2
28 33 54
28 34 85
28 35 82
28 36 48
28 37 25
28 38 74
28 39 19
28 40 61
28 41 50
28 42 94
28 43 31
28 44 25
28 45 26
28 46 18
28 47 51
28 48 90
28 49 35
28 50 69
28 51 88
28 52 29
28 53 26
28 54 40
28 55 89
28 56 5
28 57 48
28 58 50
28 59 95
28 60 83
28 61 91
28 62 54
28 63 52
28 64 23
28 65 56
28 66 23
28 67 100
28 68 34
28 69 98
28 70 66
28 71 57
28 72 16
28 73 46
28 74 28
28 75 83
28 76 98
28 77 44
28 78 32
28 79 75
28 80 88
28 81 3
29 30 64
29 31 58
29 32 85
29 33 86
29 34 81
29 35 53
29 36 98
29 37 29
29 38 80
29 39 7
29 40 89
29 41 41
29 42 41
29 43 39
29 44 56
29 45 8
29 46 91
29 47 40
29 48 58
29 49 32
29 50 74
29 51 31
29 52 21
29 53 30
29 54 86
29 55 18
29 56 81
29 57 61
29 58 97
29 59 92
29 60 44
29 61 82
29 62 62
29 63 39
29 64 32
29 65 84
29 66 62
29 67 30
29 68 73
29 69 49
29 70 47
29 71 47
29 72 64
29 73 13
29 74 32
29 75 8
29 76 54
29 77 39
29 78 51
29 79 66
29 80 15
29 81 76
30 31 67
30 32 13
30 33 25
30 34 4
30 35 37
30 36 78
30 37 23
30 38 62
30 39 15
30 40 19
30 41 4
30 42 86
30 43 75
30 44 62
30 45 60
30 46 42
30 47 37
30 48 92
30 49 97
30 50 57
30 51 8
30 52 70
30 53 82
30 54 74
30 55 80
30 56 36
30 57 7
30 58 91
30 59 82
30 60 61
30 61 74
30 62 72
30 63 38
30 64 72
30 65 23
30 66 38
30 67 72
30 68 51
30 69 80
30 70 30
30 71 29
30 72 48
30 73 22
30 74 1
30 75 40
30 76 72
30 77 16
30 78 79
30 79 74
30 80 38
30 81 25
31 32 87
31 33 25
31 34 99
31 35 57
31 36 54
31 37 46
31 38 66
31 39 25
31 40 74
31 41 5
31 42 30
31 43 21
31 44 29
31 45 65
31 46 69
31 47 99
31 48 29
31 49 44
31 50 38
31 51 8
31 52 59
31 53 34
31 54 38
31 55 32
31 56 63
31 57 15
31 58 80
31 59 20
31 60 27
31 61 17
31 62 56
31 63 60
31 64 51
31 65 62
31 66 72
31 67 80
31 68 50
31 69 100
31 70 56
31 71 2
31 72 96
31 73 50
31 74 91
31 75 14
31 76 79
31 77 46
31 78 94
31 79 49
31 80 23
31 81 9
32 33 35
32 34 85
32 35 46
32 36 75
32 37 91
32 38 71
32 39 97
32 40 91
32 41 19
32 42 13
32 43 64
32 44 57
32 45 56
32 46 80
32 47 20
32 48 54
32 49 81
32 50 50
32 51 16
32 52 20
32 53 74
32 54 68
32 55 34
32 56 36
32 57 31
32 58 30
32 59 39
32 60 48
32 61 67
32 62 23
32 63 46
32 64 33
32 65 3
32 66 1
32 67 37
32 68 42
32 69 50
32 70 37
32 71 58
32 72 89
32 73 15
32 74 41
32 75 14
32 76 35
32 77 69
32 78 42
32 79 64
32 80 93
32 81 19
33 34 56
33 35 54
33 36 43
33 37 6
33 38 46
33 39 88
33 40 48
33 41 38
33 42 69
33 43 52
33 44 69
33 45 64
33 46 76
33 47 52
33 48 89
33 49 10
33 50 11
33 51 1
33 52 21
33 53 54
33 54 86
33 55 91
33 56 42
33 57 11
33 58 38
33 59 56
33 60 42
33 61 78
33 62 95
33 63 73
33 64 79
33 65 70
33 66 11
33 67 69
33 68 71
33 69 60
33 70 33
33 71 98
33 72 55
33 73 20
33 74 25
33 75 9
33 76 3
33 77 28
33 78 30
33 79 81
33 80 64
33 81 62
34 35 41
34 36 38
34 37 12
34 38 14
34 39 2
34 40 62
34 41 90
34 42 47
34 43 93
34 44 15
34 45 71
34 46 4
34 47 14
34 48 8
34 49 58
34 50 53
34 51 20
34 52 40
34 53 60
34 54 20
34 55 59
34 56 72
34 57 11
34 58 81
34 59 94
34 60 43
34 61 1
34 62 100
34 63 98
34 64 39
34 65 57
34 66 63
34 67 70
34 68 91
34 69 9
34 70 5
34 71 73
34 72 59
34 73 18
34 74 20
34 75 51
34 76 62
34 77 24
34 78 60
34 79 69
34 80 64
34 81 20
35 36 69
35 37 44
35 38 55
35 39 69
35 40 47
35 41 83
35 42 94
35 43 44
35 44 81
35 45 66
35 46 46
35 47 91
35 48 60
35 49 41
35 50 60
35 51 26
35 52 31
35 53 51
35 54 10
35 55 79
35 56 6
35 57 1
35 58 62
35 59 71
35 60 49
35 61 64
35 62 19
35 63 18
35 64 66
35 65 37
35 66 69
35 67 57
35 68 9
35 69 71
35 70 45
35 71 80
35 72 9
35 73 57
35 74 35
35 75 66
35 76 49
35 77 58
35 78 59
35 79 90
35 80 47
35 81 66
36 37 29
36 38 79
36 39 50
36 40 55
36 41 60
36 42 23
36 43 6
36 44 56
36 45 69
36 46 66
36 47 56
36 48 37
36 49 87
36 50 21
36 51 60
36 52 22
36 53 54
36 54 10
36 55 83
36 56 59
36 57 66
36 58 15
36 59 51
36 60 44
36 61 41
36 62 94
36 63 6
36 64 23
36 65 25
36 66 57
36 67 13
36 68 31
36 69 38
36 70 44
36 71 93
36 72 24
36 73 57
36 74 80
36 75 50
36 76 16
36 77 79
36 78 42
36 79 36
36 80 31
36 81 67
37 38 55
37 39 85
37 40 82
37 41 62
37 42 73
37 43 31
37 44 73
37 45 50
37 46 6
37 47 84
37 48 38
37 49 22
37 50 62
37 51 89
37 52 33
37 53 47
37 54 83
37 55 97
37 56 10
37 57 94
37 58 49
37 59 80
37 60 29
37 61 56
37 62 79
37 63 47
37 64 55
37 65 37
37 66 66
37 67 100
37 68 96
37 69 76
37 70 19
37 71 75
37 72 87
37 73 61
37 74 80
37 75 4
37 76 72
37 77 75
37 78 64
37 79 11
37 80 96
37 81 17
38 39 96
38 40 12
38 41 80
38 42 45
38 43 40
38 44 78
38 45 45
38 46 74
38 47 81
38 48 18
38 49 7
38 50 86
38 51 10
38 52 74
38 53 58
38 54 35
38 55 95
38 56 54
38 57 10
38 58 19
38 59 99
38 60 56
38 61 52
38 62 4
38 63 25
38 64 4
38 65 55
38 66 98
38 67 25
38 68 23
38 69 5
38 70 13
38 71 95
38 72 68
38 73 48
38 74 1
38 75 3
38 76 66
38 77 62
38 78 7
38 79 36
38 80 90
38 81 100
39 40 94
39 41 46
39 42 72
39 43 54
39 44 73
39 45 64
39 46 26
39 47 97
39 48 18
39 49 62
39 50 1
39 51 8
39 52 79
39 53 91
39 54 38
39 55 80
39 56 25
39 57 77
39 58 56
39 59 73
39 60 33
39 61 60
39 62 10
39 63 73
39 64 57
39 65 87
39 66 7
39 67 29
39 68 23
39 69 10
39 70 15
39 71 81
39 72 3
39 73 15
39 74 81
39 75 52
39 76 41
39 77 27
39 78 96
39 79 26
39 80 7
39 81 42
40 41 64
40 42 55
40 43 83
40 44 19
40 45 3
40 46 31
40 47 74
40 48 21
40 49 91
40 50 62
40 51 40
40 52 27
40 53 41
40 54 17
40 55 28
40 56 68
40 57 74
40 58 80
40 59 69
40 60 95
40 61 20
40 62 31
40 63 86
40 64 69
40 65 88
40 66 26
40 67 79
40 68 32
40 69 19
40 70 48
40 71 40
40 72 24
40 73 7
40 74 21
40 75 20
40 76 13
40 77 89
40 78 61
40 79 52
40 80 81
40 81 57
41 42 74
41 43 100
41 44 1
41 45 31
41 46 31
41 47 69
41 48 94
41 49 6
41 50 9
41 51 57
41 52 38
41 53 29
41 54 89
41 55 41
41 56 23
41 57 58
41 58 72
41 59 91
41 60 2
41 61 43
41 62 87
41 63 92
41 64 100
41 65 30
41 66 2
41 67 97
41 68 56
41 69 29
41 70 99
41 71 21
41 72 20
41 73 92
41 74 26
41 75 93
41 76 60
41 77 20
41 78 95
41 79 59
41 80 5
41 81 47
42 43 30
42 44 40
42 45 50
42 46 53
42 47 20
42 48 78
42 49 5
42 50 44
42 51 52
42 52 60
42 53 47
42 54 33
42 55 100
42 56 98
42 57 34
42 58 37
42 59 30
42 60 16
42 61 92
42 62 29
42 63 56
42 64 7
42 65 25
42 66 32
42 67 86
42 68 71
42 69 50
42 70 40
42 71 100
42 72 28
42 73 77
42 74 33
42 75 75
42 76 84
42 77 51
42 78 27
42 79 63
42 80 12
42 81 15
43 44 68
43 45 93
43 46 35
43 47 94
43 48 96
43 49 78
43 50 42
43 51 84
43 52 16
43 53 58
43 54 45
43 55 68
43 56 58
43 57 5
43 58 13
43 59 56
43 60 94
43 61 65
43 62 59
43 63 79
43 64 60
43 65 43
43 66 70
43 67 84
43 68 30
43 69 76
43 70 1
43 71 31
43 72 30
43 73 20
43 74 81
43 75 52
43 76 71
43 77 43
43 78 80
43 79 80
43 80 81
43 81 37
44 45 55
44 46 75
44 47 40
44 48 34
44 49 29
44 50 85
44 51 68
44 52 50
44 53 100
44 54 33
44 55 26
44 56 41
44 57 64
44 58 78
44 59 46
44 60 94
44 61 88
44 62 60
44 63 15
44 64 55
44 65 89
44 66 85
44 67 10
44 68 66
44 69 7
44 70 90
44 71 26
44 72 59
44 73 77
44 74 3
44 75 64
44 76 78
44 77 27
44 78 38
44 79 41
44 80 76
44 81 28
45 46 61
45 47 28
45 48 23
45 49 40
45 50 87
45 51 21
45 52 41
45 53 32
45 54 90
45 55 74
45 56 86
45 57 50
45 58 33
45 59 44
45 60 9
45 61 72
45 62 49
45 63 3
45 64 88
45 65 91
45 66 84
45 67 24
45 68 26
45 69 25
45 70 87
45 71 31
45 72 37
45 73 1
45 74 57
45 75 25
45 76 32
45 77 85
45 78 43
45 79 57
45 80 1
45 81 88
46 47 40
46 48 82
46 49 44
46 50 25
46 51 56
46 52 95
46 53 99
46 54 43
46 55 3
46 56 86
46 57 85
46 58 97
46 59 59
46 60 19
46 61 66
46 62 66
46 63 63
46 64 68
46 65 30
46 66 55
46 67 95
46 68 68
46 69 27
46 70 19
46 71 6
46 72 13
46 73 96
46 74 81
46 75 48
46 76 90
46 77 50
46 78 39
46 79 32
46 80 45
46 81 83
47 48 82
47 49 31
47 50 75
47 51 93
47 52 55
47 53 74
47 54 62
47 55 7
47 56 59
47 57 47
47 58 46
47 59 70
47 60 22
47 61 82
47 62 79
47 63 62
47 64 64
47 65 36
47 66 14
47 67 62
47 68 40
47 69 36
47 70 79
47 71 74
47 72 45
47 73 38
47 74 24
47 75 91
47 76 74
47 77 17
47 78 63
47 79 11
47 80 66
47 81 86
48 49 4
48 50 96
48 51 28
48 52 83
48 53 96
48 54 100
48 55 40
48 56 77
48 57 67
48 58 88
48 59 79
48 60 19
48 61 73
48 62 41
48 63 7
48 64 77
48 65 91
48 66 78
48 67 36
48 68 77
48 69 63
48 70 1
48 71 40
48 72 90
48 73 55
48 74 64
48 75 93
48 76 77
48 77 95
48 78 68
48 79 98
48 80 23
48 81 3
49 50 62
49 51 84
49 52 55
49 53 90
49 54 63
49 55 87
49 56 64
49 57 28
49 58 98
49 59 83
49 60 68
49 61 52
49 62 44
49 63 95
49 64 40
49 65 14
49 66 18
49 67 71
49 68 91
49 69 81
49 70 21
49 71 45
49 72 13
49 73 35
49 74 19
49 75 22
49 76 57
49 77 67
49 78 41
49 79 93
49 80 66
49 81 100
50 51 7
50 52 17
50 53 97
50 54 49
50 55 40
50 56 63
50 57 21
50 58 89
50 59 5
50 60 38
50 61 59
50 62 46
50 63 19
50 64 52
50 65 39
50 66 62
50 67 33
50 68 79
50 69 61
50 70 8
50 71 38
50 72 72
50 73 81
50 74 89
50 75 90
50 76 60
50 77 29
50 78 91
50 79 29
50 80 92
50 81 74
51 52 29
51 53 22
51 54 67
51 55 91
51 56 99
51 57 37
51 58 6
51 59 32
51 60 77
51 61 3
51 62 22
51 63 83
51 64 95
51 65 24
51 66 100
51 67 100
51 68 41
51 69 36
51 70 70
51 71 82
51 72 83
51 73 48
51 74 94
51 75 87
51 76 76
51 77 14
51 78 34
51 79 60
51 80 49
51 81 27
52 53 26
52 54 45
52 55 8
52 56 25
52 57 21
52 58 57
52 59 75
52 60 15
52 61 8
52 62 62
52 63 38
52 64 38
52 65 45
52 66 26
52 67 83
52 68 66
52 69 40
52 70 59
52 71 33
52 72 51
52 73 5
52 74 84
52 75 37
52 76 62
52 77 82
52 78 50
52 79 37
52 80 93
52 81 12
53 54 92
53 55 89
53 56 85
53 57 10
53 58 46
53 59 93
53 60 50
53 61 95
53 62 19
53 63 4
53 64 89
53 65 38
53 66 25
53 67 54
53 68 16
53 69 64
53 70 42
53 71 10
53 72 63
53 73 8
53 74 36
53 75 84
53 76 37
53 77 12
53 78 98
53 79 47
53 80 67
53 81 56
54 55 29
54 56 47
54 57 78
54 58 99
54 59 8
54 60 5
54 61 38
54 62 66
54 63 32
54 64 16
54 65 63
54 66 86
54 67 86
54 68 71
54 69 35
54 70 73
54 71 8
54 72 38
54 73 10
54 74 30
54 75 77
54 76 100
54 77 43
54 78 68
54 79 22
54 80 52
54 81 99
55 56 56
55 57 36
55 58 95
55 59 85
55 60 42
55 61 75
55 62 97
55 63 7
55 64 77
55 65 69
55 66 83
55 67 36
55 68 40
55 69 68
55 70 91
55 71 31
55 72 49
55 73 87
55 74 90
55 75 20
55 76 19
55 77 26
55 78 75
55 79 34
55 80 27
55 81 29
56 57 39
56 58 85
56 59 44
56 60 37
56 61 16
56 62 14
56 63 43
56 64 26
56 65 56
56 66 26
56 67 86
56 68 39
56 69 33
56 70 47
56 71 4
56 72 6
56 73 50
56 74 12
56 75 11
56 76 51
56 77 64
56 78 79
56 79 12
56 80 49
56 81 36
57 58 67
57 59 99
57 60 71
57 61 91
57 62 100
57 63 11
57 64 62
57 65 14
57 66 48
57 67 94
57 68 73
57 69 32
57 70 50
57 71 73
57 72 59
57 73 32
57 74 3
57 75 98
57 76 92
57 77 78
57 78 76
57 79 2
57 80 82
57 81 52
58 59 60
58 60 60
58 61 98
58 62 85
58 63 30
58 64 9
58 65 16
58 66 99
58 67 83
58 68 43
58 69 50
58 70 3
58 71 86
58 72 63
58 73 52
58 74 79
58 75 22
58 76 59
58 77 5
58 78 47
58 79 90
58 80 19
58 81 37
59 60 6
59 61 55
59 62 22
59 63 42
59 64 98
59 65 52
59 66 6
59 67 10
59 68 79
59 69 18
59 70 92
59 71 5
59 72 78
59 73 66
59 74 28
59 75 30
59 76 91
59 77 52
59 78 3
59 79 74
59 80 58
59 81 54
60 61 26
60 62 78
60 63 61
60 64 5
60 65 42
60 66 17
60 67 89
60 68 17
60 69 12
60 70 13
60 71 54
60 72 80
60 73 67
60 74 94
60 75 72
60 76 92
60 77 59
60 78 95
60 79 34
60 80 67
60 81 53
61 62 47
61 63 52
61 64 88
61 65 82
61 66 25
61 67 48
61 68 19
61 69 52
61 70 94
61 71 9
61 72 28
61 73 77
61 74 4
61 75 68
61 76 56
61 77 43
61 78 28
61 79 13
61 80 52
61 81 64
62 63 62
62 64 17
62 65 52
62 66 43
62 67 63
62 68 18
62 69 66
62 70 17
62 71 22
62 72 54
62 73 8
62 74 54
62 75 30
62 76 55
62 77 34
62 78 8
62 79 26
62 80 68
62 81 13
63 64 20
63 65 83
63 66 9
63 67 16
63 68 21
63 69 57
63 70 68
63 71 98
63 72 48
63 73 91
63 74 45
63 75 61
63 76 12
63 77 25
63 78 91
63 79 18
63 80 18
63 81 56
64 65 70
64 66 85
64 67 51
64 68 31
64 69 34
64 70 27
64 71 45
64 72 100
64 73 98
64 74 87
64 75 49
64 76 14
64 77 87
64 78 47
64 79 71
64 80 83
64 81 6
65 66 6
65 67 44
65 68 40
65 69 11
65 70 29
65 71 47
65 72 99
65 73 45
65 74 32
65 75 1
65 76 50
65 77 2
65 78 8
65 79 13
65 80 56
65 81 61
66 67 4
66 68 64
66 69 78
66 70 91
66 71 57
66 72 74
66 73 60
66 74 95
66 75 66
66 76 69
66 77 83
66 78 92
66 79 62
66 80 3
66 81 67
67 68 62
67 69 77
67 70 75
67 71 62
67 72 39
67 73 56
67 74 57
67 75 58
67 76 96
67 77 66
67 78 57
67 79 43
67 80 19
67 81 100
68 69 93
68 70 5
68 71 33
68 72 58
68 73 74
68 74 8
68 75 65
68 76 83
68 77 74
68 78 28
68 79 5
68 80 84
68 81 80
69 70 96
69 71 29
69 72 57
69 73 6
69 74 49
69 75 69
69 76 57
69 77 62
69 78 92
69 79 65
69 80 72
69 81 42
70 71 58
70 72 87
70 73 87
70 74 72
70 75 93
70 76 82
70 77 3
70 78 8
70 79 12
70 80 25
70 81 31
71 72 87
71 73 61
71 74 58
71 75 39
71 76 62
71 77 83
71 78 68
71 79 99
71 80 64
71 81 39
72 73 28
72 74 38
72 75 39
72 76 29
72 77 49
72 78 47
72 79 77
72 80 11
72 81 100
73 74 98
73 75 56
73 76 40
73 77 88
73 78 59
73 79 8
73 80 88
73 81 54
74 75 86
74 76 75
74 77 24
74 78 71
74 79 16
74 80 43
74 81 74
75 76 50
75 77 83
75 78 88
75 79 83
75 80 63
75 81 84
76 77 27
76 78 87
76 79 14
76 80 54
76 81 67
77 78 58
77 79 17
77 80 25
77 81 99
78 79 15
78 80 89
78 81 17
79 80 70
79 81 33
80 81 11
