36 630 35
1 2 44
1 3 94
1 4 48
1 5 64
1 6 37
1 7 80
1 8 88
1 9 94
1 10 88
1 11 61
1 12 47
1 13 77
1 14 11
1 15 46
1 16 30
1 17 88
1 18 51
1 19 74
1 20 16
1 21 7
1 22 2
1 23 45
1 24 33
1 25 45
1 26 99
1 27 88
1 28 66
1 29 26
1 30 10
1 31 79
1 32 22
1 33 23
1 34 53
1 35 23
1 36 65
2 3 41
2 4 34
2 5 65
2 6 34
2 7 10
2 8 46
2 9 48
2 10 51
2 11 22
2 12 95
2 13 72
2 14 68
2 15 41
2 16 57
2 17 53
2 18 71
2 19 6
2 20 14
2 21 58
2 22 66
2 23 44
2 24 86
2 25 13
2 26 10
2 27 42
2 28 15
2 29 93
2 30 27
2 31 25
2 32 43
2 33 91
2 34 66
2 35 44
2 36 18
3 4 95
3 5 85
3 6 45
3 7 22
3 8 82
3 9 30
3 10 54
3 11 69
3 12 9
3 13 17
3 14 47
3 15 93
3 16 7
3 17 20
3 18 77
3 19 28
3 20 69
3 21 57
3 22 71
3 23 36
3 24 1
3 25 90
3 26 62
3 27 8
3 28 13
3 29 59
3 30 49
3 31 30
3 32 61
3 33 31
3 34 66
3 35 76
3 36 92
4 5 86
4 6 43
4 7 49
4 8 9
4 9 67
4 10 3
4 11 71
4 12 9
4 13 12
4 14 24
4 15 23
4 16 92
4 17 36
4 18 42
4 19 5
4 20 71
4 21 99
4 22 26
4 23 65
4 24 19
4 25 27
4 26 12
4 27 76
4 28 73
4 29 17
4 30 79
4 31 71
4 32 75
4 33 21
4 34 90
4 35 10
4 36 50
5 6 88
5 7 9
5 8 57
5 9 22
5 10 49
5 11 23
5 12 44
5 13 18
5 14 58
5 15 51
5 16 58
5 17 63
5 18 72
5 19 50
5 20 36
5 21 2
5 22 66
5 23 38
5 24 52
5 25 48
5 26 28
5 27 55
5 28 31
5 29 26
5 30 25
5 31 48
5 32 34
5 33 45
5 34 43
5 35 90
5 36 8
6 7 56
6 8 36
6 9 48
6 10 36
6 11 18
6 12 53
6 13 17
6 14 26
6 15 38
6 16 33
6 17 29
6 18 26
6 19 19
6 20 21
6 21 43
6 22 3
6 23 55
6 24 85
6 25 43
6 26 32
6 27 16
6 28 98
6 29 30
6 30 14
6 31 9
6 32 16
6 33 83
6 34 72
6 35 3
6 36 7
7 8 100
7 9 26
7 10 56
7 11 77
7 12 36
7 13 88
7 14 6
7 15 69
7 16 25
7 17 12
7 18 98
7 19 8
7 20 41
7 21 80
7 22 82
7 23 75
7 24 28
7 25 98
7 26 24
7 27 32
7 28 75
7 29 93
7 30 39
7 31 89
7 32 59
7 33 35
7 34 77
7 35 77
7 36 90
8 9 32
8 10 19
8 11 92
8 12 3
8 13 7
8 14 8
8 15 61
8 16 83
8 17 9
8 18 48
8 19 39
8 20 35
8 21 60
8 22 2
8 23 48
8 24 86
8 25 82
8 26 60
8 27 19
8 28 20
8 29 27
8 30 47
8 31 52
8 32 67
8 33 77
8 34 23
8 35 91
8 36 30
9 10 85
9 11 13
9 12 68
9 13 69
9 14 76
9 15 95
9 16 5
9 17 23
9 18 17
9 19 87
9 20 50
9 21 93
9 22 76
9 23 65
9 24 46
9 25 12
9 26 9
9 27 80
9 28 26
9 29 61
9 30 5
9 31 89
9 32 20
9 33 50
9 34 20
9 35 63
9 36 72
10 11 54
10 12 36
10 13 80
10 14 61
10 15 24
10 16 61
10 17 23
10 18 70
10 19 50
10 20 15
10 21 83
10 22 37
10 23 18
10 24 38
10 25 8
10 26 43
10 27 46
10 28 36
10 29 78
10 30 77
10 31 62
10 32 81
10 33 80
10 34 14
10 35 50
10 36 56
11 12 79
11 13 90
11 14 33
11 15 6
11 16 55
11 17 100
11 18 29
11 19 82
11 20 30
11 21 37
11 22 40
11 23 85
11 24 58
11 25 43
11 26 17
11 27 55
11 28 35
11 29 47
11 30 48
11 31 11
11 32 71
11 33 7
11 34 91
11 35 64
11 36 51
12 13 23
12 14 78
12 15 81
12 16 58
12 17 3
12 18 15
12 19 35
12 20 28
12 21 69
12 22 22
12 23 7
12 24 8
12 25 58
12 26 22
12 27 33
12 28 66
12 29 83
12 30 44
12 31 10
12 32 10
12 33 51
12 34 98
12 35 28
12 36 53
13 14 88
13 15 17
13 16 71
13 17 20
13 18 18
13 19 27
13 20 27
13 21 47
13 22 93
13 23 90
13 24 58
13 25 11
13 26 24
13 27 21
13 28 9
13 29 100
13 30 9
13 31 30
13 32 44
13 33 24
13 34 24
13 35 50
13 36 80
14 15 72
14 16 28
14 17 31
14 18 76
14 19 94
14 20 64
14 21 48
14 22 74
14 23 2
14 24 79
14 25 16
14 26 92
14 27 39
14 28 25
14 29 85
14 30 91
14 31 69
14 32 6
14 33 72
14 34 4
14 35 71
14 36 47
15 16 64
15 17 92
15 18 39
15 19 24
15 20 12
15 21 98
15 22 76
15 23 19
15 24 85
15 25 35
15 26 69
15 27 12
15 28 44
15 29 16
15 30 68
15 31 88
15 32 63
15 33 45
15 34 54
15 35 95
15 36 32
16 17 1
16 18 62
16 19 54
16 20 23
16 21 45
16 22 37
16 23 55
16 24 58
16 25 12
16 26 23
16 27 10
16 28 23
16 29 44
16 30 26
16 31 20
16 32 70
16 33 16
16 34 46
16 35 71
16 36 30
17 18 68
17 19 10
17 20 46
17 21 71
17 22 59
17 23 17
17 24 34
17 25 92
17 26 64
17 27 56
17 28 45
17 29 72
17 30 65
17 31 71
17 32 88
17 33 6
17 34 66
17 35 80
17 36 51
18 19 33
18 20 46
18 21 46
18 22 78
18 23 68
18 24 77
18 25 39
18 26 16
18 27 39
18 28 37
18 29 18
18 30 35
18 31 5
18 32 91
18 33 35
18 34 7
18 35 56
18 36 48
19 20 23
19 21 85
19 22 38
19 23 1
19 24 59
19 25 51
19 26 84
19 27 4
19 28 81
19 29 55
19 30 28
19 31 46
19 32 71
19 33 54
19 34 80
19 35 83
19 36 80
20 21 60
20 22 49
20 23 71
20 24 38
20 25 5
20 26 86
20 27 23
20 28 33
20 29 58
20 30 83
20 31 83
20 32 70
20 33 47
20 34 50
20 35 84
20 36 97
21 22 92
21 23 62
21 24 9
21 25 8
21 26 48
21 27 99
21 28 27
21 29 18
21 30 71
21 31 40
21 32 2
21 33 13
21 34 87
21 35 7
21 36 28
22 23 67
22 24 56
22 25 29
22 26 86
22 27 92
22 28 63
22 29 27
22 30 67
22 31 60
22 32 80
22 33 38
22 34 39
22 35 83
22 36 68
23 24 54
23 25 31
23 26 93
23 27 35
23 28 64
23 29 60
23 30 15
23 31 20
23 32 4
23 33 77
23 34 43
23 35 45
23 36 95
24 25 91
24 26 41
24 27 45
24 28 36
24 29 84
24 30 63
24 31 20
24 32 53
24 33 63
24 34 70
24 35 46
24 36 4
25 26 19
25 27 47
25 28 20
25 29 53
25 30 61
25 31 64
25 32 71
25 33 41
25 34 41
25 35 53
25 36 69
26 27 32
26 28 39
26 29 74
26 30 24
26 31 21
26 32 81
26 33 68
26 34 68
26 35 44
26 36 24
27 28 31
27 29 2
27 30 95
27 31 85
27 32 4
27 33 8
27 34 4
27 35 27
27 36 9
28 29 79
28 30 27
28 31 47
28 32 83
28 33 74
28 34 28
28 35 69
28 36 39
29 30 97
29 31 84
29 32 60
29 33 49
29 34 54
29 35 66
29 36 10
30 31 88
30 32 5
30 33 50
30 34 26
30 35 6
30 36 70
31 32 33
31 33 73
31 34 28
31 35 22
31 36 56
32 33 84
32 34 60
32 35 91
32 36 73
33 34 1
33 35 69
33 36 6
34 35 85
34 36 89
35 36 97
