85 3570 84
1 2 58
1 3 5
1 4 88
1 5 63
1 6 94
1 7 52
1 8 43
1 9 77
1 10 63
1 11 62
1 12 54
1 13 13
1 14 4
1 15 1
1 16 96
1 17 73
1 18 85
1 19 52
1 20 1
1 21 93
1 22 18
1 23 34
1 24 14
1 25 25
1 26 74
1 27 92
1 28 60
1 29 24
1 30 59
1 31 92
1 32 71
1 33 61
1 34 4
1 35 35
1 36 57
1 37 21
1 38 10
1 39 12
1 40 74
1 41 26
1 42 61
1 43 29
1 44 7
1 45 84
1 46 58
1 47 30
1 48 70
1 49 36
1 50 24
1 51 55
1 52 39
1 53 98
1 54 3
1 55 9
1 56 12
1 57 8
1 58 99
1 59 4
1 60 18
1 61 55
1 62 84
1 63 20
1 64 87
1 65 19
1 66 60
1 67 24
1 68 43
1 69 27
1 70 38
1 71 74
1 72 45
1 73 25
1 74 73
1 75 35
1 76 7
1 77 24
1 78 43
1 79 6
1 80 77
1 81 78
1 82 52
1 83 4
1 84 59
1 85 67
2 3 53
2 4 11
2 5 83
2 6 23
2 7 1
2 8 24
2 9 42
2 10 41
2 11 28
2 12 8
2 13 58
2 14 1
2 15 10
2 16 67
2 17 59
2 18 17
2 19 29
2 20 66
2 21 64
2 22 99
2 23 42
2 24 63
2 25 24
2 26 44
2 27 30
2 28 89
2 29 73
2 30 10
2 31 73
2 32 100
2 33 33
2 34 51
2 35 16
2 36 62
2 37 38
2 38 91
2 39 8
2 40 29
2 41 18
2 42 38
2 43 86
2 44 32
2 45 78
2 46 65
2 47 69
2 48 27
2 49 81
2 50 81
2 51 94
2 52 21
2 53 49
2 54 30
2 55 28
2 56 19
2 57 10
2 58 44
2 59 36
2 60 19
2 61 86
2 62 59
2 63 74
2 64 73
2 65 31
2 66 94
2 67 89
2 68 87
2 69 3
2 70 15
2 71 26
2 72 69
2 73 48
2 74 18
2 75 17
2 76 56
2 77 40
2 78 15
2 79 94
2 80 76
2 81 38
2 82 75
2 83 78
2 84 82
2 85 98
3 4 70
3 5 54
3 6 10
3 7 72
3 8 62
3 9 84
3 10 51
3 11 2
3 12 12
3 13 6
3 14 78
3 15 77
3 16 33
3 17 13
3 18 85
3 19 33
3 20 38
3 21 39
3 22 68
3 23 80
3 24 39
3 25 81
3 26 39
3 27 34
3 28 96
3 29 8
3 30 40
3 31 28
3 32 44
3 33 15
3 34 91
3 35 35
3 36 51
3 37 99
3 38 44
3 39 47
3 40 80
3 41 18
3 42 75
3 43 27
3 44 74
3 45 75
3 46 42
3 47 51
3 48 87
3 49 56
3 50 83
3 51 100
3 52 84
3 53 70
3 54 30
3 55 83
3 56 48
3 57 6
3 58 61
3 59 17
3 60 19
3 61 94
3 62 90
3 63 95
3 64 72
3 65 5
3 66 47
3 67 59
3 68 49
3 69 36
3 70 37
3 71 63
3 72 11
3 73 28
3 74 57
3 75 62
3 76 40
3 77 100
3 78 56
3 79 23
3 80 72
3 81 28
3 82 74
3 83 96
3 84 92
3 85 32
4 5 75
4 6 72
4 7 69
4 8 16
4 9 98
4 10 73
4 11 56
4 12 66
4 13 69
4 14 51
4 15 96
4 16 34
4 17 68
4 18 6
4 19 53
4 20 24
4 21 81
4 22 9
4 23 94
4 24 7
4 25 85
4 26 63
4 27 56
4 28 97
4 29 65
4 30 34
4 31 29
4 32 29
4 33 94
4 34 89
4 35 89
4 36 73
4 37 86
4 38 53
4 39 91
4 40 5
4 41 4
4 42 27
4 43 95
4 44 89
4 45 48
4 46 62
4 47 86
4 48 43
4 49 5
4 50 62
4 51 95
4 52 87
4 53 55
4 54 72
4 55 29
4 56 49
4 57 43
4 58 75
4 59 29
4 60 6
4 61 34
4 62 97
4 63 10
4 64 39
4 65 31
4 66 24
4 67 99
4 68 39
4 69 83
4 70 2
4 71 97
4 72 72
4 73 86
4 74 81
4 75 71
4 76 44
4 77 43
4 78 82
4 79 20
4 80 37
4 81 94
4 82 37
4 83 31
4 84 68
4 85 69
5 6 5
5 7 49
5 8 46
5 9 21
5 10 79
5 11 80
5 12 78
5 13 11
5 14 15
5 15 19
5 16 44
5 17 72
5 18 39
5 19 19
5 20 80
5 21 6
5 22 40
5 23 64
5 24 72
5 25 54
5 26 95
5 27 27
5 28 41
5 29 66
5 30 15
5 31 100
5 32 51
5 33 88
5 34 68
5 35 30
5 36 95
5 37 73
5 38 9
5 39 84
5 40 38
5 41 30
5 42 25
5 43 27
5 44 63
5 45 50
5 46 52
5 47 50
5 48 100
5 49 10
5 50 70
5 51 55
5 52 90
5 53 18
5 54 66
5 55 40
5 56 14
5 57 66
5 58 83
5 59 77
5 60 97
5 61 100
5 62 49
5 63 92
5 64 59
5 65 62
5 66 39
5 67 55
5 68 78
5 69 47
5 70 31
5 71 83
5 72 40
5 73 85
5 74 41
5 75 71
5 76 73
5 77 16
5 78 47
5 79 5
5 80 47
5 81 92
5 82 95
5 83 41
5 84 65
5 85 31
6 7 27
6 8 24
6 9 79
6 10 10
6 11 73
6 12 27
6 13 76
6 14 70
6 15 54
6 16 81
6 17 33
6 18 84
6 19 69
6 20 27
6 21 54
6 22 40
6 23 41
6 24 12
6 25 8
6 26 64
6 27 93
6 28 12
6 29 84
6 30 28
6 31 25
6 32 39
6 33 78
6 34 76
6 35 30
6 36 55
6 37 33
6 38 77
6 39 18
6 40 100
6 41 1
6 42 41
6 43 17
6 44 24
6 45 26
6 46 67
6 47 17
6 48 87
6 49 38
6 50 75
6 51 5
6 52 94
6 53 5
6 54 12
6 55 26
6 56 18
6 57 51
6 58 69
6 59 94
6 60 41
6 61 37
6 62 70
6 63 54
6 64 37
6 65 18
6 66 22
6 67 86
6 68 12
6 69 26
6 70 40
6 71 55
6 72 89
6 73 47
6 74 64
6 75 73
6 76 91
6 77 68
6 78 79
6 79 69
6 80 24
6 81 10
6 82 34
6 83 27
6 84 4
6 85 100
7 8 28
7 9 88
7 10 70
7 11 12
7 12 44
7 13 96
7 14 69
7 15 71
7 16 4
7 17 68
7 18 39
7 19 65
7 20 23
7 21 68
7 22 6
7 23 5
7 24 18
7 25 35
7 26 13
7 27 50
7 28 93
7 29 66
7 30 17
7 31 44
7 32 12
7 33 67
7 34 81
7 35 76
7 36 87
7 37 47
7 38 23
7 39 77
7 40 18
7 41 84
7 42 45
7 43 21
7 44 57
7 45 56
7 46 41
7 47 17
7 48 82
7 49 52
7 50 23
7 51 57
7 52 78
7 53 17
7 54 61
7 55 45
7 56 2
7 57 90
7 58 74
7 59 35
7 60 85
7 61 55
7 62 4
7 63 33
7 64 50
7 65 99
7 66 17
7 67 23
7 68 79
7 69 2
7 70 56
7 71 96
7 72 25
7 73 33
7 74 28
7 75 41
7 76 72
7 77 65
7 78 27
7 79 90
7 80 40
7 81 96
7 82 87
7 83 40
7 84 42
7 85 90
8 9 63
8 10 51
8 11 86
8 12 92
8 13 97
8 14 90
8 15 1
8 16 42
8 17 97
8 18 39
8 19 54
8 20 64
8 21 41
8 22 93
8 23 63
8 24 57
8 25 89
8 26 37
8 27 47
8 28 5
8 29 50
8 30 29
8 31 65
8 32 19
8 33 43
8 34 93
8 35 91
8 36 81
8 37 65
8 38 84
8 39 7
8 40 13
8 41 64
8 42 51
8 43 22
8 44 49
8 45 71
8 46 90
8 47 75
8 48 24
8 49 100
8 50 22
8 51 61
8 52 34
8 53 66
8 54 30
8 55 13
8 56 44
8 57 77
8 58 76
8 59 95
8 60 45
8 61 20
8 62 39
8 63 11
8 64 19
8 65 50
8 66 75
8 67 76
8 68 88
8 69 43
8 70 81
8 71 41
8 72 42
8 73 71
8 74 58
8 75 59
8 76 43
8 77 94
8 78 70
8 79 73
8 80 24
8 81 85
8 82 88
8 83 10
8 84 47
8 85 86
9 10 82
9 11 3
9 12 54
9 13 28
9 14 34
9 15 43
9 16 6
9 17 14
9 18 77
9 19 89
9 20 71
9 21 22
9 22 20
9 23 65
9 24 86
9 25 81
9 26 64
9 27 93
9 28 43
9 29 97
9 30 91
9 31 67
9 32 25
9 33 93
9 34 73
9 35 1
9 36 51
9 37 4
9 38 50
9 39 23
9 40 73
9 41 4
9 42 4
9 43 72
9 44 45
9 45 86
9 46 79
9 47 13
9 48 43
9 49 95
9 50 95
9 51 56
9 52 83
9 53 53
9 54 58
9 55 74
9 56 78
9 57 90
9 58 55
9 59 48
9 60 16
9 61 47
9 62 79
9 63 47
9 64 37
9 65 74
9 66 14
9 67 78
9 68 50
9 69 46
9 70 40
9 71 84
9 72 28
9 73 45
9 74 97
9 75 9
9 76 10
9 77 97
9 78 16
9 79 63
9 80 47
9 81 12
9 82 21
9 83 62
9 84 4
9 85 56
10 11 12
10 12 68
10 13 48
10 14 62
10 15 39
10 16 77
10 17 51
10 18 33
10 19 91
10 20 20
10 21 84
10 22 35
10 23 77
10 24 37
10 25 72
10 26 89
10 27 24
10 28 45
10 29 88
10 30 46
10 31 7
10 32 59
10 33 5
10 34 94
10 35 59
10 36 95
10 37 44
10 38 68
10 39 11
10 40 25
10 41 56
10 42 43
10 43 44
10 44 65
10 45 91
10 46 54
10 47 33
10 48 87
10 49 35
10 50 57
10 51 34
10 52 97
10 53 93
10 54 9
10 55 24
10 56 71
10 57 32
10 58 7
10 59 10
10 60 9
10 61 50
10 62 89
10 63 58
10 64 56
10 65 28
10 66 82
10 67 77
10 68 95
10 69 63
10 70 66
10 71 58
10 72 50
10 73 77
10 74 54
10 75 76
10 76 71
10 77 53
10 78 74
10 79 80
10 80 36
10 81 37
10 82 77
10 83 69
10 84 16
10 85 64
11 12 39
11 13 96
11 14 88
11 15 50
11 16 16
11 17 52
11 18 57
11 19 32
11 20 27
11 21 100
11 22 23
11 23 10
11 24 95
11 25 94
11 26 80
11 27 76
11 28 45
11 29 17
11 30 50
11 31 77
11 32 3
11 33 33
11 34 23
11 35 75
11 36 70
11 37 51
11 38 3
11 39 9
11 40 28
11 41 70
11 42 30
11 43 7
11 44 13
11 45 5
11 46 71
11 47 59
11 48 19
11 49 30
11 50 27
11 51 6
11 52 95
11 53 63
11 54 98
11 55 54
11 56 23
11 57 36
11 58 81
11 59 57
11 60 81
11 61 10
11 62 59
11 63 81
11 64 94
11 65 87
11 66 58
11 67 47
11 68 8
11 69 1
11 70 67
11 71 85
11 72 17
11 73 2
11 74 100
11 75 16
11 76 2
11 77 72
11 78 6
11 79 91
11 80 9
11 81 81
11 82 59
11 83 91
11 84 96
11 85 81
12 13 36
12 14 20
12 15 24
12 16 87
12 17 22
12 18 70
12 19 47
12 20 5
12 21 84
12 22 92
12 23 44
12 24 42
12 25 22
12 26 70
12 27 76
12 28 66
12 29 93
12 30 3
12 31 26
12 32 48
12 33 12
12 34 6
12 35 22
12 36 28
12 37 78
12 38 96
12 39 68
12 40 72
12 41 85
12 42 95
12 43 85
12 44 39
12 45 30
12 46 82
12 47 19
12 48 74
12 49 79
12 50 45
12 51 15
12 52 70
12 53 83
12 54 9
12 55 48
12 56 67
12 57 13
12 58 34
12 59 30
12 60 5
12 61 8
12 62 36
12 63 13
12 64 12
12 65 67
12 66 21
12 67 58
12 68 48
12 69 27
12 70 25
12 71 83
12 72 18
12 73 86
12 74 80
12 75 15
12 76 6
12 77 51
12 78 61
12 79 29
12 80 11
12 81 34
12 82 78
12 83 71
12 84 3
12 85 2
13 14 32
13 15 86
13 16 100
13 17 21
13 18 42
13 19 62
13 20 64
13 21 66
13 22 40
13 23 59
13 24 100
13 25 100
13 26 77
13 27 76
13 28 66
13 29 73
13 30 21
13 31 69
13 32 68
13 33 33
13 34 28
13 35 22
13 36 17
13 37 10
13 38 34
13 39 99
13 40 19
13 41 16
13 42 14
13 43 79
13 44 17
13 45 62
13 46 85
13 47 69
13 48 88
13 49 76
13 50 30
13 51 34
13 52 36
13 53 68
13 54 91
13 55 100
13 56 75
13 57 85
13 58 12
13 59 3
13 60 31
13 61 83
13 62 69
13 63 2
13 64 89
13 65 3
13 66 94
13 67 97
13 68 97
13 69 90
13 70 35
13 71 96
13 72 46
13 73 38
13 74 60
13 75 31
13 76 21
13 77 75
13 78 38
13 79 61
13 80 27
13 81 98
13 82 74
13 83 62
13 84 25
13 85 13
14 15 56
14 16 72
14 17 79
14 18 26
14 19 45
14 20 94
14 21 98
14 22 89
14 23 6
14 24 57
14 25 62
14 26 16
14 27 42
14 28 9
14 29 34
14 30 1
14 31 92
14 32 59
14 33 16
14 34 91
14 35 58
14 36 56
14 37 38
14 38 79
14 39 33
14 40 97
14 41 85
14 42 87
14 43 52
14 44 79
14 45 78
14 46 3
14 47 47
14 48 67
14 49 59
14 50 65
14 51 18
14 52 4
14 53 95
14 54 98
14 55 20
14 56 20
14 57 14
14 58 44
14 59 23
14 60 55
14 61 32
14 62 76
14 63 23
14 64 70
14 65 65
14 66 66
14 67 60
14 68 14
14 69 3
14 70 21
14 71 26
14 72 44
14 73 5
14 74 72
14 75 89
14 76 88
14 77 21
14 78 7
14 79 72
14 80 9
14 81 48
14 82 16
14 83 30
14 84 38
14 85 5
15 16 93
15 17 99
15 18 47
15 19 28
15 20 37
15 21 94
15 22 23
15 23 4
15 24 18
15 25 64
15 26 88
15 27 99
15 28 63
15 29 57
15 30 12
15 31 62
15 32 5
15 33 1
15 34 8
15 35 79
15 36 75
15 37 95
15 38 32
15 39 51
15 40 41
15 41 31
15 42 51
15 43 79
15 44 13
15 45 52
15 46 86
15 47 76
15 48 43
15 49 4
15 50 46
15 51 8
15 52 27
15 53 28
15 54 29
15 55 86
15 56 100
15 57 70
15 58 82
15 59 35
15 60 73
15 61 5
15 62 65
15 63 81
15 64 3
15 65 70
15 66 42
15 67 94
15 68 46
15 69 57
15 70 21
15 71 82
15 72 89
15 73 4
15 74 36
15 75 11
15 76 83
15 77 52
15 78 36
15 79 71
15 80 67
15 81 38
15 82 80
15 83 19
15 84 75
15 85 28
16 17 5
16 18 35
16 19 38
16 20 65
16 21 95
16 22 92
16 23 15
16 24 25
16 25 43
16 26 69
16 27 11
16 28 84
16 29 42
16 30 21
16 31 22
16 32 8
16 33 86
16 34 58
16 35 82
16 36 85
16 37 62
16 38 94
16 39 42
16 40 17
16 41 43
16 42 9
16 43 73
16 44 79
16 45 82
16 46 84
16 47 1
16 48 40
16 49 62
16 50 63
16 51 99
16 52 9
16 53 71
16 54 20
16 55 14
16 56 96
16 57 10
16 58 15
16 59 6
16 60 21
16 61 79
16 62 78
16 63 94
16 64 53
16 65 6
16 66 16
16 67 31
16 68 51
16 69 3
16 70 37
16 71 58
16 72 72
16 73 92
16 74 50
16 75 16
16 76 71
16 77 18
16 78 69
16 79 91
16 80 45
16 81 87
16 82 37
16 83 84
16 84 11
16 85 8
17 18 19
17 19 70
17 20 39
17 21 67
17 22 31
17 23 84
17 24 20
17 25 58
17 26 98
17 27 38
17 28 38
17 29 5
17 30 91
17 31 47
17 32 62
17 33 64
17 34 72
17 35 82
17 36 14
17 37 11
17 38 38
17 39 76
17 40 33
17 41 2
17 42 40
17 43 23
17 44 85
17 45 39
17 46 97
17 47 98
17 48 48
17 49 51
17 50 41
17 51 77
17 52 80
17 53 87
17 54 3
17 55 67
17 56 86
17 57 27
17 58 29
17 59 19
17 60 82
17 61 46
17 62 11
17 63 18
17 64 72
17 65 6
17 66 44
17 67 64
17 68 12
17 69 20
17 70 76
17 71 33
17 72 36
17 73 56
17 74 66
17 75 59
17 76 29
17 77 4
17 78 17
17 79 37
17 80 36
17 81 41
17 82 75
17 83 30
17 84 78
17 85 81
18 19 99
18 20 78
18 21 31
18 22 49
18 23 65
18 24 66
18 25 55
18 26 4
18 27 56
18 28 18
18 29 64
18 30 66
18 31 28
18 32 40
18 33 44
18 34 56
18 35 78
18 36 94
18 37 41
18 38 53
18 39 15
18 40 49
18 41 7
18 42 43
18 43 16
18 44 63
18 45 59
18 46 94
18 47 3
18 48 97
18 49 99
18 50 85
18 51 91
18 52 47
18 53 15
18 54 8
18 55 13
18 56 26
18 57 83
18 58 88
18 59 15
18 60 75
18 61 45
18 62 2
18 63 88
18 64 65
18 65 44
18 66 3
18 67 42
18 68 97
18 69 21
18 70 52
18 71 95
18 72 59
18 73 33
18 74 71
18 75 39
18 76 71
18 77 66
18 78 33
18 79 3
18 80 6
18 81 71
18 82 81
18 83 22
18 84 81
18 85 29
19 20 97
19 21 78
19 22 96
19 23 65
19 24 52
19 25 23
19 26 40
19 27 84
19 28 66
19 29 28
19 30 93
19 31 79
19 32 52
19 33 65
19 34 17
19 35 89
19 36 74
19 37 3
19 38 68
19 39 48
19 40 31
19 41 83
19 42 63
19 43 87
19 44 95
19 45 70
19 46 35
19 47 75
19 48 43
19 49 26
19 50 25
19 51 85
19 52 46
19 53 82
19 54 41
19 55 65
19 56 81
19 57 89
19 58 64
19 59 18
19 60 13
19 61 93
19 62 9
19 63 18
19 64 26
19 65 60
19 66 96
19 67 9
19 68 54
19 69 31
19 70 24
19 71 23
19 72 62
19 73 19
19 74 67
19 75 49
19 76 12
19 77 92
19 78 63
19 79 64
19 80 15
19 81 33
19 82 12
19 83 40
19 84 34
19 85 19
20 21 99
20 22 27
20 23 86
20 24 60
20 25 75
20 26 83
20 27 69
20 28 87
20 29 90
20 30 87
20 31 78
20 32 80
20 33 11
20 34 49
20 35 39
20 36 88
20 37 32
20 38 99
20 39 81
20 40 14
20 41 10
20 42 32
20 43 10
20 44 18
20 45 69
20 46 99
20 47 90
20 48 64
20 49 82
20 50 67
20 51 16
20 52 25
20 53 57
20 54 36
20 55 98
20 56 95
20 57 54
20 58 88
20 59 86
20 60 45
20 61 33
20 62 93
20 63 8
20 64 62
20 65 61
20 66 49
20 67 37
20 68 18
20 69 36
20 70 79
20 71 56
20 72 42
20 73 75
20 74 66
20 75 38
20 76 2
20 77 57
20 78 39
20 79 30
20 80 90
20 81 59
20 82 20
20 83 93
20 84 67
20 85 58
21 22 2
21 23 9
21 24 46
21 25 17
21 26 44
21 27 3
21 28 92
21 29 74
21 30 47
21 31 69
21 32 80
21 33 52
21 34 25
21 35 12
21 36 36
21 37 96
21 38 68
21 39 40
21 40 22
21 41 65
21 42 95
21 43 26
21 44 90
21 45 46
21 46 66
21 47 3
21 48 36
21 49 60
21 50 65
21 51 93
21 52 69
21 53 40
21 54 24
21 55 53
21 56 72
21 57 65
21 58 87
21 59 15
21 60 29
21 61 88
21 62 47
21 63 38
21 64 29
21 65 19
21 66 10
21 67 75
21 68 13
21 69 60
21 70 7
21 71 59
21 72 89
21 73 81
21 74 25
21 75 13
21 76 9
21 77 1
21 78 37
21 79 47
21 80 70
21 81 66
21 82 6
21 83 60
21 84 85
21 85 5
22 23 87
22 24 58
22 25 39
22 26 89
22 27 74
22 28 23
22 29 24
22 30 53
22 31 71
22 32 77
22 33 35
22 34 61
22 35 37
22 36 78
22 37 3
22 38 53
22 39 17
22 40 76
22 41 91
22 42 53
22 43 53
22 44 96
22 45 74
22 46 75
22 47 60
22 48 83
22 49 40
22 50 59
22 51 12
22 52 55
22 53 34
22 54 5
22 55 81
22 56 81
22 57 23
22 58 8
22 59 86
22 60 68
22 61 43
22 62 30
22 63 9
22 64 2
22 65 50
22 66 59
22 67 88
22 68 76
22 69 36
22 70 82
22 71 92
22 72 22
22 73 46
22 74 16
22 75 62
22 76 53
22 77 87
22 78 57
22 79 33
22 80 70
22 81 19
22 82 90
22 83 1
22 84 80
22 85 39
23 24 65
23 25 66
23 26 31
23 27 26
23 28 56
23 29 78
23 30 79
23 31 27
23 32 25
23 33 27
23 34 67
23 35 100
23 36 7
23 37 28
23 38 75
23 39 66
23 40 61
23 41 66
23 42 76
23 43 47
23 44 28
23 45 58
23 46 68
23 47 41
23 48 69
23 49 46
23 50 3
23 51 65
23 52 64
23 53 54
23 54 83
23 55 16
23 56 6
23 57 74
23 58 88
23 59 28
23 60 49
23 61 94
23 62 99
23 63 1
23 64 31
23 65 22
23 66 82
23 67 82
23 68 65
23 69 92
23 70 75
23 71 94
23 72 27
23 73 84
23 74 85
23 75 1
23 76 53
23 77 31
23 78 48
23 79 12
23 80 95
23 81 75
23 82 89
23 83 93
23 84 5
23 85 3
24 25 36
24 26 86
24 27 36
24 28 15
24 29 25
24 30 99
24 31 55
24 32 99
24 33 58
24 34 83
24 35 98
24 36 50
24 37 68
24 38 16
24 39 70
24 40 84
24 41 35
24 42 96
24 43 3
24 44 81
24 45 11
24 46 74
24 47 58
24 48 100
24 49 1
24 50 75
24 51 73
24 52 73
24 53 14
24 54 47
24 55 68
24 56 27
24 57 63
24 58 78
24 59 76
24 60 18
24 61 59
24 62 35
24 63 96
24 64 42
24 65 11
24 66 43
24 67 77
24 68 47
24 69 53
24 70 1
24 71 21
24 72 12
24 73 56
24 74 79
24 75 93
24 76 78
24 77 45
24 78 1
24 79 75
24 80 16
24 81 33
24 82 98
24 83 50
24 84 73
24 85 94
25 26 9
25 27 87
25 28 38
25 29 24
25 30 71
25 31 46
25 32 26
25 33 60
25 34 98
25 35 27
25 36 23
25 37 27
25 38 10
25 39 12
25 40 48
25 41 75
25 42 93
25 43 58
25 44 47
25 45 20
25 46 88
25 47 8
25 48 38
25 49 43
25 50 86
25 51 72
25 52 97
25 53 26
25 54 53
25 55 8
25 56 8
25 57 49
25 58 75
25 59 17
25 60 47
25 61 26
25 62 94
25 63 47
25 64 63
25 65 8
25 66 82
25 67 40
25 68 59
25 69 14
25 70 62
25 71 52
25 72 11
25 73 87
25 74 65
25 75 53
25 76 80
25 77 30
25 78 45
25 79 54
25 80 18
25 81 29
25 82 50
25 83 35
25 84 76
25 85 32
26 27 35
26 28 97
26 29 75
26 30 47
26 31 44
26 32 8
26 33 68
26 34 76
26 35 100
26 36 64
26 37 45
26 38 68
26 39 11
26 40 23
26 41 8
26 42 49
26 43 64
26 44 56
26 45 22
26 46 3
26 47 26
26 48 59
26 49 87
26 50 8
26 51 95
26 52 40
26 53 3
26 54 72
26 55 48
26 56 31
26 57 72
26 58 20
26 59 26
26 60 10
26 61 12
26 62 22
26 63 13
26 64 100
26 65 41
26 66 83
26 67 92
26 68 37
26 69 50
26 70 45
26 71 15
26 72 82
26 73 77
26 74 89
26 75 3
26 76 71
26 77 76
26 78 100
26 79 57
26 80 49
26 81 92
26 82 84
26 83 34
26 84 89
26 85 30
27 28 84
27 29 32
27 30 22
27 31 96
27 32 75
27 33 72
27 34 35
27 35 76
27 36 47
27 37 26
27 38 49
27 39 72
27 40 56
27 41 96
27 42 89
27 43 49
27 44 77
27 45 29
27 46 80
27 47 97
27 48 15
27 49 8
27 50 49
27 51 46
27 52 74
27 53 24
27 54 53
27 55 34
27 56 28
27 57 74
27 58 78
27 59 92
27 60 65
27 61 92
27 62 73
27 63 92
27 64 87
27 65 97
27 66 31
27 67 41
27 68 22
27 69 23
27 70 96
27 71 85
27 72 32
27 73 13
27 74 52
27 75 34
27 76 31
27 77 73
27 78 13
27 79 25
27 80 69
27 81 94
27 82 78
27 83 80
27 84 32
27 85 84
28 29 24
28 30 93
28 31 81
28 32 35
28 33 37
28 34 78
28 35 21
28 36 25
28 37 64
28 38 24
28 39 23
28 40 64
28 41 88
28 42 71
28 43 8
28 44 62
28 45 20
28 46 68
28 47 15
28 48 33
28 49 92
28 50 52
28 51 90
28 52 89
28 53 15
28 54 75
28 55 12
28 56 99
28 57 58
28 58 10
28 59 91
28 60 64
28 61 22
28 62 47
28 63 4
28 64 74
28 65 47
28 66 96
28 67 35
28 68 7
28 69 2
28 70 74
28 71 14
28 72 29
28 73 53
28 74 28
28 75 18
28 76 2
28 77 82
28 78 25
28 79 59
28 80 62
28 81 57
28 82 87
28 83 60
28 84 71
28 85 25
29 30 82
29 31 52
29 32 99
29 33 58
29 34 51
29 35 18
29 36 67
29 37 16
29 38 92
29 39 6
29 40 71
29 41 77
29 42 2
29 43 59
29 44 87
29 45 78
29 46 20
29 47 81
29 48 72
29 49 64
29 50 81
29 51 63
29 52 66
29 53 9
29 54 95
29 55 17
29 56 42
29 57 65
29 58 63
29 59 90
29 60 73
29 61 47
29 62 49
29 63 21
29 64 92
29 65 57
29 66 13
29 67 62
29 68 90
29 69 66
29 70 74
29 71 23
29 72 66
29 73 56
29 74 38
29 75 94
29 76 31
29 77 77
29 78 69
29 79 5
29 80 38
29 81 69
29 82 15
29 83 13
29 84 85
29 85 34
30 31 64
30 32 10
30 33 27
30 34 43
30 35 7
30 36 88
30 37 24
30 38 96
30 39 7
30 40 60
30 41 57
30 42 35
30 43 51
30 44 35
30 45 89
30 46 7
30 47 97
30 48 55
30 49 51
30 50 36
30 51 26
30 52 74
30 53 75
30 54 31
30 55 75
30 56 9
30 57 86
30 58 31
30 59 9
30 60 70
30 61 19
30 62 94
30 63 25
30 64 51
30 65 44
30 66 75
30 67 6
30 68 19
30 69 54
30 70 91
30 71 64
30 72 99
30 73 17
30 74 41
30 75 99
30 76 91
30 77 98
30 78 23
30 79 56
30 80 77
30 81 41
30 82 27
30 83 5
30 84 93
30 85 71
31 32 51
31 33 7
31 34 81
31 35 28
31 36 84
31 37 2
31 38 5
31 39 96
31 40 28
31 41 18
31 42 3
31 43 85
31 44 35
31 45 18
31 46 96
31 47 53
31 48 47
31 49 37
31 50 67
31 51 74
31 52 42
31 53 97
31 54 12
31 55 33
31 56 95
31 57 97
31 58 42
31 59 86
31 60 69
31 61 71
31 62 83
31 63 57
31 64 19
31 65 7
31 66 28
31 67 55
31 68 79
31 69 72
31 70 48
31 71 91
31 72 66
31 73 81
31 74 8
31 75 54
31 76 57
31 77 79
31 78 53
31 79 24
31 80 3
31 81 55
31 82 13
31 83 80
31 84 81
31 85 41
32 33 35
32 34 80
32 35 97
32 36 20
32 37 30
32 38 94
32 39 18
32 40 66
32 41 32
32 42 89
32 43 23
32 44 20
32 45 50
32 46 49
32 47 5
32 48 98
32 49 36
32 50 91
32 51 77
32 52 4
32 53 30
32 54 59
32 55 38
32 56 47
32 57 37
32 58 22
32 59 68
32 60 44
32 61 23
32 62 12
32 63 39
32 64 28
32 65 100
32 66 48
32 67 61
32 68 24
32 69 14
32 70 88
32 71 93
32 72 76
32 73 31
32 74 18
32 75 72
32 76 10
32 77 28
32 78 98
32 79 53
32 80 96
32 81 9
32 82 36
32 83 51
32 84 63
32 85 82
33 34 80
33 35 89
33 36 75
33 37 88
33 38 31
33 39 90
33 40 34
33 41 53
33 42 58
33 43 20
33 44 20
33 45 82
33 46 65
33 47 87
33 48 72
33 49 63
33 50 53
33 51 82
33 52 27
33 53 91
33 54 59
33 55 1
33 56 96
33 57 60
33 58 6
33 59 4
33 60 86
33 61 93
33 62 82
33 63 8
33 64 68
33 65 2
33 66 57
33 67 7
33 68 3
33 69 81
33 70 83
33 71 70
33 72 78
33 73 78
33 74 81
33 75 89
33 76 87
33 77 19
33 78 12
33 79 20
33 80 16
33 81 88
33 82 100
33 83 64
33 84 15
33 85 12
34 35 20
34 36 59
34 37 81
34 38 26
34 39 62
34 40 31
34 41 56
34 42 86
34 43 54
34 44 13
34 45 36
34 46 70
34 47 90
34 48 83
34 49 28
34 50 98
34 51 52
34 52 30
34 53 25
34 54 79
34 55 14
34 56 65
34 57 62
34 58 3
34 59 67
34 60 89
34 61 79
34 62 24
34 63 60
34 64 36
34 65 2
34 66 53
34 67 74
34 68 59
34 69 20
34 70 64
34 71 90
34 72 18
34 73 22
34 74 72
34 75 24
34 76 96
34 77 15
34 78 55
34 79 60
34 80 75
34 81 26
34 82 29
34 83 60
34 84 29
34 85 22
35 36 6
35 37 32
35 38 71
35 39 26
35 40 39
35 41 85
35 42 16
35 43 50
35 44 47
35 45 67
35 46 40
35 47 51
35 48 37
35 49 72
35 50 51
35 51 70
35 52 56
35 53 32
35 54 18
35 55 42
35 56 56
35 57 17
35 58 1
35 59 63
35 60 10
35 61 93
35 62 17
35 63 93
35 64 95
35 65 91
35 66 80
35 67 39
35 68 75
35 69 73
35 70 87
35 71 83
35 72 59
35 73 48
35 74 86
35 75 40
35 76 58
35 77 14
35 78 25
35 79 79
35 80 16
35 81 67
35 82 47
35 83 46
35 84 23
35 85 37
36 37 52
36 38 63
36 39 22
36 40 3
36 41 3
36 42 62
36 43 79
36 44 51
36 45 38
36 46 45
36 47 9
36 48 7
36 49 20
36 50 72
36 51 28
36 52 72
36 53 5
36 54 6
36 55 76
36 56 23
36 57 70
36 58 72
36 59 87
36 60 58
36 61 23
36 62 88
36 63 15
36 64 69
36 65 91
36 66 67
36 67 59
36 68 30
36 69 4
36 70 57
36 71 69
36 72 74
36 73 54
36 74 35
36 75 90
36 76 49
36 77 31
36 78 62
36 79 66
36 80 59
36 81 1
36 82 1
36 83 14
36 84 56
36 85 87
37 38 87
37 39 45
37 40 34
37 41 4
37 42 74
37 43 59
37 44 63
37 45 25
37 46 26
37 47 29
37 48 36
37 49 54
37 50 62
37 51 99
37 52 68
37 53 61
37 54 53
37 55 86
37 56 29
37 57 61
37 58 34
37 59 56
37 60 100
37 61 72
37 62 84
37 63 25
37 64 59
37 65 63
37 66 86
37 67 64
37 68 69
37 69 85
37 70 92
37 71 33
37 72 39
37 73 24
37 74 31
37 75 2
37 76 60
37 77 57
37 78 19
37 79 65
37 80 25
37 81 67
37 82 97
37 83 65
37 84 87
37 85 74
38 39 40
38 40 28
38 41 42
38 42 28
38 43 40
38 44 43
38 45 92
38 46 24
38 47 2
38 48 100
38 49 98
38 50 48
38 51 27
38 52 94
38 53 1
38 54 9
38 55 33
38 56 37
38 57 8
38 58 98
38 59 4
38 60 87
38 61 79
38 62 52
38 63 85
38 64 63
38 65 71
38 66 83
38 67 57
38 68 87
38 69 62
38 70 55
38 71 59
38 72 89
38 73 16
38 74 40
38 75 36
38 76 84
38 77 32
38 78 64
38 79 5
38 80 47
38 81 74
38 82 24
38 83 2
38 84 91
38 85 89
39 40 20
39 41 88
39 42 46
39 43 55
39 44 32
39 45 69
39 46 65
39 47 43
39 48 57
39 49 81
39 50 26
39 51 89
39 52 16
39 53 62
39 54 85
39 55 69
39 56 24
39 57 46
39 58 56
39 59 41
39 60 71
39 61 19
39 62 50
39 63 5
39 64 79
39 65 13
39 66 42
39 67 85
39 68 52
39 69 62
39 70 54
39 71 28
39 72 99
39 73 18
39 74 22
39 75 44
39 76 32
39 77 11
39 78 42
39 79 26
39 80 66
39 81 30
39 82 57
39 83 61
39 84 6
39 85 12
40 41 56
40 42 78
40 43 61
40 44 30
40 45 5
40 46 61
40 47 61
40 48 89
40 49 61
40 50 71
40 51 58
40 52 1
40 53 81
40 54 49
40 55 83
40 56 38
40 57 65
40 58 27
40 59 5
40 60 39
40 61 60
40 62 5
40 63 46
40 64 99
40 65 97
40 66 10
40 67 68
40 68 24
40 69 42
40 70 27
40 71 20
40 72 17
40 73 49
40 74 10
40 75 61
40 76 24
40 77 68
40 78 6
40 79 28
40 80 56
40 81 30
40 82 9
40 83 9
40 84 39
40 85 25
41 42 40
41 43 97
41 44 81
41 45 71
41 46 58
41 47 26
41 48 9
41 49 6
41 50 63
41 51 76
41 52 24
41 53 65
41 54 46
41 55 35
41 56 65
41 57 34
41 58 87
41 59 26
41 60 86
41 61 35
41 62 89
41 63 77
41 64 13
41 65 62
41 66 39
41 67 52
41 68 95
41 69 77
41 70 16
41 71 100
41 72 19
41 73 33
41 74 21
41 75 42
41 76 15
41 77 79
41 78 49
41 79 91
41 80 85
41 81 98
41 82 87
41 83 37
41 84 37
41 85 50
42 43 47
42 44 52
42 45 40
42 46 92
42 47 99
42 48 45
42 49 56
42 50 38
42 51 6
42 52 19
42 53 55
42 54 86
42 55 91
42 56 59
42 57 34
42 58 15
42 59 6
42 60 17
42 61 30
42 62 70
42 63 49
42 64 14
42 65 69
42 66 47
42 67 97
42 68 45
42 69 51
42 70 84
42 71 11
42 72 75
42 73 91
42 74 55
42 75 67
42 76 60
42 77 23
42 78 11
42 79 14
42 80 84
42 81 74
42 82 82
42 83 41
42 84 48
42 85 5
43 44 77
43 45 24
43 46 54
43 47 53
43 48 37
43 49 56
43 50 36
43 51 85
43 52 20
43 53 48
43 54 1
43 55 49
43 56 17
43 57 89
43 58 43
43 59 82
43 60 28
43 61 67
43 62 77
43 63 64
43 64 4
43 65 54
43 66 46
43 67 42
43 68 87
43 69 31
43 70 71
43 71 63
43 72 71
43 73 86
43 74 36
43 75 2
43 76 97
43 77 14
43 78 22
43 79 13
43 80 48
43 81 31
43 82 72
43 83 6
43 84 73
43 85 1
44 45 57
44 46 15
44 47 41
44 48 87
44 49 53
44 50 77
44 51 73
44 52 40
44 53 96
44 54 60
44 55 35
44 56 82
44 57 99
44 58 9
44 59 33
44 60 12
44 61 34
44 62 61
44 63 17
44 64 75
44 65 73
44 66 59
44 67 70
44 68 84
44 69 73
44 70 74
44 71 66
44 72 28
44 73 51
44 74 22
44 75 77
44 76 39
44 77 26
44 78 45
44 79 54
44 80 11
44 81 18
44 82 82
44 83 20
44 84 10
44 85 94
45 46 9
45 47 47
45 48 39
45 49 91
45 50 9
45 51 79
45 52 95
45 53 87
45 54 82
45 55 39
45 56 42
45 57 39
45 58 14
45 59 53
45 60 4
45 61 31
45 62 44
45 63 40
45 64 82
45 65 11
45 66 59
45 67 97
45 68 64
45 69 10
45 70 38
45 71 1
45 72 52
45 73 18
45 74 47
45 75 43
45 76 80
45 77 55
45 78 54
45 79 28
45 80 34
45 81 64
45 82 34
45 83 73
45 84 99
45 85 75
46 47 84
46 48 83
46 49 35
46 50 45
46 51 88
46 52 86
46 53 39
46 54 48
46 55 50
46 56 63
46 57 18
46 58 50
46 59 46
46 60 34
46 61 90
46 62 42
46 63 61
46 64 24
46 65 71
46 66 91
46 67 7
46 68 47
46 69 42
46 70 5
46 71 78
46 72 74
46 73 32
46 74 5
46 75 62
46 76 26
46 77 68
46 78 22
46 79 43
46 80 78
46 81 86
46 82 77
46 83 69
46 84 29
46 85 75
47 48 53
47 49 47
47 50 16
47 51 53
47 52 58
47 53 76
47 54 38
47 55 42
47 56 22
47 57 15
47 58 16
47 59 57
47 60 3
47 61 25
47 62 48
47 63 2
47 64 94
47 65 28
47 66 10
47 67 96
47 68 70
47 69 44
47 70 50
47 71 2
47 72 83
47 73 24
47 74 86
47 75 77
47 76 63
47 77 48
47 78 85
47 79 70
47 80 22
47 81 6
47 82 94
47 83 77
47 84 69
47 85 46
48 49 88
48 50 54
48 51 32
48 52 53
48 53 34
48 54 91
48 55 35
48 56 76
48 57 48
48 58 63
48 59 57
48 60 69
48 61 3
48 62 59
48 63 63
48 64 10
48 65 35
48 66 40
48 67 69
48 68 33
48 69 73
48 70 49
48 71 5
48 72 13
48 73 59
48 74 68
48 75 67
48 76 49
48 77 66
48 78 52
48 79 67
48 80 63
48 81 94
48 82 37
48 83 87
48 84 41
48 85 53
49 50 5
49 51 7
49 52 47
49 53 73
49 54 63
49 55 4
49 56 1
49 57 4
49 58 66
49 59 1
49 60 57
49 61 2
49 62 6
49 63 93
49 64 35
49 65 52
49 66 31
49 67 37
49 68 34
49 69 63
49 70 49
49 71 91
49 72 3
49 73 62
49 74 3
49 75 28
49 76 10
49 77 67
49 78 30
49 79 83
49 80 99
49 81 93
49 82 78
49 83 52
49 84 32
49 85 60
50 51 9
50 52 44
50 53 97
50 54 63
50 55 73
50 56 83
50 57 28
50 58 70
50 59 20
50 60 95
50 61 48
50 62 66
50 63 97
50 64 47
50 65 17
50 66 93
50 67 70
50 68 28
50 69 58
50 70 34
50 71 63
50 72 68
50 73 63
50 74 86
50 75 99
50 76 78
50 77 84
50 78 21
50 79 44
50 80 22
50 81 51
50 82 71
50 83 54
50 84 75
50 85 40
51 52 100
51 53 15
51 54 77
51 55 48
51 56 68
51 57 86
51 58 15
51 59 42
51 60 23
51 61 51
51 62 19
51 63 79
51 64 82
51 65 2
51 66 23
51 67 35
51 68 70
51 69 74
51 70 95
51 71 72
51 72 10
51 73 41
51 74 29
51 75 93
51 76 75
51 77 85
51 78 99
51 79 69
51 80 10
51 81 41
51 82 12
51 83 99
51 84 14
51 85 25
52 53 77
52 54 17
52 55 25
52 56 81
52 57 8
52 58 64
52 59 56
52 60 83
52 61 45
52 62 27
52 63 53
52 64 45
52 65 88
52 66 93
52 67 64
52 68 63
52 69 58
52 70 68
52 71 63
52 72 87
52 73 73
52 74 60
52 75 18
52 76 41
52 77 81
52 78 15
52 79 60
52 80 4
52 81 4
52 82 52
52 83 13
52 84 28
52 85 68
53 54 36
53 55 45
53 56 32
53 57 75
53 58 79
53 59 97
53 60 11
53 61 27
53 62 93
53 63 81
53 64 22
53 65 91
53 66 7
53 67 32
53 68 86
53 69 39
53 70 9
53 71 75
53 72 69
53 73 80
53 74 87
53 75 9
53 76 69
53 77 14
53 78 52
53 79 18
53 80 48
53 81 2
53 82 65
53 83 13
53 84 27
53 85 26
54 55 11
54 56 73
54 57 1
54 58 55
54 59 21
54 60 65
54 61 81
54 62 95
54 63 97
54 64 1
54 65 56
54 66 49
54 67 8
54 68 89
54 69 30
54 70 19
54 71 77
54 72 51
54 73 86
54 74 15
54 75 97
54 76 84
54 77 3
54 78 73
54 79 3
54 80 62
54 81 75
54 82 40
54 83 21
54 84 80
54 85 78
55 56 99
55 57 41
55 58 49
55 59 36
55 60 3
55 61 27
55 62 64
55 63 47
55 64 25
55 65 64
55 66 24
55 67 41
55 68 37
55 69 62
55 70 87
55 71 16
55 72 100
55 73 7
55 74 3
55 75 93
55 76 94
55 77 76
55 78 84
55 79 68
55 80 78
55 81 75
55 82 75
55 83 76
55 84 23
55 85 45
56 57 62
56 58 57
56 59 58
56 60 80
56 61 18
56 62 84
56 63 60
56 64 72
56 65 91
56 66 50
56 67 35
56 68 10
56 69 87
56 70 14
56 71 26
56 72 59
56 73 48
56 74 59
56 75 26
56 76 19
56 77 54
56 78 16
56 79 90
56 80 70
56 81 4
56 82 53
56 83 31
56 84 93
56 85 96
57 58 88
57 59 38
57 60 90
57 61 14
57 62 50
57 63 42
57 64 9
57 65 78
57 66 68
57 67 69
57 68 62
57 69 68
57 70 79
57 71 28
57 72 85
57 73 93
57 74 71
57 75 74
57 76 52
57 77 85
57 78 76
57 79 78
57 80 4
57 81 22
57 82 70
57 83 37
57 84 57
57 85 63
58 59 45
58 60 67
58 61 38
58 62 83
58 63 72
58 64 50
58 65 39
58 66 96
58 67 16
58 68 56
58 69 83
58 70 32
58 71 92
58 72 40
58 73 26
58 74 30
58 75 97
58 76 75
58 77 12
58 78 61
58 79 82
58 80 49
58 81 57
58 82 65
58 83 41
58 84 74
58 85 6
59 60 63
59 61 55
59 62 29
59 63 24
59 64 73
59 65 4
59 66 73
59 67 85
59 68 92
59 69 52
59 70 93
59 71 90
59 72 4
59 73 59
59 74 7
59 75 2
59 76 24
59 77 68
59 78 44
59 79 8
59 80 40
59 81 99
59 82 27
59 83 21
59 84 60
59 85 67
60 61 56
60 62 12
60 63 67
60 64 81
60 65 19
60 66 15
60 67 3
60 68 28
60 69 24
60 70 53
60 71 81
60 72 51
60 73 21
60 74 54
60 75 26
60 76 27
60 77 42
60 78 85
60 79 41
60 80 66
60 81 86
60 82 87
60 83 97
60 84 83
60 85 45
61 62 92
61 63 21
61 64 18
61 65 41
61 66 47
61 67 74
61 68 20
61 69 63
61 70 86
61 71 28
61 72 54
61 73 43
61 74 26
61 75 19
61 76 37
61 77 10
61 78 25
61 79 67
61 80 30
61 81 76
61 82 46
61 83 91
61 84 40
61 85 50
62 63 64
62 64 70
62 65 12
62 66 27
62 67 51
62 68 65
62 69 65
62 70 82
62 71 22
62 72 40
62 73 39
62 74 11
62 75 66
62 76 77
62 77 70
62 78 39
62 79 22
62 80 51
62 81 54
62 82 95
62 83 83
62 84 50
62 85 91
63 64 74
63 65 24
63 66 82
63 67 65
63 68 7
63 69 28
63 70 20
63 71 34
63 72 67
63 73 100
63 74 22
63 75 36
63 76 93
63 77 94
63 78 12
63 79 78
63 80 85
63 81 55
63 82 34
63 83 71
63 84 17
63 85 69
64 65 25
64 66 28
64 67 60
64 68 17
64 69 21
64 70 14
64 71 83
64 72 50
64 73 22
64 74 61
64 75 66
64 76 59
64 77 33
64 78 61
64 79 25
64 80 7
64 81 11
64 82 82
64 83 75
64 84 93
64 85 54
65 66 92
65 67 55
65 68 24
65 69 1
65 70 81
65 71 53
65 72 92
65 73 70
65 74 14
65 75 78
65 76 100
65 77 96
65 78 42
65 79 81
65 80 85
65 81 49
65 82 19
65 83 8
65 84 65
65 85 26
66 67 72
66 68 43
66 69 50
66 70 77
66 71 77
66 72 100
66 73 29
66 74 17
66 75 67
66 76 25
66 77 43
66 78 57
66 79 97
66 80 42
66 81 61
66 82 74
66 83 68
66 84 8
66 85 67
67 68 55
67 69 40
67 70 97
67 71 5
67 72 100
67 73 66
67 74 26
67 75 55
67 76 30
67 77 15
67 78 31
67 79 94
67 80 30
67 81 62
67 82 85
67 83 25
67 84 75
67 85 58
68 69 91
68 70 65
68 71 58
68 72 53
68 73 41
68 74 39
68 75 13
68 76 71
68 77 11
68 78 92
68 79 56
68 80 89
68 81 54
68 82 71
68 83 66
68 84 87
68 85 88
69 70 16
69 71 36
69 72 19
69 73 59
69 74 11
69 75 45
69 76 95
69 77 8
69 78 44
69 79 62
69 80 1
69 81 60
69 82 42
69 83 37
69 84 94
69 85 9
70 71 11
70 72 73
70 73 29
70 74 77
70 75 26
70 76 93
70 77 89
70 78 63
70 79 96
70 80 63
70 81 22
70 82 45
70 83 22
70 84 31
70 85 86
71 72 54
71 73 75
71 74 80
71 75 45
71 76 79
71 77 38
71 78 58
71 79 83
71 80 28
71 81 84
71 82 35
71 83 77
71 84 7
71 85 98
72 73 2
72 74 24
72 75 47
72 76 15
72 77 57
72 78 60
72 79 65
72 80 98
72 81 85
72 82 38
72 83 88
72 84 95
72 85 80
73 74 43
73 75 29
73 76 73
73 77 73
73 78 13
73 79 13
73 80 98
73 81 100
73 82 16
73 83 42
73 84 1
73 85 35
74 75 73
74 76 86
74 77 80
74 78 19
74 79 98
74 80 58
74 81 64
74 82 6
74 83 75
74 84 10
74 85 53
75 76 31
75 77 40
75 78 76
75 79 33
75 80 85
75 81 6
75 82 89
75 83 41
75 84 4
75 85 68
76 77 16
76 78 73
76 79 94
76 80 100
76 81 62
76 82 93
76 83 78
76 84 82
76 85 52
77 78 40
77 79 100
77 80 58
77 81 51
77 82 82
77 83 71
77 84 55
77 85 94
78 79 4
78 80 60
78 81 59
78 82 55
78 83 84
78 84 48
78 85 87
79 80 31
79 81 3
79 82 59
79 83 25
79 84 34
79 85 98
80 81 14
80 82 89
80 83 66
80 84 56
80 85 85
81 82 99
81 83 69
81 84 46
81 85 48
82 83 40
82 84 46
82 85 47
83 84 83
83 85 37
84 85 57
