43 903 42
1 2 16
1 3 39
1 4 12
1 5 72
1 6 22
1 7 23
1 8 5
1 9 98
1 10 54
1 11 74
1 12 44
1 13 18
1 14 67
1 15 1
1 16 84
1 17 60
1 18 85
1 19 94
1 20 69
1 21 99
1 22 97
1 23 53
1 24 26
1 25 53
1 26 82
1 27 86
1 28 6
1 29 72
1 30 22
1 31 3
1 32 81
1 33 67
1 34 1
1 35 71
1 36 38
1 37 89
1 38 30
1 39 23
1 40 6
1 41 50
1 42 40
1 43 34
2 3 32
2 4 65
2 5 53
2 6 84
2 7 45
2 8 79
2 9 31
2 10 44
2 11 29
2 12 29
2 13 27
2 14 54
2 15 94
2 16 97
2 17 56
2 18 99
2 19 32
2 20 80
2 21 15
2 22 70
2 23 94
2 24 11
2 25 33
2 26 60
2 27 97
2 28 92
2 29 68
2 30 1
2 31 11
2 32 21
2 33 27
2 34 50
2 35 9
2 36 76
2 37 19
2 38 52
2 39 76
2 40 67
2 41 89
2 42 84
2 43 45
3 4 35
3 5 7
3 6 13
3 7 17
3 8 85
3 9 23
3 10 86
3 11 40
3 12 53
3 13 64
3 14 94
3 15 18
3 16 63
3 17 55
3 18 13
3 19 8
3 20 33
3 21 53
3 22 48
3 23 56
3 24 44
3 25 23
3 26 62
3 27 5
3 28 17
3 29 67
3 30 43
3 31 62
3 32 55
3 33 88
3 34 62
3 35 90
3 36 20
3 37 7
3 38 44
3 39 1
3 40 49
3 41 84
3 42 10
3 43 28
4 5 44
4 6 21
4 7 52
4 8 64
4 9 39
4 10 84
4 11 73
4 12 52
4 13 15
4 14 20
4 15 43
4 16 42
4 17 90
4 18 47
4 19 28
4 20 76
4 21 38
4 22 19
4 23 45
4 24 10
4 25 60
4 26 39
4 27 35
4 28 6
4 29 90
4 30 60
4 31 47
4 32 80
4 33 89
4 34 51
4 35 56
4 36 36
4 37 64
4 38 94
4 39 74
4 40 6
4 41 26
4 42 27
4 43 16
5 6 32
5 7 46
5 8 43
5 9 15
5 10 95
5 11 32
5 12 84
5 13 45
5 14 89
5 15 75
5 16 30
5 17 31
5 18 2
5 19 65
5 20 54
5 21 63
5 22 48
5 23 6
5 24 86
5 25 31
5 26 28
5 27 2
5 28 11
5 29 47
5 30 60
5 31 64
5 32 14
5 33 34
5 34 90
5 35 71
5 36 6
5 37 70
5 38 97
5 39 65
5 40 45
5 41 94
5 42 93
5 43 92
6 7 13
6 8 83
6 9 57
6 10 97
6 11 82
6 12 85
6 13 34
6 14 34
6 15 81
6 16 23
6 17 35
6 18 70
6 19 2
6 20 52
6 21 65
6 22 50
6 23 5
6 24 77
6 25 82
6 26 60
6 27 55
6 28 68
6 29 25
6 30 65
6 31 53
6 32 66
6 33 7
6 34 7
6 35 57
6 36 73
6 37 87
6 38 91
6 39 76
6 40 29
6 41 15
6 42 23
6 43 8
7 8 36
7 9 43
7 10 86
7 11 99
7 12 99
7 13 35
7 14 56
7 15 39
7 16 61
7 17 58
7 18 85
7 19 80
7 20 88
7 21 58
7 22 57
7 23 42
7 24 3
7 25 96
7 26 44
7 27 68
7 28 94
7 29 26
7 30 18
7 31 27
7 32 70
7 33 35
7 34 39
7 35 93
7 36 38
7 37 20
7 38 41
7 39 100
7 40 98
7 41 58
7 42 51
7 43 9
8 9 90
8 10 30
8 11 64
8 12 97
8 13 72
8 14 52
8 15 16
8 16 39
8 17 12
8 18 93
8 19 67
8 20 26
8 21 85
8 22 57
8 23 43
8 24 90
8 25 92
8 26 76
8 27 7
8 28 49
8 29 90
8 30 81
8 31 53
8 32 43
8 33 63
8 34 41
8 35 64
8 36 64
8 37 90
8 38 44
8 39 18
8 40 73
8 41 30
8 42 56
8 43 11
9 10 77
9 11 53
9 12 99
9 13 65
9 14 27
9 15 52
9 16 93
9 17 22
9 18 52
9 19 80
9 20 4
9 21 88
9 22 5
9 23 17
9 24 18
9 25 9
9 26 50
9 27 93
9 28 69
9 29 10
9 30 69
9 31 82
9 32 62
9 33 53
9 34 75
9 35 67
9 36 51
9 37 41
9 38 81
9 39 100
9 40 3
9 41 2
9 42 81
9 43 43
10 11 55
10 12 85
10 13 88
10 14 96
10 15 29
10 16 63
10 17 97
10 18 66
10 19 78
10 20 48
10 21 15
10 22 61
10 23 58
10 24 36
10 25 7
10 26 38
10 27 72
10 28 98
10 29 31
10 30 6
10 31 100
10 32 91
10 33 25
10 34 88
10 35 92
10 36 83
10 37 83
10 38 50
10 39 30
10 40 38
10 41 16
10 42 49
10 43 44
11 12 62
11 13 99
11 14 72
11 15 78
11 16 24
11 17 81
11 18 90
11 19 43
11 20 17
11 21 53
11 22 96
11 23 7
11 24 82
11 25 26
11 26 90
11 27 70
11 28 14
11 29 35
11 30 20
11 31 61
11 32 91
11 33 82
11 34 58
11 35 98
11 36 96
11 37 38
11 38 67
11 39 14
11 40 25
11 41 38
11 42 78
11 43 82
12 13 19
12 14 57
12 15 31
12 16 28
12 17 34
12 18 59
12 19 35
12 20 70
12 21 23
12 22 45
12 23 70
12 24 41
12 25 64
12 26 4
12 27 46
12 28 91
12 29 39
12 30 83
12 31 21
12 32 20
12 33 100
12 34 95
12 35 83
12 36 38
12 37 91
12 38 9
12 39 55
12 40 38
12 41 33
12 42 62
12 43 90
13 14 70
13 15 8
13 16 84
13 17 13
13 18 14
13 19 54
13 20 32
13 21 24
13 22 33
13 23 44
13 24 26
13 25 64
13 26 7
13 27 29
13 28 58
13 29 39
13 30 49
13 31 7
13 32 58
13 33 78
13 34 47
13 35 20
13 36 61
13 37 68
13 38 51
13 39 40
13 40 60
13 41 96
13 42 85
13 43 93
14 15 65
14 16 64
14 17 75
14 18 42
14 19 94
14 20 53
14 21 27
14 22 43
14 23 91
14 24 91
14 25 3
14 26 96
14 27 60
14 28 67
14 29 98
14 30 15
14 31 68
14 32 35
14 33 20
14 34 32
14 35 81
14 36 44
14 37 46
14 38 61
14 39 70
14 40 47
14 41 60
14 42 55
14 43 37
15 16 25
15 17 84
15 18 8
15 19 32
15 20 10
15 21 86
15 22 24
15 23 2
15 24 8
15 25 56
15 26 10
15 27 17
15 28 89
15 29 34
15 30 75
15 31 62
15 32 30
15 33 31
15 34 41
15 35 75
15 36 31
15 37 7
15 38 9
15 39 62
15 40 75
15 41 20
15 42 64
15 43 14
16 17 73
16 18 58
16 19 27
16 20 95
16 21 55
16 22 83
16 23 56
16 24 36
16 25 11
16 26 50
16 27 69
16 28 27
16 29 81
16 30 25
16 31 26
16 32 4
16 33 81
16 34 71
16 35 12
16 36 19
16 37 13
16 38 53
16 39 81
16 40 11
16 41 12
16 42 18
16 43 69
17 18 32
17 19 91
17 20 81
17 21 6
17 22 49
17 23 92
17 24 23
17 25 44
17 26 97
17 27 39
17 28 98
17 29 26
17 30 29
17 31 14
17 32 6
17 33 2
17 34 28
17 35 20
17 36 46
17 37 22
17 38 77
17 39 24
17 40 95
17 41 70
17 42 93
17 43 78
18 19 35
18 20 96
18 21 66
18 22 82
18 23 38
18 24 37
18 25 8
18 26 27
18 27 25
18 28 94
18 29 21
18 30 52
18 31 6
18 32 33
18 33 86
18 34 66
18 35 43
18 36 78
18 37 56
18 38 58
18 39 92
18 40 77
18 41 92
18 42 77
18 43 76
19 20 17
19 21 31
19 22 26
19 23 48
19 24 7
19 25 74
19 26 34
19 27 84
19 28 73
19 29 96
19 30 40
19 31 25
19 32 87
19 33 42
19 34 72
19 35 71
19 36 31
19 37 69
19 38 93
19 39 46
19 40 35
19 41 5
19 42 71
19 43 32
20 21 21
20 22 70
20 23 42
20 24 35
20 25 39
20 26 54
20 27 95
20 28 17
20 29 81
20 30 29
20 31 69
20 32 88
20 33 83
20 34 42
20 35 96
20 36 56
20 37 31
20 38 18
20 39 53
20 40 49
20 41 72
20 42 2
20 43 36
21 22 92
21 23 1
21 24 91
21 25 2
21 26 97
21 27 92
21 28 99
21 29 21
21 30 8
21 31 95
21 32 26
21 33 8
21 34 91
21 35 60
21 36 59
21 37 92
21 38 35
21 39 97
21 40 6
21 41 76
21 42 22
21 43 72
22 23 25
22 24 73
22 25 9
22 26 61
22 27 91
22 28 33
22 29 10
22 30 81
22 31 43
22 32 14
22 33 64
22 34 39
22 35 87
22 36 25
22 37 41
22 38 58
22 39 26
22 40 61
22 41 87
22 42 81
22 43 14
23 24 86
23 25 94
23 26 8
23 27 14
23 28 69
23 29 47
23 30 8
23 31 46
23 32 68
23 33 7
23 34 76
23 35 84
23 36 78
23 37 5
23 38 30
23 39 22
23 40 2
23 41 65
23 42 76
23 43 25
24 25 43
24 26 58
24 27 60
24 28 3
24 29 10
24 30 34
24 31 52
24 32 23
24 33 1
24 34 4
24 35 88
24 36 18
24 37 2
24 38 17
24 39 53
24 40 27
24 41 72
24 42 1
24 43 85
25 26 91
25 27 86
25 28 61
25 29 71
25 30 3
25 31 89
25 32 11
25 33 58
25 34 41
25 35 90
25 36 1
25 37 85
25 38 38
25 39 84
25 40 13
25 41 28
25 42 1
25 43 93
26 27 56
26 28 33
26 29 86
26 30 61
26 31 44
26 32 9
26 33 48
26 34 42
26 35 88
26 36 12
26 37 28
26 38 6
26 39 67
26 40 4
26 41 17
26 42 25
26 43 54
27 28 50
27 29 98
27 30 83
27 31 17
27 32 11
27 33 44
27 34 23
27 35 40
27 36 8
27 37 16
27 38 51
27 39 15
27 40 13
27 41 6
27 42 13
27 43 75
28 29 72
28 30 29
28 31 67
28 32 41
28 33 76
28 34 49
28 35 99
28 36 40
28 37 77
28 38 71
28 39 82
28 40 76
28 41 46
28 42 6
28 43 55
29 30 37
29 31 97
29 32 89
29 33 57
29 34 94
29 35 69
29 36 89
29 37 67
29 38 96
29 39 69
29 40 53
29 41 62
29 42 78
29 43 40
30 31 29
30 32 85
30 33 34
30 34 65
30 35 78
30 36 29
30 37 84
30 38 46
30 39 21
30 40 52
30 41 90
30 42 77
30 43 41
31 32 8
31 33 95
31 34 36
31 35 96
31 36 60
31 37 31
31 38 68
31 39 93
31 40 24
31 41 60
31 42 68
31 43 38
32 33 44
32 34 96
32 35 97
32 36 66
32 37 86
32 38 66
32 39 14
32 40 36
32 41 6
32 42 39
32 43 72
33 34 32
33 35 83
33 36 71
33 37 95
33 38 53
33 39 40
33 40 3
33 41 50
33 42 84
33 43 93
34 35 78
34 36 81
34 37 1
34 38 14
34 39 92
34 40 8
34 41 71
34 42 93
34 43 71
35 36 14
35 37 1
35 38 100
35 39 23
35 40 35
35 41 42
35 42 15
35 43 94
36 37 35
36 38 100
36 39 31
36 40 62
36 41 3
36 42 71
36 43 17
37 38 32
37 39 38
37 40 4
37 41 77
37 42 90
37 43 27
38 39 40
38 40 34
38 41 13
38 42 30
38 43 90
39 40 61
39 41 32
39 42 19
39 43 52
40 41 55
40 42 48
40 43 26
41 42 31
41 43 64
42 43 72
