47 1081 46
1 2 88
1 3 8
1 4 99
1 5 61
1 6 47
1 7 34
1 8 59
1 9 53
1 10 30
1 11 41
1 12 95
1 13 15
1 14 71
1 15 28
1 16 85
1 17 31
1 18 12
1 19 71
1 20 7
1 21 53
1 22 80
1 23 50
1 24 38
1 25 27
1 26 40
1 27 21
1 28 4
1 29 99
1 30 85
1 31 87
1 32 88
1 33 84
1 34 24
1 35 73
1 36 41
1 37 78
1 38 26
1 39 8
1 40 77
1 41 11
1 42 35
1 43 24
1 44 80
1 45 91
1 46 31
1 47 81
2 3 67
2 4 95
2 5 19
2 6 49
2 7 56
2 8 50
2 9 4
2 10 39
2 11 77
2 12 38
2 13 36
2 14 98
2 15 41
2 16 57
2 17 57
2 18 19
2 19 5
2 20 72
2 21 71
2 22 82
2 23 25
2 24 90
2 25 52
2 26 84
2 27 17
2 28 34
2 29 38
2 30 98
2 31 34
2 32 99
2 33 94
2 34 77
2 35 47
2 36 17
2 37 6
2 38 67
2 39 46
2 40 93
2 41 75
2 42 75
2 43 80
2 44 51
2 45 62
2 46 89
2 47 9
3 4 100
3 5 1
3 6 89
3 7 8
3 8 40
3 9 65
3 10 59
3 11 26
3 12 57
3 13 27
3 14 42
3 15 81
3 16 60
3 17 1
3 18 46
3 19 75
3 20 91
3 21 31
3 22 75
3 23 73
3 24 78
3 25 6
3 26 61
3 27 3
3 28 84
3 29 77
3 30 71
3 31 27
3 32 33
3 33 43
3 34 84
3 35 50
3 36 96
3 37 88
3 38 18
3 39 13
3 40 20
3 41 14
3 42 47
3 43 11
3 44 71
3 45 63
3 46 14
3 47 76
4 5 80
4 6 40
4 7 49
4 8 1
4 9 87
4 10 18
4 11 95
4 12 24
4 13 67
4 14 61
4 15 29
4 16 47
4 17 66
4 18 89
4 19 58
4 20 95
4 21 22
4 22 26
4 23 65
4 24 43
4 25 8
4 26 66
4 27 38
4 28 4
4 29 40
4 30 88
4 31 14
4 32 24
4 33 18
4 34 30
4 35 88
4 36 1
4 37 43
4 38 89
4 39 15
4 40 75
4 41 49
4 42 55
4 43 36
4 44 77
4 45 48
4 46 54
4 47 92
5 6 97
5 7 96
5 8 88
5 9 17
5 10 40
5 11 35
5 12 69
5 13 53
5 14 83
5 15 79
5 16 62
5 17 100
5 18 32
5 19 81
5 20 79
5 21 11
5 22 34
5 23 10
5 24 64
5 25 89
5 26 33
5 27 21
5 28 56
5 29 22
5 30 65
5 31 4
5 32 17
5 33 16
5 34 99
5 35 16
5 36 97
5 37 79
5 38 15
5 39 7
5 40 94
5 41 40
5 42 92
5 43 93
5 44 90
5 45 92
5 46 98
5 47 24
6 7 98
6 8 82
6 9 58
6 10 98
6 11 26
6 12 12
6 13 70
6 14 87
6 15 72
6 16 80
6 17 27
6 18 23
6 19 66
6 20 6
6 21 17
6 22 60
6 23 49
6 24 56
6 25 23
6 26 4
6 27 24
6 28 11
6 29 49
6 30 43
6 31 51
6 32 92
6 33 98
6 34 69
6 35 64
6 36 42
6 37 9
6 38 26
6 39 8
6 40 74
6 41 70
6 42 66
6 43 7
6 44 27
6 45 83
6 46 96
6 47 20
7 8 66
7 9 73
7 10 39
7 11 69
7 12 53
7 13 76
7 14 41
7 15 47
7 16 62
7 17 65
7 18 65
7 19 7
7 20 78
7 21 70
7 22 74
7 23 94
7 24 56
7 25 30
7 26 90
7 27 30
7 28 79
7 29 9
7 30 60
7 31 32
7 32 99
7 33 48
7 34 96
7 35 40
7 36 56
7 37 52
7 38 93
7 39 25
7 40 58
7 41 73
7 42 68
7 43 91
7 44 24
7 45 45
7 46 2
7 47 53
8 9 10
8 10 38
8 11 98
8 12 46
8 13 1
8 14 39
8 15 6
8 16 92
8 17 97
8 18 86
8 19 89
8 20 63
8 21 10
8 22 79
8 23 91
8 24 94
8 25 39
8 26 62
8 27 40
8 28 11
8 29 82
8 30 64
8 31 100
8 32 28
8 33 8
8 34 38
8 35 46
8 36 18
8 37 87
8 38 11
8 39 72
8 40 78
8 41 14
8 42 40
8 43 68
8 44 55
8 45 26
8 46 56
8 47 31
9 10 93
9 11 70
9 12 9
9 13 35
9 14 86
9 15 83
9 16 90
9 17 30
9 18 34
9 19 19
9 20 49
9 21 88
9 22 88
9 23 85
9 24 77
9 25 99
9 26 6
9 27 96
9 28 55
9 29 99
9 30 11
9 31 52
9 32 37
9 33 5
9 34 19
9 35 91
9 36 50
9 37 46
9 38 53
9 39 47
9 40 90
9 41 48
9 42 31
9 43 55
9 44 86
9 45 30
9 46 58
9 47 38
10 11 59
10 12 35
10 13 49
10 14 80
10 15 20
10 16 43
10 17 85
10 18 78
10 19 23
10 20 80
10 21 20
10 22 36
10 23 90
10 24 46
10 25 63
10 26 85
10 27 8
10 28 42
10 29 86
10 30 45
10 31 17
10 32 43
10 33 30
10 34 98
10 35 99
10 36 35
10 37 85
10 38 11
10 39 88
10 40 20
10 41 66
10 42 48
10 43 47
10 44 80
10 45 78
10 46 30
10 47 66
11 12 78
11 13 39
11 14 46
11 15 45
11 16 88
11 17 59
11 18 8
11 19 4
11 20 61
11 21 96
11 22 10
11 23 23
11 24 56
11 25 84
11 26 65
11 27 24
11 28 43
11 29 84
11 30 17
11 31 24
11 32 10
11 33 77
11 34 49
11 35 56
11 36 46
11 37 2
11 38 95
11 39 50
11 40 42
11 41 10
11 42 72
11 43 49
11 44 87
11 45 59
11 46 30
11 47 91
12 13 28
12 14 89
12 15 59
12 16 49
12 17 20
12 18 2
12 19 47
12 20 33
12 21 62
12 22 2
12 23 6
12 24 62
12 25 31
12 26 50
12 27 94
12 28 36
12 29 76
12 30 63
12 31 55
12 32 18
12 33 63
12 34 75
12 35 10
12 36 78
12 37 75
12 38 53
12 39 27
12 40 52
12 41 33
12 42 30
12 43 84
12 44 85
12 45 59
12 46 29
12 47 74
13 14 38
13 15 74
13 16 75
13 17 49
13 18 20
13 19 7
13 20 15
13 21 89
13 22 8
13 23 14
13 24 40
13 25 38
13 26 77
13 27 60
13 28 70
13 29 3
13 30 18
13 31 44
13 32 32
13 33 48
13 34 88
13 35 95
13 36 56
13 37 78
13 38 14
13 39 95
13 40 30
13 41 26
13 42 16
13 43 20
13 44 10
13 45 27
13 46 59
13 47 45
14 15 9
14 16 91
14 17 52
14 18 78
14 19 49
14 20 86
14 21 17
14 22 20
14 23 44
14 24 46
14 25 89
14 26 91
14 27 16
14 28 91
14 29 99
14 30 82
14 31 37
14 32 4
14 33 26
14 34 75
14 35 27
14 36 7
14 37 36
14 38 11
14 39 84
14 40 74
14 41 85
14 42 34
14 43 34
14 44 7
14 45 96
14 46 46
14 47 14
15 16 40
15 17 54
15 18 63
15 19 83
15 20 64
15 21 81
15 22 38
15 23 18
15 24 98
15 25 74
15 26 9
15 27 91
15 28 61
15 29 54
15 30 47
15 31 91
15 32 47
15 33 48
15 34 93
15 35 29
15 36 79
15 37 36
15 38 89
15 39 100
15 40 16
15 41 89
15 42 88
15 43 89
15 44 18
15 45 64
15 46 7
15 47 28
16 17 45
16 18 40
16 19 13
16 20 18
16 21 73
16 22 65
16 23 60
16 24 89
16 25 74
16 26 8
16 27 42
16 28 31
16 29 37
16 30 85
16 31 100
16 32 55
16 33 19
16 34 24
16 35 58
16 36 53
16 37 95
16 38 34
16 39 48
16 40 71
16 41 52
16 42 6
16 43 96
16 44 2
16 45 42
16 46 33
16 47 100
17 18 60
17 19 91
17 20 39
17 21 80
17 22 75
17 23 94
17 24 53
17 25 78
17 26 9
17 27 35
17 28 11
17 29 53
17 30 1
17 31 89
17 32 28
17 33 37
17 34 48
17 35 38
17 36 64
17 37 29
17 38 75
17 39 47
17 40 52
17 41 26
17 42 89
17 43 87
17 44 77
17 45 90
17 46 60
17 47 2
18 19 11
18 20 76
18 21 87
18 22 78
18 23 21
18 24 98
18 25 81
18 26 17
18 27 38
18 28 57
18 29 2
18 30 57
18 31 38
18 32 5
18 33 80
18 34 79
18 35 88
18 36 20
18 37 86
18 38 80
18 39 88
18 40 17
18 41 84
18 42 29
18 43 75
18 44 91
18 45 60
18 46 66
18 47 72
19 20 58
19 21 51
19 22 54
19 23 10
19 24 57
19 25 38
19 26 58
19 27 26
19 28 36
19 29 31
19 30 94
19 31 21
19 32 54
19 33 12
19 34 34
19 35 10
19 36 94
19 37 77
19 38 36
19 39 90
19 40 53
19 41 21
19 42 98
19 43 77
19 44 23
19 45 48
19 46 90
19 47 29
20 21 29
20 22 25
20 23 27
20 24 3
20 25 28
20 26 84
20 27 12
20 28 79
20 29 70
20 30 27
20 31 94
20 32 33
20 33 72
20 34 73
20 35 44
20 36 97
20 37 70
20 38 25
20 39 95
20 40 59
20 41 17
20 42 20
20 43 40
20 44 58
20 45 100
20 46 84
20 47 34
21 22 42
21 23 29
21 24 21
21 25 21
21 26 9
21 27 25
21 28 8
21 29 99
21 30 8
21 31 18
21 32 12
21 33 57
21 34 47
21 35 65
21 36 58
21 37 81
21 38 27
21 39 12
21 40 91
21 41 12
21 42 65
21 43 14
21 44 21
21 45 21
21 46 17
21 47 95
22 23 16
22 24 14
22 25 32
22 26 62
22 27 3
22 28 46
22 29 69
22 30 6
22 31 41
22 32 72
22 33 89
22 34 40
22 35 15
22 36 48
22 37 38
22 38 13
22 39 52
22 40 56
22 41 80
22 42 20
22 43 97
22 44 54
22 45 71
22 46 78
22 47 14
23 24 34
23 25 22
23 26 94
23 27 86
23 28 64
23 29 60
23 30 44
23 31 43
23 32 1
23 33 13
23 34 60
23 35 42
23 36 79
23 37 67
23 38 76
23 39 42
23 40 28
23 41 81
23 42 55
23 43 13
23 44 64
23 45 69
23 46 75
23 47 37
24 25 76
24 26 5
24 27 46
24 28 78
24 29 85
24 30 72
24 31 92
24 32 85
24 33 4
24 34 52
24 35 95
24 36 93
24 37 95
24 38 63
24 39 100
24 40 88
24 41 58
24 42 16
24 43 3
24 44 49
24 45 49
24 46 60
24 47 11
25 26 80
25 27 65
25 28 42
25 29 92
25 30 50
25 31 56
25 32 28
25 33 51
25 34 7
25 35 70
25 36 30
25 37 84
25 38 97
25 39 41
25 40 40
25 41 31
25 42 19
25 43 53
25 44 30
25 45 13
25 46 40
25 47 100
26 27 28
26 28 4
26 29 100
26 30 69
26 31 97
26 32 35
26 33 65
26 34 7
26 35 2
26 36 63
26 37 40
26 38 31
26 39 90
26 40 6
26 41 2
26 42 58
26 43 64
26 44 71
26 45 87
26 46 26
26 47 26
27 28 56
27 29 45
27 30 92
27 31 84
27 32 82
27 33 81
27 34 38
27 35 59
27 36 6
27 37 12
27 38 8
27 39 46
27 40 47
27 41 16
27 42 23
27 43 54
27 44 35
27 45 68
27 46 72
27 47 87
28 29 8
28 30 36
28 31 48
28 32 73
28 33 93
28 34 43
28 35 89
28 36 24
28 37 31
28 38 42
28 39 5
28 40 62
28 41 74
28 42 9
28 43 98
28 44 75
28 45 7
28 46 7
28 47 2
29 30 97
29 31 95
29 32 5
29 33 79
29 34 89
29 35 98
29 36 53
29 37 34
29 38 63
29 39 33
29 40 78
29 41 53
29 42 6
29 43 72
29 44 11
29 45 18
29 46 23
29 47 71
30 31 57
30 32 56
30 33 34
30 34 62
30 35 1
30 36 100
30 37 48
30 38 78
30 39 92
30 40 2
30 41 40
30 42 88
30 43 82
30 44 66
30 45 38
30 46 12
30 47 15
31 32 14
31 33 67
31 34 29
31 35 59
31 36 79
31 37 87
31 38 22
31 39 25
31 40 13
31 41 88
31 42 16
31 43 77
31 44 48
31 45 88
31 46 54
31 47 70
32 33 61
32 34 72
32 35 87
32 36 84
32 37 77
32 38 3
32 39 74
32 40 49
32 41 84
32 42 27
32 43 62
32 44 83
32 45 12
32 46 60
32 47 2
33 34 10
33 35 22
33 36 95
33 37 73
33 38 73
33 39 73
33 40 44
33 41 42
33 42 96
33 43 32
33 44 87
33 45 2
33 46 85
33 47 19
34 35 42
34 36 81
34 37 86
34 38 97
34 39 73
34 40 73
34 41 96
34 42 44
34 43 48
34 44 70
34 45 36
34 46 6
34 47 80
35 36 95
35 37 22
35 38 52
35 39 6
35 40 20
35 41 99
35 42 98
35 43 90
35 44 98
35 45 34
35 46 54
35 47 18
36 37 16
36 38 95
36 39 28
36 40 79
36 41 28
36 42 59
36 43 22
36 44 88
36 45 20
36 46 42
36 47 10
37 38 55
37 39 39
37 40 27
37 41 50
37 42 15
37 43 6
37 44 15
37 45 4
37 46 29
37 47 53
38 39 4
38 40 71
38 41 33
38 42 74
38 43 54
38 44 25
38 45 46
38 46 58
38 47 54
39 40 48
39 41 55
39 42 90
39 43 41
39 44 50
39 45 53
39 46 45
39 47 2
40 41 100
40 42 35
40 43 93
40 44 64
40 45 8
40 46 52
40 47 44
41 42 87
41 43 31
41 44 92
41 45 69
41 46 46
41 47 48
42 43 8
42 44 56
42 45 80
42 46 2
42 47 93
43 44 89
43 45 87
43 46 87
43 47 99
44 45 3
44 46 70
44 47 41
45 46 27
45 47 62
46 47 93
