95 4465 94
1 2 31
1 3 100
1 4 62
1 5 100
1 6 27
1 7 37
1 8 13
1 9 65
1 10 80
1 11 86
1 12 16
1 13 77
1 14 99
1 15 22
1 16 67
1 17 80
1 18 96
1 19 76
1 20 11
1 21 72
1 22 83
1 23 10
1 24 79
1 25 6
1 26 19
1 27 17
1 28 79
1 29 84
1 30 53
1 31 56
1 32 52
1 33 64
1 34 6
1 35 13
1 36 25
1 37 44
1 38 18
1 39 86
1 40 8
1 41 53
1 42 13
1 43 61
1 44 27
1 45 72
1 46 31
1 47 56
1 48 97
1 49 23
1 50 55
1 51 47
1 52 5
1 53 18
1 54 100
1 55 30
1 56 29
1 57 82
1 58 45
1 59 97
1 60 82
1 61 91
1 62 87
1 63 96
1 64 20
1 65 41
1 66 87
1 67 19
1 68 47
1 69 75
1 70 2
1 71 17
1 72 7
1 73 52
1 74 80
1 75 10
1 76 71
1 77 60
1 78 52
1 79 36
1 80 82
1 81 48
1 82 61
1 83 81
1 84 66
1 85 56
1 86 5
1 87 64
1 88 20
1 89 46
1 90 56
1 91 53
1 92 49
1 93 65
1 94 82
1 95 87
2 3 3
2 4 61
2 5 64
2 6 66
2 7 20
2 8 66
2 9 9
2 10 94
2 11 8
2 12 37
2 13 63
2 14 18
2 15 47
2 16 40
2 17 90
2 18 6
2 19 86
2 20 47
2 21 40
2 22 32
2 23 74
2 24 41
2 25 83
2 26 94
2 27 18
2 28 19
2 29 51
2 30 40
2 31 100
2 32 48
2 33 5
2 34 5
2 35 77
2 36 24
2 37 74
2 38 12
2 39 36
2 40 3
2 41 27
2 42 62
2 43 28
2 44 56
2 45 30
2 46 1
2 47 26
2 48 94
2 49 28
2 50 92
2 51 30
2 52 65
2 53 54
2 54 23
2 55 4
2 56 49
2 57 99
2 58 94
2 59 54
2 60 77
2 61 58
2 62 24
2 63 68
2 64 55
2 65 33
2 66 53
2 67 23
2 68 50
2 69 18
2 70 52
2 71 100
2 72 18
2 73 19
2 74 91
2 75 16
2 76 21
2 77 14
2 78 5
2 79 51
2 80 85
2 81 48
2 82 45
2 83 33
2 84 72
2 85 3
2 86 21
2 87 73
2 88 63
2 89 77
2 90 52
2 91 71
2 92 95
2 93 7
2 94 69
2 95 7
3 4 87
3 5 62
3 6 20
3 7 31
3 8 15
3 9 41
3 10 59
3 11 14
3 12 36
3 13 79
3 14 62
3 15 42
3 16 45
3 17 26
3 18 68
3 19 89
3 20 88
3 21 49
3 22 59
3 23 25
3 24 7
3 25 6
3 26 56
3 27 33
3 28 62
3 29 53
3 30 9
3 31 89
3 32 40
3 33 30
3 34 12
3 35 71
3 36 1
3 37 49
3 38 93
3 39 32
3 40 23
3 41 57
3 42 39
3 43 1
3 44 79
3 45 80
3 46 98
3 47 3
3 48 25
3 49 78
3 50 91
3 51 80
3 52 60
3 53 38
3 54 67
3 55 47
3 56 25
3 57 89
3 58 100
3 59 94
3 60 6
3 61 53
3 62 11
3 63 67
3 64 14
3 65 14
3 66 46
3 67 71
3 68 60
3 69 63
3 70 48
3 71 96
3 72 44
3 73 14
3 74 68
3 75 38
3 76 84
3 77 97
3 78 78
3 79 89
3 80 99
3 81 86
3 82 21
3 83 100
3 84 76
3 85 34
3 86 68
3 87 78
3 88 63
3 89 16
3 90 91
3 91 14
3 92 50
3 93 88
3 94 94
3 95 38
4 5 90
4 6 54
4 7 55
4 8 2
4 9 37
4 10 16
4 11 15
4 12 71
4 13 63
4 14 30
4 15 65
4 16 23
4 17 28
4 18 51
4 19 22
4 20 75
4 21 87
4 22 54
4 23 93
4 24 50
4 25 54
4 26 44
4 27 61
4 28 23
4 29 50
4 30 88
4 31 3
4 32 29
4 33 59
4 34 27
4 35 66
4 36 100
4 37 95
4 38 19
4 39 97
4 40 70
4 41 3
4 42 16
4 43 18
4 44 23
4 45 72
4 46 53
4 47 89
4 48 41
4 49 15
4 50 97
4 51 85
4 52 58
4 53 7
4 54 50
4 55 13
4 56 87
4 57 86
4 58 82
4 59 65
4 60 16
4 61 13
4 62 58
4 63 99
4 64 91
4 65 26
4 66 93
4 67 88
4 68 75
4 69 78
4 70 71
4 71 72
4 72 35
4 73 17
4 74 18
4 75 43
4 76 36
4 77 9
4 78 2
4 79 39
4 80 74
4 81 43
4 82 35
4 83 56
4 84 52
4 85 58
4 86 44
4 87 22
4 88 82
4 89 37
4 90 30
4 91 6
4 92 47
4 93 99
4 94 28
4 95 58
5 6 80
5 7 72
5 8 35
5 9 60
5 10 92
5 11 18
5 12 62
5 13 28
5 14 62
5 15 37
5 16 44
5 17 83
5 18 55
5 19 27
5 20 43
5 21 47
5 22 30
5 23 94
5 24 61
5 25 90
5 26 88
5 27 7
5 28 23
5 29 17
5 30 12
5 31 71
5 32 51
5 33 22
5 34 41
5 35 79
5 36 9
5 37 50
5 38 6
5 39 23
5 40 40
5 41 72
5 42 42
5 43 49
5 44 73
5 45 80
5 46 12
5 47 94
5 48 87
5 49 4
5 50 19
5 51 42
5 52 67
5 53 76
5 54 9
5 55 60
5 56 32
5 57 94
5 58 52
5 59 59
5 60 86
5 61 94
5 62 14
5 63 94
5 64 29
5 65 60
5 66 32
5 67 83
5 68 18
5 69 72
5 70 78
5 71 35
5 72 93
5 73 80
5 74 40
5 75 77
5 76 18
5 77 60
5 78 35
5 79 70
5 80 12
5 81 4
5 82 74
5 83 97
5 84 96
5 85 3
5 86 47
5 87 24
5 88 77
5 89 81
5 90 5
5 91 30
5 92 68
5 93 95
5 94 26
5 95 2
6 7 77
6 8 78
6 9 27
6 10 90
6 11 54
6 12 82
6 13 73
6 14 29
6 15 37
6 16 45
6 17 42
6 18 78
6 19 32
6 20 56
6 21 34
6 22 3
6 23 84
6 24 53
6 25 66
6 26 18
6 27 72
6 28 51
6 29 32
6 30 80
6 31 97
6 32 80
6 33 46
6 34 58
6 35 52
6 36 91
6 37 93
6 38 33
6 39 97
6 40 89
6 41 100
6 42 95
6 43 94
6 44 31
6 45 27
6 46 29
6 47 56
6 48 27
6 49 19
6 50 12
6 51 10
6 52 86
6 53 47
6 54 90
6 55 97
6 56 78
6 57 98
6 58 69
6 59 75
6 60 4
6 61 33
6 62 24
6 63 61
6 64 59
6 65 29
6 66 50
6 67 29
6 68 17
6 69 69
6 70 3
6 71 70
6 72 41
6 73 54
6 74 2
6 75 99
6 76 91
6 77 67
6 78 35
6 79 34
6 80 32
6 81 2
6 82 67
6 83 15
6 84 87
6 85 93
6 86 91
6 87 90
6 88 69
6 89 33
6 90 45
6 91 70
6 92 34
6 93 4
6 94 13
6 95 43
7 8 35
7 9 89
7 10 96
7 11 12
7 12 1
7 13 65
7 14 64
7 15 45
7 16 99
7 17 71
7 18 78
7 19 71
7 20 91
7 21 55
7 22 66
7 23 55
7 24 50
7 25 27
7 26 38
7 27 52
7 28 19
7 29 98
7 30 12
7 31 66
7 32 52
7 33 24
7 34 65
7 35 53
7 36 91
7 37 50
7 38 5
7 39 96
7 40 49
7 41 15
7 42 33
7 43 59
7 44 22
7 45 89
7 46 88
7 47 40
7 48 61
7 49 82
7 50 20
7 51 6
7 52 77
7 53 88
7 54 87
7 55 68
7 56 23
7 57 43
7 58 67
7 59 60
7 60 15
7 61 52
7 62 51
7 63 3
7 64 99
7 65 80
7 66 67
7 67 12
7 68 62
7 69 71
7 70 51
7 71 42
7 72 29
7 73 89
7 74 87
7 75 23
7 76 65
7 77 43
7 78 46
7 79 23
7 80 75
7 81 17
7 82 55
7 83 22
7 84 96
7 85 55
7 86 42
7 87 97
7 88 30
7 89 42
7 90 61
7 91 33
7 92 8
7 93 44
7 94 33
7 95 44
8 9 64
8 10 23
8 11 7
8 12 98
8 13 46
8 14 64
8 15 8
8 16 60
8 17 100
8 18 9
8 19 60
8 20 78
8 21 83
8 22 58
8 23 90
8 24 6
8 25 10
8 26 41
8 27 67
8 28 18
8 29 93
8 30 37
8 31 40
8 32 87
8 33 55
8 34 72
8 35 93
8 36 44
8 37 43
8 38 54
8 39 26
8 40 75
8 41 39
8 42 74
8 43 68
8 44 30
8 45 2
8 46 47
8 47 26
8 48 46
8 49 27
8 50 15
8 51 100
8 52 100
8 53 49
8 54 43
8 55 59
8 56 68
8 57 53
8 58 56
8 59 66
8 60 80
8 61 35
8 62 88
8 63 63
8 64 45
8 65 69
8 66 8
8 67 22
8 68 65
8 69 57
8 70 90
8 71 5
8 72 3
8 73 99
8 74 5
8 75 65
8 76 45
8 77 50
8 78 58
8 79 75
8 80 12
8 81 88
8 82 31
8 83 7
8 84 6
8 85 73
8 86 40
8 87 83
8 88 63
8 89 29
8 90 48
8 91 61
8 92 86
8 93 75
8 94 34
8 95 65
9 10 44
9 11 73
9 12 61
9 13 46
9 14 83
9 15 58
9 16 91
9 17 100
9 18 16
9 19 57
9 20 55
9 21 32
9 22 8
9 23 36
9 24 95
9 25 21
9 26 24
9 27 91
9 28 48
9 29 1
9 30 12
9 31 92
9 32 26
9 33 83
9 34 96
9 35 86
9 36 12
9 37 14
9 38 55
9 39 87
9 40 38
9 41 5
9 42 65
9 43 83
9 44 99
9 45 53
9 46 83
9 47 83
9 48 43
9 49 71
9 50 27
9 51 100
9 52 56
9 53 6
9 54 23
9 55 40
9 56 66
9 57 33
9 58 43
9 59 66
9 60 49
9 61 71
9 62 4
9 63 66
9 64 78
9 65 83
9 66 90
9 67 62
9 68 58
9 69 95
9 70 87
9 71 56
9 72 90
9 73 95
9 74 1
9 75 27
9 76 39
9 77 22
9 78 54
9 79 77
9 80 6
9 81 75
9 82 29
9 83 13
9 84 15
9 85 47
9 86 32
9 87 5
9 88 34
9 89 18
9 90 89
9 91 6
9 92 17
9 93 30
9 94 76
9 95 57
10 11 10
10 12 6
10 13 80
10 14 39
10 15 30
10 16 82
10 17 24
10 18 67
10 19 10
10 20 25
10 21 8
10 22 4
10 23 2
10 24 2
10 25 56
10 26 1
10 27 78
10 28 82
10 29 93
10 30 35
10 31 48
10 32 78
10 33 16
10 34 26
10 35 41
10 36 52
10 37 84
10 38 16
10 39 77
10 40 86
10 41 79
10 42 5
10 43 75
10 44 19
10 45 95
10 46 54
10 47 58
10 48 44
10 49 2
10 50 71
10 51 96
10 52 11
10 53 97
10 54 44
10 55 95
10 56 4
10 57 7
10 58 90
10 59 37
10 60 17
10 61 85
10 62 93
10 63 34
10 64 88
10 65 80
10 66 61
10 67 60
10 68 44
10 69 90
10 70 95
10 71 84
10 72 19
10 73 90
10 74 23
10 75 35
10 76 5
10 77 46
10 78 10
10 79 10
10 80 19
10 81 78
10 82 66
10 83 22
10 84 16
10 85 76
10 86 8
10 87 60
10 88 59
10 89 6
10 90 9
10 91 57
10 92 61
10 93 56
10 94 35
10 95 48
11 12 75
11 13 3
11 14 41
11 15 17
11 16 44
11 17 50
11 18 11
11 19 85
11 20 85
11 21 46
11 22 78
11 23 48
11 24 45
11 25 69
11 26 91
11 27 54
11 28 68
11 29 27
11 30 32
11 31 73
11 32 82
11 33 10
11 34 31
11 35 81
11 36 89
11 37 60
11 38 88
11 39 87
11 40 21
11 41 42
11 42 13
11 43 53
11 44 35
11 45 92
11 46 16
11 47 99
11 48 26
11 49 41
11 50 6
11 51 94
11 52 55
11 53 47
11 54 75
11 55 6
11 56 43
11 57 85
11 58 1
11 59 59
11 60 86
11 61 58
11 62 71
11 63 89
11 64 74
11 65 93
11 66 97
11 67 41
11 68 23
11 69 86
11 70 94
11 71 96
11 72 49
11 73 99
11 74 58
11 75 6
11 76 41
11 77 42
11 78 69
11 79 7
11 80 84
11 81 83
11 82 50
11 83 76
11 84 6
11 85 69
11 86 48
11 87 68
11 88 37
11 89 65
11 90 81
11 91 82
11 92 92
11 93 28
11 94 71
11 95 88
12 13 34
12 14 96
12 15 2
12 16 28
12 17 81
12 18 76
12 19 44
12 20 86
12 21 4
12 22 2
12 23 70
12 24 98
12 25 48
12 26 47
12 27 9
12 28 44
12 29 72
12 30 14
12 31 87
12 32 16
12 33 22
12 34 32
12 35 13
12 36 15
12 37 51
12 38 10
12 39 52
12 40 14
12 41 61
12 42 44
12 43 93
12 44 51
12 45 71
12 46 61
12 47 24
12 48 54
12 49 7
12 50 32
12 51 75
12 52 84
12 53 13
12 54 28
12 55 87
12 56 75
12 57 21
12 58 37
12 59 82
12 60 66
12 61 18
12 62 77
12 63 72
12 64 60
12 65 69
12 66 34
12 67 18
12 68 84
12 69 92
12 70 80
12 71 48
12 72 48
12 73 98
12 74 76
12 75 66
12 76 19
12 77 4
12 78 69
12 79 17
12 80 76
12 81 74
12 82 34
12 83 51
12 84 30
12 85 88
12 86 21
12 87 7
12 88 97
12 89 27
12 90 24
12 91 88
12 92 39
12 93 75
12 94 83
12 95 29
13 14 26
13 15 3
13 16 84
13 17 72
13 18 7
13 19 22
13 20 10
13 21 88
13 22 62
13 23 87
13 24 34
13 25 97
13 26 66
13 27 85
13 28 90
13 29 64
13 30 57
13 31 38
13 32 63
13 33 100
13 34 80
13 35 15
13 36 3
13 37 81
13 38 92
13 39 19
13 40 21
13 41 13
13 42 5
13 43 67
13 44 46
13 45 1
13 46 38
13 47 6
13 48 58
13 49 28
13 50 1
13 51 82
13 52 10
13 53 96
13 54 68
13 55 28
13 56 2
13 57 37
13 58 86
13 59 16
13 60 76
13 61 69
13 62 86
13 63 20
13 64 74
13 65 42
13 66 79
13 67 2
13 68 87
13 69 29
13 70 48
13 71 91
13 72 69
13 73 55
13 74 96
13 75 80
13 76 81
13 77 54
13 78 15
13 79 97
13 80 45
13 81 35
13 82 46
13 83 47
13 84 79
13 85 97
13 86 86
13 87 58
13 88 87
13 89 100
13 90 99
13 91 69
13 92 44
13 93 26
13 94 52
13 95 67
14 15 26
14 16 86
14 17 77
14 18 64
14 19 60
14 20 98
14 21 46
14 22 11
14 23 12
14 24 27
14 25 14
14 26 55
14 27 60
14 28 15
14 29 37
14 30 41
14 31 65
14 32 23
14 33 66
14 34 34
14 35 37
14 36 20
14 37 32
14 38 59
14 39 83
14 40 69
14 41 83
14 42 56
14 43 69
14 44 60
14 45 12
14 46 93
14 47 86
14 48 19
14 49 93
14 50 14
14 51 26
14 52 65
14 53 70
14 54 28
14 55 76
14 56 48
14 57 78
14 58 82
14 59 28
14 60 23
14 61 36
14 62 99
14 63 24
14 64 20
14 65 34
14 66 72
14 67 16
14 68 44
14 69 64
14 70 26
14 71 95
14 72 24
14 73 24
14 74 56
14 75 7
14 76 11
14 77 49
14 78 38
14 79 78
14 80 37
14 81 9
14 82 36
14 83 8
14 84 75
14 85 79
14 86 93
14 87 33
14 88 80
14 89 50
14 90 47
14 91 7
14 92 1
14 93 14
14 94 16
14 95 98
15 16 100
15 17 42
15 18 86
15 19 27
15 20 89
15 21 66
15 22 8
15 23 97
15 24 49
15 25 10
15 26 58
15 27 61
15 28 22
15 29 97
15 30 90
15 31 58
15 32 50
15 33 58
15 34 41
15 35 86
15 36 57
15 37 92
15 38 99
15 39 93
15 40 23
15 41 21
15 42 39
15 43 71
15 44 45
15 45 54
15 46 72
15 47 4
15 48 83
15 49 35
15 50 54
15 51 21
15 52 62
15 53 31
15 54 88
15 55 53
15 56 16
15 57 61
15 58 23
15 59 97
15 60 94
15 61 94
15 62 32
15 63 66
15 64 99
15 65 53
15 66 82
15 67 15
15 68 70
15 69 10
15 70 46
15 71 23
15 72 64
15 73 44
15 74 45
15 75 82
15 76 72
15 77 44
15 78 56
15 79 48
15 80 55
15 81 19
15 82 87
15 83 17
15 84 1
15 85 22
15 86 45
15 87 38
15 88 49
15 89 65
15 90 59
15 91 10
15 92 96
15 93 2
15 94 77
15 95 87
16 17 22
16 18 37
16 19 74
16 20 10
16 21 99
16 22 90
16 23 45
16 24 98
16 25 89
16 26 67
16 27 11
16 28 27
16 29 39
16 30 96
16 31 2
16 32 80
16 33 65
16 34 26
16 35 16
16 36 37
16 37 42
16 38 35
16 39 27
16 40 65
16 41 43
16 42 5
16 43 25
16 44 8
16 45 39
16 46 14
16 47 94
16 48 20
16 49 18
16 50 78
16 51 23
16 52 47
16 53 67
16 54 50
16 55 49
16 56 39
16 57 96
16 58 92
16 59 24
16 60 66
16 61 84
16 62 73
16 63 84
16 64 85
16 65 37
16 66 25
16 67 77
16 68 57
16 69 64
16 70 47
16 71 28
16 72 72
16 73 52
16 74 63
16 75 78
16 76 23
16 77 12
16 78 67
16 79 65
16 80 62
16 81 49
16 82 96
16 83 13
16 84 73
16 85 65
16 86 89
16 87 59
16 88 13
16 89 28
16 90 95
16 91 30
16 92 27
16 93 11
16 94 5
16 95 52
17 18 79
17 19 19
17 20 15
17 21 17
17 22 89
17 23 14
17 24 21
17 25 91
17 26 34
17 27 82
17 28 51
17 29 82
17 30 62
17 31 55
17 32 79
17 33 7
17 34 79
17 35 5
17 36 84
17 37 9
17 38 97
17 39 7
17 40 76
17 41 90
17 42 38
17 43 75
17 44 85
17 45 21
17 46 10
17 47 65
17 48 26
17 49 2
17 50 46
17 51 92
17 52 57
17 53 54
17 54 74
17 55 66
17 56 86
17 57 33
17 58 4
17 59 15
17 60 83
17 61 16
17 62 71
17 63 21
17 64 14
17 65 17
17 66 53
17 67 4
17 68 38
17 69 40
17 70 95
17 71 45
17 72 83
17 73 33
17 74 31
17 75 83
17 76 37
17 77 25
17 78 5
17 79 57
17 80 91
17 81 1
17 82 6
17 83 67
17 84 81
17 85 84
17 86 46
17 87 18
17 88 80
17 89 44
17 90 40
17 91 13
17 92 12
17 93 26
17 94 82
17 95 4
18 19 81
18 20 56
18 21 16
18 22 88
18 23 26
18 24 6
18 25 25
18 26 78
18 27 73
18 28 12
18 29 26
18 30 18
18 31 22
18 32 13
18 33 64
18 34 78
18 35 35
18 36 55
18 37 18
18 38 72
18 39 69
18 40 57
18 41 70
18 42 83
18 43 6
18 44 39
18 45 23
18 46 93
18 47 69
18 48 71
18 49 68
18 50 44
18 51 40
18 52 42
18 53 83
18 54 32
18 55 87
18 56 2
18 57 85
18 58 65
18 59 94
18 60 97
18 61 91
18 62 32
18 63 63
18 64 30
18 65 14
18 66 73
18 67 15
18 68 47
18 69 30
18 70 56
18 71 69
18 72 8
18 73 71
18 74 14
18 75 100
18 76 75
18 77 68
18 78 10
18 79 17
18 80 48
18 81 45
18 82 1
18 83 80
18 84 97
18 85 54
18 86 38
18 87 61
18 88 56
18 89 17
18 90 64
18 91 48
18 92 96
18 93 46
18 94 83
18 95 78
19 20 43
19 21 67
19 22 31
19 23 52
19 24 39
19 25 88
19 26 98
19 27 16
19 28 84
19 29 11
19 30 91
19 31 9
19 32 63
19 33 82
19 34 44
19 35 70
19 36 55
19 37 62
19 38 65
19 39 37
19 40 62
19 41 100
19 42 29
19 43 34
19 44 29
19 45 48
19 46 75
19 47 15
19 48 1
19 49 57
19 50 43
19 51 75
19 52 53
19 53 78
19 54 83
19 55 64
19 56 71
19 57 23
19 58 2
19 59 62
19 60 8
19 61 23
19 62 43
19 63 58
19 64 25
19 65 89
19 66 83
19 67 65
19 68 36
19 69 13
19 70 73
19 71 96
19 72 5
19 73 83
19 74 34
19 75 58
19 76 96
19 77 65
19 78 49
19 79 6
19 80 95
19 81 38
19 82 91
19 83 82
19 84 63
19 85 70
19 86 55
19 87 10
19 88 6
19 89 82
19 90 7
19 91 33
19 92 11
19 93 33
19 94 70
19 95 34
20 21 40
20 22 79
20 23 7
20 24 62
20 25 13
20 26 46
20 27 58
20 28 3
20 29 69
20 30 18
20 31 4
20 32 94
20 33 41
20 34 17
20 35 68
20 36 87
20 37 44
20 38 76
20 39 18
20 40 2
20 41 53
20 42 47
20 43 28
20 44 68
20 45 67
20 46 57
20 47 42
20 48 67
20 49 15
20 50 17
20 51 61
20 52 67
20 53 93
20 54 40
20 55 27
20 56 59
20 57 45
20 58 83
20 59 83
20 60 10
20 61 21
20 62 12
20 63 52
20 64 77
20 65 35
20 66 88
20 67 28
20 68 42
20 69 90
20 70 80
20 71 99
20 72 86
20 73 61
20 74 42
20 75 59
20 76 71
20 77 36
20 78 6
20 79 20
20 80 69
20 81 50
20 82 48
20 83 87
20 84 50
20 85 10
20 86 86
20 87 20
20 88 94
20 89 11
20 90 70
20 91 43
20 92 16
20 93 55
20 94 51
20 95 22
21 22 94
21 23 48
21 24 29
21 25 17
21 26 94
21 27 9
21 28 54
21 29 97
21 30 92
21 31 41
21 32 90
21 33 63
21 34 9
21 35 31
21 36 72
21 37 11
21 38 77
21 39 14
21 40 77
21 41 96
21 42 92
21 43 81
21 44 76
21 45 55
21 46 4
21 47 80
21 48 90
21 49 7
21 50 94
21 51 37
21 52 94
21 53 19
21 54 70
21 55 26
21 56 51
21 57 72
21 58 56
21 59 8
21 60 82
21 61 72
21 62 96
21 63 73
21 64 2
21 65 3
21 66 59
21 67 70
21 68 73
21 69 81
21 70 44
21 71 46
21 72 80
21 73 64
21 74 55
21 75 81
21 76 66
21 77 82
21 78 57
21 79 38
21 80 55
21 81 6
21 82 4
21 83 13
21 84 63
21 85 39
21 86 29
21 87 83
21 88 60
21 89 73
21 90 20
21 91 45
21 92 74
21 93 34
21 94 65
21 95 62
22 23 78
22 24 21
22 25 44
22 26 76
22 27 74
22 28 40
22 29 6
22 30 60
22 31 65
22 32 41
22 33 42
22 34 32
22 35 7
22 36 6
22 37 82
22 38 71
22 39 49
22 40 57
22 41 31
22 42 9
22 43 39
22 44 68
22 45 54
22 46 90
22 47 62
22 48 11
22 49 41
22 50 88
22 51 69
22 52 86
22 53 68
22 54 9
22 55 3
22 56 28
22 57 99
22 58 93
22 59 49
22 60 75
22 61 87
22 62 92
22 63 79
22 64 33
22 65 21
22 66 24
22 67 70
22 68 45
22 69 30
22 70 52
22 71 56
22 72 62
22 73 3
22 74 7
22 75 31
22 76 99
22 77 29
22 78 27
22 79 69
22 80 84
22 81 56
22 82 20
22 83 47
22 84 3
22 85 87
22 86 91
22 87 46
22 88 17
22 89 5
22 90 50
22 91 64
22 92 45
22 93 92
22 94 58
22 95 59
23 24 63
23 25 14
23 26 39
23 27 67
23 28 84
23 29 29
23 30 71
23 31 29
23 32 22
23 33 50
23 34 23
23 35 16
23 36 13
23 37 75
23 38 35
23 39 49
23 40 94
23 41 68
23 42 70
23 43 76
23 44 50
23 45 27
23 46 2
23 47 89
23 48 54
23 49 22
23 50 95
23 51 87
23 52 84
23 53 75
23 54 64
23 55 20
23 56 19
23 57 43
23 58 5
23 59 94
23 60 9
23 61 97
23 62 7
23 63 22
23 64 87
23 65 92
23 66 17
23 67 18
23 68 94
23 69 5
23 70 59
23 71 83
23 72 87
23 73 47
23 74 74
23 75 47
23 76 76
23 77 22
23 78 11
23 79 85
23 80 70
23 81 18
23 82 28
23 83 57
23 84 65
23 85 76
23 86 77
23 87 71
23 88 58
23 89 43
23 90 23
23 91 54
23 92 71
23 93 98
23 94 6
23 95 21
24 25 45
24 26 99
24 27 1
24 28 32
24 29 77
24 30 87
24 31 56
24 32 75
24 33 75
24 34 45
24 35 86
24 36 57
24 37 95
24 38 89
24 39 57
24 40 5
24 41 16
24 42 2
24 43 95
24 44 84
24 45 82
24 46 45
24 47 66
24 48 84
24 49 46
24 50 27
24 51 75
24 52 29
24 53 13
24 54 29
24 55 79
24 56 95
24 57 19
24 58 15
24 59 74
24 60 52
24 61 26
24 62 27
24 63 97
24 64 93
24 65 15
24 66 25
24 67 88
24 68 56
24 69 13
24 70 45
24 71 43
24 72 86
24 73 47
24 74 59
24 75 78
24 76 95
24 77 70
24 78 21
24 79 35
24 80 69
24 81 30
24 82 35
24 83 96
24 84 61
24 85 83
24 86 81
24 87 51
24 88 94
24 89 99
24 90 62
24 91 90
24 92 92
24 93 55
24 94 18
24 95 8
25 26 70
25 27 39
25 28 59
25 29 34
25 30 85
25 31 89
25 32 94
25 33 70
25 34 13
25 35 10
25 36 65
25 37 26
25 38 77
25 39 85
25 40 11
25 41 11
25 42 86
25 43 37
25 44 33
25 45 84
25 46 25
25 47 10
25 48 20
25 49 14
25 50 84
25 51 57
25 52 76
25 53 42
25 54 51
25 55 57
25 56 55
25 57 91
25 58 40
25 59 33
25 60 55
25 61 86
25 62 9
25 63 90
25 64 20
25 65 71
25 66 43
25 67 91
25 68 9
25 69 4
25 70 32
25 71 16
25 72 6
25 73 45
25 74 29
25 75 60
25 76 18
25 77 77
25 78 86
25 79 98
25 80 10
25 81 20
25 82 95
25 83 76
25 84 47
25 85 18
25 86 12
25 87 73
25 88 76
25 89 47
25 90 32
25 91 50
25 92 46
25 93 63
25 94 49
25 95 22
26 27 55
26 28 50
26 29 71
26 30 87
26 31 30
26 32 2
26 33 71
26 34 59
26 35 84
26 36 76
26 37 53
26 38 58
26 39 54
26 40 82
26 41 62
26 42 52
26 43 26
26 44 64
26 45 47
26 46 34
26 47 69
26 48 51
26 49 19
26 50 92
26 51 48
26 52 78
26 53 44
26 54 70
26 55 20
26 56 48
26 57 21
26 58 34
26 59 62
26 60 70
26 61 37
26 62 22
26 63 32
26 64 91
26 65 80
26 66 33
26 67 25
26 68 98
26 69 47
26 70 53
26 71 66
26 72 53
26 73 57
26 74 6
26 75 5
26 76 56
26 77 14
26 78 35
26 79 23
26 80 11
26 81 5
26 82 60
26 83 88
26 84 44
26 85 60
26 86 74
26 87 93
26 88 92
26 89 86
26 90 8
26 91 54
26 92 28
26 93 93
26 94 35
26 95 67
27 28 1
27 29 19
27 30 53
27 31 50
27 32 5
27 33 11
27 34 5
27 35 35
27 36 68
27 37 28
27 38 44
27 39 6
27 40 23
27 41 11
27 42 55
27 43 8
27 44 17
27 45 49
27 46 54
27 47 5
27 48 47
27 49 50
27 50 71
27 51 6
27 52 94
27 53 77
27 54 65
27 55 67
27 56 71
27 57 34
27 58 50
27 59 53
27 60 66
27 61 21
27 62 66
27 63 15
27 64 57
27 65 48
27 66 28
27 67 41
27 68 70
27 69 73
27 70 56
27 71 5
27 72 42
27 73 98
27 74 2
27 75 75
27 76 18
27 77 55
27 78 70
27 79 54
27 80 73
27 81 73
27 82 89
27 83 92
27 84 68
27 85 16
27 86 47
27 87 44
27 88 88
27 89 45
27 90 83
27 91 22
27 92 70
27 93 37
27 94 83
27 95 72
28 29 49
28 30 3
28 31 99
28 32 87
28 33 76
28 34 74
28 35 74
28 36 53
28 37 59
28 38 36
28 39 47
28 40 82
28 41 46
28 42 3
28 43 78
28 44 32
28 45 80
28 46 60
28 47 14
28 48 90
28 49 32
28 50 4
28 51 67
28 52 41
28 53 35
28 54 68
28 55 21
28 56 4
28 57 6
28 58 42
28 59 33
28 60 8
28 61 88
28 62 27
28 63 3
28 64 23
28 65 27
28 66 68
28 67 74
28 68 84
28 69 42
28 70 10
28 71 84
28 72 79
28 73 40
28 74 59
28 75 52
28 76 67
28 77 93
28 78 18
28 79 36
28 80 81
28 81 81
28 82 23
28 83 29
28 84 98
28 85 87
28 86 65
28 87 34
28 88 35
28 89 95
28 90 80
28 91 83
28 92 75
28 93 48
28 94 12
28 95 5
29 30 75
29 31 76
29 32 24
29 33 59
29 34 23
29 35 29
29 36 38
29 37 9
29 38 70
29 39 15
29 40 24
29 41 13
29 42 12
29 43 81
29 44 48
29 45 44
29 46 32
29 47 42
29 48 48
29 49 28
29 50 47
29 51 89
29 52 39
29 53 67
29 54 65
29 55 91
29 56 7
29 57 10
29 58 78
29 59 62
29 60 55
29 61 62
29 62 19
29 63 4
29 64 55
29 65 98
29 66 9
29 67 8
29 68 25
29 69 50
29 70 24
29 71 86
29 72 37
29 73 33
29 74 99
29 75 3
29 76 85
29 77 33
29 78 98
29 79 71
29 80 39
29 81 60
29 82 59
29 83 12
29 84 83
29 85 22
29 86 85
29 87 8
29 88 81
29 89 2
29 90 62
29 91 41
29 92 32
29 93 5
29 94 67
29 95 40
30 31 29
30 32 31
30 33 48
30 34 10
30 35 21
30 36 69
30 37 22
30 38 37
30 39 93
30 40 60
30 41 38
30 42 56
30 43 69
30 44 97
30 45 11
30 46 71
30 47 99
30 48 10
30 49 38
30 50 82
30 51 13
30 52 92
30 53 26
30 54 56
30 55 26
30 56 24
30 57 49
30 58 68
30 59 61
30 60 53
30 61 4
30 62 93
30 63 29
30 64 87
30 65 53
30 66 40
30 67 4
30 68 18
30 69 58
30 70 17
30 71 6
30 72 99
30 73 21
30 74 47
30 75 69
30 76 90
30 77 92
30 78 61
30 79 2
30 80 51
30 81 99
30 82 27
30 83 63
30 84 57
30 85 84
30 86 29
30 87 41
30 88 39
30 89 94
30 90 11
30 91 26
30 92 81
30 93 8
30 94 88
30 95 69
31 32 12
31 33 7
31 34 11
31 35 54
31 36 49
31 37 36
31 38 35
31 39 91
31 40 44
31 41 17
31 42 94
31 43 17
31 44 59
31 45 97
31 46 100
31 47 64
31 48 42
31 49 5
31 50 64
31 51 60
31 52 14
31 53 38
31 54 21
31 55 2
31 56 61
31 57 33
31 58 77
31 59 73
31 60 14
31 61 37
31 62 49
31 63 84
31 64 74
31 65 4
31 66 46
31 67 76
31 68 76
31 69 95
31 70 45
31 71 24
31 72 14
31 73 12
31 74 55
31 75 38
31 76 78
31 77 99
31 78 63
31 79 69
31 80 86
31 81 90
31 82 99
31 83 70
31 84 8
31 85 65
31 86 49
31 87 2
31 88 96
31 89 30
31 90 92
31 91 41
31 92 52
31 93 47
31 94 6
31 95 94
32 33 4
32 34 77
32 35 7
32 36 94
32 37 43
32 38 18
32 39 86
32 40 54
32 41 95
32 42 45
32 43 6
32 44 42
32 45 15
32 46 78
32 47 93
32 48 85
32 49 16
32 50 21
32 51 27
32 52 83
32 53 28
32 54 29
32 55 83
32 56 63
32 57 61
32 58 42
32 59 32
32 60 9
32 61 79
32 62 57
32 63 86
32 64 100
32 65 80
32 66 18
32 67 48
32 68 53
32 69 93
32 70 83
32 71 13
32 72 74
32 73 4
32 74 55
32 75 62
32 76 72
32 77 5
32 78 41
32 79 74
32 80 26
32 81 57
32 82 50
32 83 22
32 84 17
32 85 16
32 86 55
32 87 31
32 88 84
32 89 27
32 90 40
32 91 33
32 92 72
32 93 88
32 94 37
32 95 2
33 34 25
33 35 51
33 36 41
33 37 82
33 38 69
33 39 46
33 40 63
33 41 98
33 42 48
33 43 40
33 44 85
33 45 99
33 46 43
33 47 52
33 48 6
33 49 50
33 50 87
33 51 48
33 52 19
33 53 51
33 54 59
33 55 81
33 56 62
33 57 33
33 58 9
33 59 12
33 60 11
33 61 69
33 62 39
33 63 98
33 64 41
33 65 95
33 66 96
33 67 32
33 68 20
33 69 32
33 70 62
33 71 94
33 72 36
33 73 39
33 74 42
33 75 74
33 76 42
33 77 98
33 78 65
33 79 32
33 80 91
33 81 88
33 82 53
33 83 29
33 84 1
33 85 70
33 86 36
33 87 49
33 88 4
33 89 34
33 90 46
33 91 22
33 92 33
33 93 19
33 94 37
33 95 3
34 35 47
34 36 17
34 37 52
34 38 64
34 39 24
34 40 89
34 41 45
34 42 92
34 43 23
34 44 20
34 45 81
34 46 8
34 47 59
34 48 45
34 49 69
34 50 10
34 51 3
34 52 20
34 53 26
34 54 66
34 55 34
34 56 91
34 57 39
34 58 5
34 59 45
34 60 45
34 61 21
34 62 26
34 63 96
34 64 3
34 65 43
34 66 54
34 67 77
34 68 62
34 69 75
34 70 72
34 71 44
34 72 18
34 73 84
34 74 96
34 75 29
34 76 36
34 77 65
34 78 87
34 79 8
34 80 97
34 81 58
34 82 78
34 83 24
34 84 84
34 85 39
34 86 57
34 87 69
34 88 83
34 89 30
34 90 33
34 91 38
34 92 83
34 93 79
34 94 25
34 95 32
35 36 22
35 37 50
35 38 8
35 39 71
35 40 31
35 41 77
35 42 25
35 43 45
35 44 80
35 45 99
35 46 66
35 47 43
35 48 25
35 49 20
35 50 46
35 51 29
35 52 3
35 53 81
35 54 13
35 55 79
35 56 19
35 57 82
35 58 81
35 59 44
35 60 21
35 61 40
35 62 16
35 63 58
35 64 29
35 65 70
35 66 44
35 67 69
35 68 36
35 69 76
35 70 91
35 71 35
35 72 14
35 73 46
35 74 71
35 75 98
35 76 23
35 77 63
35 78 6
35 79 82
35 80 5
35 81 50
35 82 32
35 83 54
35 84 56
35 85 12
35 86 79
35 87 78
35 88 40
35 89 7
35 90 56
35 91 100
35 92 41
35 93 13
35 94 40
35 95 89
36 37 1
36 38 24
36 39 99
36 40 99
36 41 63
36 42 49
36 43 51
36 44 17
36 45 50
36 46 84
36 47 65
36 48 96
36 49 14
36 50 19
36 51 34
36 52 57
36 53 2
36 54 97
36 55 4
36 56 55
36 57 89
36 58 25
36 59 5
36 60 99
36 61 62
36 62 34
36 63 97
36 64 8
36 65 32
36 66 70
36 67 13
36 68 14
36 69 97
36 70 87
36 71 15
36 72 95
36 73 91
36 74 41
36 75 90
36 76 72
36 77 100
36 78 100
36 79 89
36 80 38
36 81 98
36 82 68
36 83 89
36 84 41
36 85 89
36 86 2
36 87 12
36 88 86
36 89 2
36 90 39
36 91 95
36 92 66
36 93 70
36 94 51
36 95 27
37 38 17
37 39 9
37 40 24
37 41 73
37 42 45
37 43 17
37 44 1
37 45 89
37 46 34
37 47 56
37 48 57
37 49 92
37 50 46
37 51 53
37 52 11
37 53 100
37 54 100
37 55 16
37 56 49
37 57 44
37 58 84
37 59 66
37 60 43
37 61 49
37 62 28
37 63 18
37 64 71
37 65 11
37 66 2
37 67 42
37 68 50
37 69 74
37 70 3
37 71 34
37 72 38
37 73 78
37 74 91
37 75 48
37 76 27
37 77 79
37 78 6
37 79 79
37 80 40
37 81 66
37 82 48
37 83 59
37 84 52
37 85 37
37 86 37
37 87 43
37 88 29
37 89 43
37 90 66
37 91 50
37 92 29
37 93 54
37 94 1
37 95 24
38 39 62
38 40 63
38 41 55
38 42 80
38 43 30
38 44 33
38 45 18
38 46 89
38 47 90
38 48 31
38 49 33
38 50 89
38 51 91
38 52 26
38 53 15
38 54 93
38 55 73
38 56 25
38 57 36
38 58 38
38 59 89
38 60 25
38 61 5
38 62 6
38 63 23
38 64 74
38 65 58
38 66 5
38 67 62
38 68 17
38 69 30
38 70 36
38 71 42
38 72 40
38 73 24
38 74 78
38 75 99
38 76 42
38 77 98
38 78 35
38 79 31
38 80 28
38 81 35
38 82 5
38 83 7
38 84 37
38 85 45
38 86 6
38 87 11
38 88 90
38 89 79
38 90 44
38 91 26
38 92 53
38 93 37
38 94 12
38 95 37
39 40 79
39 41 35
39 42 31
39 43 41
39 44 59
39 45 3
39 46 100
39 47 73
39 48 7
39 49 13
39 50 55
39 51 62
39 52 70
39 53 29
39 54 95
39 55 12
39 56 63
39 57 67
39 58 99
39 59 46
39 60 5
39 61 17
39 62 17
39 63 100
39 64 5
39 65 8
39 66 3
39 67 65
39 68 14
39 69 43
39 70 35
39 71 61
39 72 46
39 73 12
39 74 33
39 75 82
39 76 88
39 77 92
39 78 32
39 79 35
39 80 70
39 81 71
39 82 75
39 83 59
39 84 99
39 85 82
39 86 47
39 87 52
39 88 82
39 89 27
39 90 20
39 91 98
39 92 56
39 93 84
39 94 24
39 95 41
40 41 92
40 42 19
40 43 70
40 44 54
40 45 39
40 46 16
40 47 5
40 48 92
40 49 96
40 50 15
40 51 69
40 52 93
40 53 55
40 54 70
40 55 33
40 56 40
40 57 29
40 58 72
40 59 97
40 60 34
40 61 67
40 62 90
40 63 44
40 64 98
40 65 66
40 66 10
40 67 7
40 68 38
40 69 81
40 70 58
40 71 11
40 72 4
40 73 81
40 74 75
40 75 40
40 76 40
40 77 8
40 78 3
40 79 53
40 80 13
40 81 82
40 82 67
40 83 34
40 84 75
40 85 57
40 86 13
40 87 17
40 88 32
40 89 38
40 90 92
40 91 11
40 92 71
40 93 59
40 94 12
40 95 33
41 42 62
41 43 8
41 44 66
41 45 28
41 46 31
41 47 44
41 48 94
41 49 47
41 50 56
41 51 56
41 52 13
41 53 98
41 54 31
41 55 47
41 56 53
41 57 36
41 58 74
41 59 88
41 60 37
41 61 63
41 62 62
41 63 21
41 64 92
41 65 45
41 66 45
41 67 11
41 68 43
41 69 25
41 70 14
41 71 97
41 72 36
41 73 68
41 74 47
41 75 24
41 76 67
41 77 87
41 78 56
41 79 30
41 80 68
41 81 36
41 82 48
41 83 7
41 84 54
41 85 74
41 86 31
41 87 88
41 88 3
41 89 36
41 90 19
41 91 78
41 92 33
41 93 71
41 94 91
41 95 71
42 43 25
42 44 85
42 45 99
42 46 70
42 47 64
42 48 31
42 49 49
42 50 77
42 51 29
42 52 27
42 53 35
42 54 25
42 55 11
42 56 57
42 57 20
42 58 95
42 59 74
42 60 9
42 61 32
42 62 39
42 63 68
42 64 33
42 65 8
42 66 26
42 67 3
42 68 58
42 69 4
42 70 69
42 71 73
42 72 64
42 73 38
42 74 55
42 75 94
42 76 75
42 77 66
42 78 28
42 79 60
42 80 37
42 81 46
42 82 52
42 83 60
42 84 95
42 85 12
42 86 99
42 87 59
42 88 46
42 89 77
42 90 98
42 91 5
42 92 8
42 93 61
42 94 46
42 95 69
43 44 6
43 45 45
43 46 79
43 47 28
43 48 58
43 49 99
43 50 44
43 51 36
43 52 51
43 53 6
43 54 52
43 55 39
43 56 23
43 57 37
43 58 65
43 59 37
43 60 16
43 61 32
43 62 95
43 63 30
43 64 70
43 65 52
43 66 86
43 67 85
43 68 60
43 69 4
43 70 26
43 71 2
43 72 4
43 73 55
43 74 83
43 75 84
43 76 30
43 77 20
43 78 24
43 79 99
43 80 7
43 81 94
43 82 14
43 83 88
43 84 33
43 85 38
43 86 6
43 87 1
43 88 36
43 89 28
43 90 32
43 91 63
43 92 90
43 93 76
43 94 76
43 95 44
44 45 15
44 46 51
44 47 83
44 48 30
44 49 74
44 50 84
44 51 98
44 52 5
44 53 69
44 54 69
44 55 73
44 56 1
44 57 18
44 58 92
44 59 13
44 60 58
44 61 42
44 62 11
44 63 14
44 64 43
44 65 24
44 66 53
44 67 4
44 68 79
44 69 69
44 70 68
44 71 85
44 72 25
44 73 84
44 74 27
44 75 94
44 76 38
44 77 32
44 78 30
44 79 34
44 80 12
44 81 32
44 82 93
44 83 26
44 84 99
44 85 27
44 86 61
44 87 55
44 88 29
44 89 73
44 90 87
44 91 27
44 92 92
44 93 13
44 94 71
44 95 28
45 46 29
45 47 96
45 48 91
45 49 94
45 50 62
45 51 55
45 52 88
45 53 1
45 54 4
45 55 36
45 56 10
45 57 23
45 58 13
45 59 20
45 60 90
45 61 33
45 62 2
45 63 37
45 64 57
45 65 22
45 66 88
45 67 92
45 68 97
45 69 87
45 70 89
45 71 5
45 72 48
45 73 22
45 74 36
45 75 12
45 76 85
45 77 3
45 78 6
45 79 92
45 80 74
45 81 48
45 82 31
45 83 8
45 84 23
45 85 22
45 86 23
45 87 70
45 88 57
45 89 73
45 90 56
45 91 13
45 92 12
45 93 85
45 94 88
45 95 75
46 47 43
46 48 93
46 49 34
46 50 15
46 51 15
46 52 81
46 53 49
46 54 29
46 55 7
46 56 60
46 57 7
46 58 19
46 59 74
46 60 32
46 61 16
46 62 69
46 63 83
46 64 76
46 65 23
46 66 92
46 67 28
46 68 71
46 69 82
46 70 55
46 71 20
46 72 77
46 73 16
46 74 74
46 75 73
46 76 29
46 77 56
46 78 20
46 79 13
46 80 71
46 81 16
46 82 48
46 83 44
46 84 74
46 85 88
46 86 29
46 87 48
46 88 76
46 89 55
46 90 28
46 91 63
46 92 58
46 93 95
46 94 81
46 95 66
47 48 38
47 49 73
47 50 88
47 51 93
47 52 17
47 53 86
47 54 94
47 55 42
47 56 93
47 57 72
47 58 16
47 59 43
47 60 74
47 61 63
47 62 98
47 63 45
47 64 81
47 65 53
47 66 6
47 67 53
47 68 23
47 69 16
47 70 97
47 71 31
47 72 7
47 73 17
47 74 93
47 75 86
47 76 25
47 77 42
47 78 71
47 79 6
47 80 61
47 81 19
47 82 57
47 83 5
47 84 65
47 85 22
47 86 59
47 87 29
47 88 54
47 89 9
47 90 5
47 91 3
47 92 63
47 93 93
47 94 48
47 95 18
48 49 50
48 50 58
48 51 42
48 52 90
48 53 6
48 54 32
48 55 58
48 56 50
48 57 39
48 58 83
48 59 79
48 60 14
48 61 25
48 62 31
48 63 10
48 64 35
48 65 51
48 66 65
48 67 92
48 68 2
48 69 73
48 70 15
48 71 10
48 72 26
48 73 52
48 74 71
48 75 4
48 76 22
48 77 88
48 78 3
48 79 86
48 80 74
48 81 99
48 82 99
48 83 2
48 84 42
48 85 54
48 86 14
48 87 50
48 88 62
48 89 56
48 90 81
48 91 55
48 92 16
48 93 19
48 94 28
48 95 93
49 50 60
49 51 69
49 52 6
49 53 100
49 54 52
49 55 77
49 56 28
49 57 27
49 58 54
49 59 81
49 60 75
49 61 18
49 62 52
49 63 34
49 64 5
49 65 19
49 66 99
49 67 19
49 68 71
49 69 60
49 70 51
49 71 58
49 72 83
49 73 73
49 74 91
49 75 14
49 76 54
49 77 76
49 78 60
49 79 83
49 80 72
49 81 92
49 82 74
49 83 72
49 84 92
49 85 27
49 86 25
49 87 32
49 88 45
49 89 58
49 90 36
49 91 22
49 92 63
49 93 24
49 94 79
49 95 46
50 51 12
50 52 66
50 53 46
50 54 71
50 55 23
50 56 5
50 57 69
50 58 30
50 59 82
50 60 47
50 61 13
50 62 71
50 63 82
50 64 68
50 65 4
50 66 15
50 67 100
50 68 69
50 69 85
50 70 20
50 71 53
50 72 43
50 73 46
50 74 11
50 75 82
50 76 8
50 77 51
50 78 25
50 79 11
50 80 31
50 81 89
50 82 34
50 83 4
50 84 10
50 85 96
50 86 41
50 87 10
50 88 30
50 89 79
50 90 7
50 91 49
50 92 64
50 93 55
50 94 92
50 95 4
51 52 91
51 53 33
51 54 93
51 55 40
51 56 92
51 57 12
51 58 17
51 59 31
51 60 17
51 61 90
51 62 46
51 63 86
51 64 37
51 65 94
51 66 52
51 67 14
51 68 20
51 69 81
51 70 27
51 71 12
51 72 9
51 73 93
51 74 81
51 75 61
51 76 75
51 77 57
51 78 74
51 79 98
51 80 39
51 81 86
51 82 56
51 83 17
51 84 75
51 85 4
51 86 24
51 87 54
51 88 72
51 89 10
51 90 59
51 91 27
51 92 76
51 93 3
51 94 99
51 95 37
52 53 77
52 54 11
52 55 71
52 56 3
52 57 87
52 58 66
52 59 6
52 60 54
52 61 89
52 62 63
52 63 66
52 64 35
52 65 87
52 66 11
52 67 81
52 68 43
52 69 54
52 70 81
52 71 75
52 72 65
52 73 51
52 74 75
52 75 47
52 76 57
52 77 73
52 78 55
52 79 18
52 80 11
52 81 74
52 82 67
52 83 52
52 84 24
52 85 45
52 86 43
52 87 99
52 88 79
52 89 25
52 90 98
52 91 52
52 92 89
52 93 66
52 94 100
52 95 95
53 54 35
53 55 6
53 56 42
53 57 70
53 58 15
53 59 89
53 60 49
53 61 79
53 62 43
53 63 17
53 64 12
53 65 65
53 66 1
53 67 71
53 68 1
53 69 37
53 70 56
53 71 3
53 72 87
53 73 68
53 74 47
53 75 20
53 76 12
53 77 25
53 78 81
53 79 14
53 80 62
53 81 48
53 82 44
53 83 77
53 84 80
53 85 69
53 86 73
53 87 86
53 88 94
53 89 34
53 90 85
53 91 30
53 92 13
53 93 8
53 94 88
53 95 53
54 55 100
54 56 82
54 57 8
54 58 95
54 59 96
54 60 97
54 61 20
54 62 96
54 63 77
54 64 20
54 65 71
54 66 11
54 67 17
54 68 74
54 69 45
54 70 82
54 71 66
54 72 75
54 73 84
54 74 87
54 75 54
54 76 89
54 77 29
54 78 16
54 79 38
54 80 3
54 81 75
54 82 38
54 83 77
54 84 90
54 85 52
54 86 47
54 87 41
54 88 11
54 89 37
54 90 34
54 91 65
54 92 4
54 93 95
54 94 52
54 95 85
55 56 41
55 57 26
55 58 9
55 59 50
55 60 65
55 61 34
55 62 41
55 63 7
55 64 48
55 65 98
55 66 25
55 67 13
55 68 33
55 69 58
55 70 44
55 71 59
55 72 96
55 73 7
55 74 9
55 75 47
55 76 39
55 77 64
55 78 84
55 79 78
55 80 77
55 81 3
55 82 38
55 83 69
55 84 2
55 85 58
55 86 81
55 87 100
55 88 60
55 89 60
55 90 61
55 91 96
55 92 40
55 93 31
55 94 59
55 95 89
56 57 89
56 58 81
56 59 99
56 60 16
56 61 29
56 62 54
56 63 1
56 64 91
56 65 73
56 66 25
56 67 97
56 68 98
56 69 93
56 70 3
56 71 45
56 72 85
56 73 26
56 74 96
56 75 11
56 76 72
56 77 86
56 78 96
56 79 41
56 80 27
56 81 36
56 82 7
56 83 79
56 84 76
56 85 34
56 86 14
56 87 2
56 88 21
56 89 20
56 90 17
56 91 95
56 92 81
56 93 78
56 94 4
56 95 61
57 58 29
57 59 21
57 60 41
57 61 74
57 62 72
57 63 31
57 64 29
57 65 97
57 66 87
57 67 2
57 68 45
57 69 15
57 70 46
57 71 86
57 72 58
57 73 22
57 74 97
57 75 94
57 76 95
57 77 73
57 78 55
57 79 90
57 80 46
57 81 44
57 82 46
57 83 24
57 84 9
57 85 12
57 86 25
57 87 79
57 88 91
57 89 8
57 90 86
57 91 26
57 92 74
57 93 84
57 94 98
57 95 47
58 59 58
58 60 71
58 61 88
58 62 100
58 63 58
58 64 48
58 65 39
58 66 64
58 67 54
58 68 77
58 69 87
58 70 14
58 71 54
58 72 37
58 73 10
58 74 1
58 75 50
58 76 77
58 77 54
58 78 89
58 79 34
58 80 69
58 81 14
58 82 5
58 83 73
58 84 29
58 85 32
58 86 73
58 87 79
58 88 29
58 89 16
58 90 51
58 91 36
58 92 48
58 93 64
58 94 93
58 95 40
59 60 23
59 61 32
59 62 67
59 63 63
59 64 80
59 65 51
59 66 98
59 67 6
59 68 62
59 69 73
59 70 100
59 71 59
59 72 51
59 73 23
59 74 83
59 75 42
59 76 18
59 77 50
59 78 4
59 79 82
59 80 71
59 81 44
59 82 25
59 83 100
59 84 88
59 85 85
59 86 99
59 87 94
59 88 56
59 89 87
59 90 16
59 91 79
59 92 14
59 93 1
59 94 14
59 95 8
60 61 13
60 62 22
60 63 21
60 64 81
60 65 38
60 66 10
60 67 100
60 68 29
60 69 20
60 70 56
60 71 17
60 72 81
60 73 72
60 74 23
60 75 15
60 76 5
60 77 5
60 78 89
60 79 25
60 80 61
60 81 89
60 82 26
60 83 80
60 84 55
60 85 59
60 86 75
60 87 100
60 88 55
60 89 17
60 90 13
60 91 100
60 92 71
60 93 63
60 94 100
60 95 40
61 62 52
61 63 65
61 64 75
61 65 15
61 66 31
61 67 92
61 68 6
61 69 39
61 70 84
61 71 97
61 72 57
61 73 51
61 74 17
61 75 66
61 76 32
61 77 16
61 78 85
61 79 10
61 80 21
61 81 61
61 82 51
61 83 54
61 84 76
61 85 3
61 86 30
61 87 87
61 88 4
61 89 80
61 90 74
61 91 13
61 92 6
61 93 35
61 94 98
61 95 53
62 63 71
62 64 13
62 65 26
62 66 41
62 67 73
62 68 88
62 69 93
62 70 63
62 71 58
62 72 72
62 73 61
62 74 86
62 75 79
62 76 48
62 77 16
62 78 58
62 79 66
62 80 78
62 81 28
62 82 100
62 83 19
62 84 56
62 85 97
62 86 78
62 87 54
62 88 99
62 89 43
62 90 32
62 91 44
62 92 99
62 93 30
62 94 92
62 95 31
63 64 84
63 65 55
63 66 69
63 67 6
63 68 30
63 69 90
63 70 32
63 71 1
63 72 53
63 73 17
63 74 13
63 75 72
63 76 51
63 77 5
63 78 95
63 79 72
63 80 100
63 81 36
63 82 1
63 83 66
63 84 90
63 85 75
63 86 2
63 87 12
63 88 81
63 89 25
63 90 87
63 91 4
63 92 81
63 93 1
63 94 41
63 95 26
64 65 70
64 66 15
64 67 52
64 68 13
64 69 62
64 70 65
64 71 98
64 72 6
64 73 43
64 74 40
64 75 25
64 76 3
64 77 33
64 78 7
64 79 19
64 80 9
64 81 19
64 82 40
64 83 85
64 84 83
64 85 42
64 86 23
64 87 34
64 88 31
64 89 37
64 90 90
64 91 67
64 92 67
64 93 93
64 94 59
64 95 30
65 66 16
65 67 61
65 68 16
65 69 5
65 70 80
65 71 22
65 72 75
65 73 43
65 74 24
65 75 81
65 76 80
65 77 9
65 78 22
65 79 84
65 80 76
65 81 39
65 82 59
65 83 11
65 84 12
65 85 13
65 86 71
65 87 25
65 88 76
65 89 29
65 90 18
65 91 24
65 92 71
65 93 69
65 94 21
65 95 36
66 67 21
66 68 44
66 69 28
66 70 57
66 71 86
66 72 83
66 73 65
66 74 46
66 75 8
66 76 52
66 77 50
66 78 55
66 79 40
66 80 48
66 81 62
66 82 1
66 83 99
66 84 36
66 85 61
66 86 92
66 87 91
66 88 33
66 89 88
66 90 97
66 91 73
66 92 1
66 93 47
66 94 25
66 95 28
67 68 77
67 69 68
67 70 70
67 71 87
67 72 71
67 73 36
67 74 17
67 75 99
67 76 100
67 77 23
67 78 22
67 79 90
67 80 67
67 81 89
67 82 61
67 83 57
67 84 17
67 85 93
67 86 75
67 87 40
67 88 9
67 89 18
67 90 72
67 91 64
67 92 90
67 93 63
67 94 99
67 95 65
68 69 16
68 70 47
68 71 100
68 72 86
68 73 17
68 74 55
68 75 46
68 76 28
68 77 17
68 78 12
68 79 15
68 80 3
68 81 56
68 82 34
68 83 70
68 84 30
68 85 23
68 86 76
68 87 35
68 88 27
68 89 68
68 90 64
68 91 51
68 92 46
68 93 76
68 94 3
68 95 41
69 70 14
69 71 2
69 72 21
69 73 39
69 74 38
69 75 18
69 76 41
69 77 59
69 78 86
69 79 29
69 80 39
69 81 95
69 82 14
69 83 82
69 84 8
69 85 100
69 86 89
69 87 64
69 88 64
69 89 34
69 90 91
69 91 56
69 92 8
69 93 58
69 94 8
69 95 4
70 71 41
70 72 17
70 73 40
70 74 57
70 75 52
70 76 61
70 77 66
70 78 40
70 79 88
70 80 94
70 81 23
70 82 51
70 83 35
70 84 43
70 85 75
70 86 12
70 87 18
70 88 63
70 89 56
70 90 80
70 91 23
70 92 100
70 93 19
70 94 29
70 95 5
71 72 64
71 73 3
71 74 10
71 75 74
71 76 23
71 77 42
71 78 26
71 79 52
71 80 21
71 81 94
71 82 30
71 83 18
71 84 27
71 85 16
71 86 88
71 87 54
71 88 33
71 89 23
71 90 59
71 91 28
71 92 64
71 93 99
71 94 16
71 95 75
72 73 83
72 74 98
72 75 28
72 76 4
72 77 6
72 78 88
72 79 82
72 80 75
72 81 57
72 82 23
72 83 31
72 84 3
72 85 12
72 86 82
72 87 11
72 88 74
72 89 84
72 90 66
72 91 31
72 92 83
72 93 82
72 94 97
72 95 55
73 74 90
73 75 8
73 76 92
73 77 12
73 78 72
73 79 8
73 80 42
73 81 34
73 82 84
73 83 86
73 84 43
73 85 30
73 86 53
73 87 91
73 88 88
73 89 93
73 90 53
73 91 54
73 92 39
73 93 69
73 94 100
73 95 19
74 75 71
74 76 33
74 77 81
74 78 19
74 79 55
74 80 49
74 81 45
74 82 85
74 83 11
74 84 7
74 85 77
74 86 98
74 87 39
74 88 54
74 89 60
74 90 80
74 91 72
74 92 93
74 93 30
74 94 57
74 95 58
75 76 42
75 77 59
75 78 55
75 79 60
75 80 49
75 81 90
75 82 66
75 83 15
75 84 96
75 85 39
75 86 6
75 87 24
75 88 67
75 89 17
75 90 93
75 91 29
75 92 61
75 93 20
75 94 66
75 95 12
76 77 100
76 78 51
76 79 79
76 80 15
76 81 83
76 82 35
76 83 11
76 84 22
76 85 76
76 86 63
76 87 27
76 88 14
76 89 35
76 90 34
76 91 87
76 92 92
76 93 1
76 94 96
76 95 73
77 78 38
77 79 69
77 80 31
77 81 69
77 82 19
77 83 60
77 84 95
77 85 19
77 86 14
77 87 73
77 88 44
77 89 40
77 90 53
77 91 1
77 92 25
77 93 30
77 94 64
77 95 4
78 79 53
78 80 44
78 81 22
78 82 3
78 83 57
78 84 92
78 85 61
78 86 26
78 87 68
78 88 54
78 89 25
78 90 14
78 91 28
78 92 5
78 93 12
78 94 76
78 95 95
79 80 37
79 81 59
79 82 71
79 83 56
79 84 26
79 85 54
79 86 14
79 87 82
79 88 79
79 89 7
79 90 96
79 91 56
79 92 27
79 93 94
79 94 4
79 95 61
80 81 84
80 82 22
80 83 51
80 84 31
80 85 21
80 86 83
80 87 17
80 88 19
80 89 28
80 90 50
80 91 45
80 92 87
80 93 82
80 94 53
80 95 33
81 82 47
81 83 63
81 84 96
81 85 45
81 86 39
81 87 50
81 88 34
81 89 91
81 90 87
81 91 60
81 92 41
81 93 59
81 94 16
81 95 99
82 83 9
82 84 76
82 85 28
82 86 40
82 87 85
82 88 42
82 89 5
82 90 45
82 91 69
82 92 49
82 93 58
82 94 80
82 95 21
83 84 64
83 85 24
83 86 22
83 87 15
83 88 84
83 89 42
83 90 8
83 91 26
83 92 86
83 93 82
83 94 16
83 95 52
84 85 35
84 86 47
84 87 91
84 88 53
84 89 90
84 90 6
84 91 90
84 92 7
84 93 69
84 94 68
84 95 56
85 86 68
85 87 29
85 88 99
85 89 49
85 90 22
85 91 89
85 92 97
85 93 100
85 94 62
85 95 94
86 87 61
86 88 40
86 89 32
86 90 31
86 91 93
86 92 55
86 93 84
86 94 68
86 95 5
87 88 43
87 89 36
87 90 16
87 91 12
87 92 69
87 93 23
87 94 32
87 95 96
88 89 77
88 90 41
88 91 83
88 92 22
88 93 73
88 94 23
88 95 84
89 90 22
89 91 95
89 92 76
89 93 68
89 94 11
89 95 3
90 91 31
90 92 55
90 93 5
90 94 99
90 95 55
91 92 100
91 93 50
91 94 87
91 95 87
92 93 2
92 94 29
92 95 71
93 94 15
93 95 85
94 95 30
