33 528 32
1 2 22
1 3 15
1 4 74
1 5 28
1 6 19
1 7 53
1 8 47
1 9 66
1 10 82
1 11 43
1 12 86
1 13 18
1 14 65
1 15 91
1 16 70
1 17 9
1 18 3
1 19 4
1 20 88
1 21 95
1 22 60
1 23 39
1 24 93
1 25 28
1 26 3
1 27 39
1 28 36
1 29 88
1 30 47
1 31 66
1 32 78
1 33 14
2 3 95
2 4 7
2 5 65
2 6 45
2 7 69
2 8 62
2 9 38
2 10 49
2 11 39
2 12 52
2 13 38
2 14 14
2 15 67
2 16 18
2 17 21
2 18 98
2 19 54
2 20 9
2 21 87
2 22 46
2 23 86
2 24 53
2 25 67
2 26 92
2 27 1
2 28 74
2 29 4
2 30 4
2 31 36
2 32 70
2 33 9
3 4 26
3 5 78
3 6 18
3 7 12
3 8 22
3 9 5
3 10 50
3 11 91
3 12 73
3 13 83
3 14 11
3 15 66
3 16 89
3 17 94
3 18 79
3 19 6
3 20 6
3 21 16
3 22 11
3 23 60
3 24 34
3 25 86
3 26 34
3 27 62
3 28 24
3 29 72
3 30 65
3 31 42
3 32 88
3 33 62
4 5 65
4 6 24
4 7 7
4 8 14
4 9 10
4 10 81
4 11 98
4 12 93
4 13 12
4 14 32
4 15 81
4 16 73
4 17 3
4 18 64
4 19 16
4 20 6
4 21 57
4 22 43
4 23 31
4 24 72
4 25 52
4 26 11
4 27 29
4 28 86
4 29 76
4 30 87
4 31 45
4 32 2
4 33 20
5 6 75
5 7 33
5 8 20
5 9 42
5 10 61
5 11 69
5 12 86
5 13 64
5 14 79
5 15 6
5 16 76
5 17 25
5 18 40
5 19 90
5 20 28
5 21 30
5 22 97
5 23 23
5 24 70
5 25 35
5 26 5
5 27 21
5 28 96
5 29 23
5 30 94
5 31 91
5 32 94
5 33 97
6 7 44
6 8 61
6 9 85
6 10 49
6 11 46
6 12 68
6 13 41
6 14 48
6 15 60
6 16 4
6 17 90
6 18 73
6 19 10
6 20 20
6 21 89
6 22 89
6 23 85
6 24 53
6 25 13
6 26 85
6 27 73
6 28 38
6 29 75
6 30 60
6 31 94
6 32 87
6 33 43
7 8 36
7 9 83
7 10 6
7 11 72
7 12 17
7 13 59
7 14 16
7 15 94
7 16 48
7 17 9
7 18 21
7 19 64
7 20 87
7 21 77
7 22 37
7 23 1
7 24 44
7 25 43
7 26 74
7 27 71
7 28 87
7 29 67
7 30 2
7 31 64
7 32 100
7 33 61
8 9 44
8 10 60
8 11 22
8 12 17
8 13 94
8 14 47
8 15 15
8 16 94
8 17 68
8 18 46
8 19 43
8 20 81
8 21 12
8 22 80
8 23 44
8 24 39
8 25 29
8 26 99
8 27 25
8 28 52
8 29 12
8 30 87
8 31 42
8 32 98
8 33 70
9 10 54
9 11 7
9 12 100
9 13 86
9 14 27
9 15 8
9 16 21
9 17 55
9 18 83
9 19 81
9 20 53
9 21 19
9 22 53
9 23 100
9 24 32
9 25 36
9 26 18
9 27 27
9 28 59
9 29 24
9 30 81
9 31 32
9 32 85
9 33 42
10 11 42
10 12 91
10 13 75
10 14 3
10 15 2
10 16 43
10 17 14
10 18 67
10 19 51
10 20 50
10 21 98
10 22 93
10 23 32
10 24 3
10 25 5
10 26 72
10 27 51
10 28 18
10 29 90
10 30 100
10 31 27
10 32 50
10 33 6
11 12 7
11 13 26
11 14 10
11 15 51
11 16 46
11 17 88
11 18 84
11 19 27
11 20 59
11 21 14
11 22 40
11 23 27
11 24 1
11 25 82
11 26 92
11 27 80
11 28 31
11 29 9
11 30 46
11 31 64
11 32 46
11 33 8
12 13 83
12 14 66
12 15 91
12 16 1
12 17 55
12 18 94
12 19 93
12 20 27
12 21 78
12 22 81
12 23 91
12 24 30
12 25 40
12 26 88
12 27 98
12 28 27
12 29 38
12 30 22
12 31 9
12 32 60
12 33 20
13 14 67
13 15 25
13 16 67
13 17 42
13 18 54
13 19 63
13 20 92
13 21 53
13 22 68
13 23 13
13 24 78
13 25 62
13 26 83
13 27 64
13 28 3
13 29 67
13 30 78
13 31 99
13 32 1
13 33 58
14 15 10
14 16 4
14 17 17
14 18 72
14 19 53
14 20 6
14 21 16
14 22 87
14 23 14
14 24 55
14 25 21
14 26 13
14 27 88
14 28 94
14 29 52
14 30 84
14 31 71
14 32 36
14 33 13
15 16 36
15 17 5
15 18 51
15 19 56
15 20 38
15 21 75
15 22 94
15 23 21
15 24 80
15 25 40
15 26 16
15 27 48
15 28 27
15 29 36
15 30 96
15 31 60
15 32 9
15 33 93
16 17 78
16 18 33
16 19 32
16 20 20
16 21 95
16 22 49
16 23 17
16 24 85
16 25 20
16 26 80
16 27 72
16 28 29
16 29 22
16 30 52
16 31 91
16 32 1
16 33 55
17 18 95
17 19 55
17 20 59
17 21 71
17 22 9
17 23 27
17 24 6
17 25 42
17 26 93
17 27 74
17 28 97
17 29 8
17 30 29
17 31 78
17 32 46
17 33 67
18 19 40
18 20 59
18 21 81
18 22 66
18 23 91
18 24 45
18 25 20
18 26 50
18 27 91
18 28 48
18 29 43
18 30 54
18 31 11
18 32 16
18 33 11
19 20 100
19 21 58
19 22 97
19 23 67
19 24 54
19 25 68
19 26 26
19 27 88
19 28 93
19 29 26
19 30 64
19 31 4
19 32 7
19 33 16
20 21 28
20 22 25
20 23 38
20 24 95
20 25 48
20 26 22
20 27 18
20 28 62
20 29 48
20 30 76
20 31 30
20 32 32
20 33 40
21 22 48
21 23 78
21 24 60
21 25 72
21 26 52
21 27 52
21 28 35
21 29 77
21 30 29
21 31 57
21 32 1
21 33 97
22 23 66
22 24 18
22 25 78
22 26 57
22 27 17
22 28 56
22 29 35
22 30 45
22 31 56
22 32 36
22 33 43
23 24 42
23 25 78
23 26 32
23 27 86
23 28 6
23 29 57
23 30 52
23 31 13
23 32 21
23 33 40
24 25 49
24 26 87
24 27 39
24 28 45
24 29 71
24 30 8
24 31 10
24 32 34
24 33 35
25 26 13
25 27 88
25 28 47
25 29 31
25 30 55
25 31 21
25 32 1
25 33 7
26 27 13
26 28 91
26 29 27
26 30 93
26 31 9
26 32 15
26 33 71
27 28 30
27 29 11
27 30 94
27 31 13
27 32 97
27 33 44
28 29 80
28 30 35
28 31 13
28 32 38
28 33 14
29 30 73
29 31 87
29 32 71
29 33 95
30 31 64
30 32 42
30 33 16
31 32 55
31 33 85
32 33 57
