105 5460 104
1 2 39
1 3 27
1 4 25
1 5 92
1 6 3
1 7 39
1 8 59
1 9 90
1 10 98
1 11 7
1 12 20
1 13 18
1 14 62
1 15 57
1 16 19
1 17 51
1 18 56
1 19 20
1 20 66
1 21 71
1 22 97
1 23 54
1 24 27
1 25 13
1 26 72
1 27 36
1 28 62
1 29 73
1 30 52
1 31 18
1 32 65
1 33 59
1 34 61
1 35 53
1 36 37
1 37 60
1 38 89
1 39 85
1 40 37
1 41 79
1 42 100
1 43 100
1 44 18
1 45 97
1 46 32
1 47 33
1 48 32
1 49 83
1 50 17
1 51 81
1 52 9
1 53 58
1 54 63
1 55 27
1 56 48
1 57 54
1 58 28
1 59 15
1 60 58
1 61 14
1 62 71
1 63 35
1 64 37
1 65 46
1 66 33
1 67 4
1 68 48
1 69 82
1 70 86
1 71 62
1 72 37
1 73 46
1 74 37
1 75 56
1 76 19
1 77 65
1 78 74
1 79 86
1 80 77
1 81 17
1 82 43
1 83 67
1 84 44
1 85 3
1 86 25
1 87 71
1 88 16
1 89 3
1 90 14
1 91 37
1 92 20
1 93 71
1 94 2
1 95 24
1 96 82
1 97 27
1 98 66
1 99 1
1 100 96
1 101 6
1 102 94
1 103 59
1 104 28
1 105 99
2 3 81
2 4 20
2 5 77
2 6 66
2 7 80
2 8 81
2 9 55
2 10 1
2 11 83
2 12 48
2 13 12
2 14 77
2 15 6
2 16 37
2 17 46
2 18 41
2 19 8
2 20 47
2 21 84
2 22 13
2 23 15
2 24 95
2 25 78
2 26 13
2 27 40
2 28 43
2 29 64
2 30 20
2 31 86
2 32 92
2 33 100
2 34 43
2 35 48
2 36 76
2 37 18
2 38 82
2 39 68
2 40 49
2 41 8
2 42 42
2 43 96
2 44 37
2 45 79
2 46 64
2 47 4
2 48 62
2 49 88
2 50 18
2 51 38
2 52 4
2 53 28
2 54 50
2 55 65
2 56 43
2 57 71
2 58 71
2 59 63
2 60 20
2 61 15
2 62 58
2 63 40
2 64 86
2 65 95
2 66 48
2 67 86
2 68 30
2 69 18
2 70 29
2 71 98
2 72 44
2 73 1
2 74 64
2 75 59
2 76 44
2 77 13
2 78 6
2 79 66
2 80 96
2 81 62
2 82 71
2 83 71
2 84 23
2 85 46
2 86 7
2 87 24
2 88 78
2 89 7
2 90 65
2 91 7
2 92 68
2 93 15
2 94 23
2 95 27
2 96 86
2 97 43
2 98 77
2 99 93
2 100 36
2 101 74
2 102 26
2 103 22
2 104 6
2 105 22
3 4 41
3 5 55
3 6 4
3 7 96
3 8 57
3 9 68
3 10 38
3 11 45
3 12 91
3 13 30
3 14 89
3 15 92
3 16 81
3 17 58
3 18 83
3 19 94
3 20 59
3 21 71
3 22 4
3 23 72
3 24 85
3 25 16
3 26 86
3 27 49
3 28 40
3 29 51
3 30 97
3 31 95
3 32 36
3 33 85
3 34 61
3 35 13
3 36 10
3 37 100
3 38 62
3 39 64
3 40 97
3 41 89
3 42 83
3 43 36
3 44 54
3 45 78
3 46 8
3 47 8
3 48 12
3 49 19
3 50 65
3 51 56
3 52 94
3 53 6
3 54 27
3 55 94
3 56 99
3 57 55
3 58 93
3 59 77
3 60 50
3 61 88
3 62 71
3 63 71
3 64 6
3 65 2
3 66 22
3 67 83
3 68 92
3 69 6
3 70 52
3 71 92
3 72 53
3 73 51
3 74 46
3 75 29
3 76 57
3 77 46
3 78 58
3 79 10
3 80 14
3 81 100
3 82 85
3 83 60
3 84 75
3 85 70
3 86 59
3 87 30
3 88 34
3 89 39
3 90 61
3 91 26
3 92 34
3 93 30
3 94 84
3 95 63
3 96 74
3 97 21
3 98 40
3 99 98
3 100 35
3 101 56
3 102 8
3 103 81
3 104 5
3 105 73
4 5 33
4 6 77
4 7 79
4 8 79
4 9 12
4 10 34
4 11 90
4 12 36
4 13 70
4 14 96
4 15 41
4 16 47
4 17 51
4 18 27
4 19 1
4 20 32
4 21 1
4 22 64
4 23 79
4 24 3
4 25 45
4 26 77
4 27 80
4 28 49
4 29 2
4 30 49
4 31 81
4 32 93
4 33 14
4 34 21
4 35 3
4 36 83
4 37 99
4 38 31
4 39 34
4 40 55
4 41 78
4 42 38
4 43 14
4 44 14
4 45 5
4 46 44
4 47 42
4 48 78
4 49 5
4 50 41
4 51 75
4 52 13
4 53 45
4 54 96
4 55 59
4 56 93
4 57 42
4 58 60
4 59 96
4 60 2
4 61 60
4 62 23
4 63 57
4 64 18
4 65 77
4 66 37
4 67 34
4 68 40
4 69 29
4 70 1
4 71 67
4 72 59
4 73 49
4 74 100
4 75 61
4 76 58
4 77 18
4 78 81
4 79 41
4 80 76
4 81 17
4 82 66
4 83 95
4 84 43
4 85 90
4 86 45
4 87 63
4 88 55
4 89 88
4 90 89
4 91 82
4 92 76
4 93 70
4 94 11
4 95 10
4 96 38
4 97 72
4 98 56
4 99 54
4 100 45
4 101 47
4 102 13
4 103 4
4 104 56
4 105 36
5 6 57
5 7 26
5 8 6
5 9 8
5 10 25
5 11 29
5 12 59
5 13 73
5 14 15
5 15 91
5 16 63
5 17 13
5 18 12
5 19 82
5 20 55
5 21 32
5 22 97
5 23 62
5 24 75
5 25 72
5 26 46
5 27 12
5 28 31
5 29 46
5 30 11
5 31 76
5 32 63
5 33 87
5 34 59
5 35 19
5 36 13
5 37 5
5 38 41
5 39 1
5 40 12
5 41 16
5 42 88
5 43 83
5 44 18
5 45 34
5 46 34
5 47 28
5 48 84
5 49 53
5 50 74
5 51 44
5 52 32
5 53 1
5 54 60
5 55 5
5 56 51
5 57 30
5 58 59
5 59 1
5 60 62
5 61 79
5 62 80
5 63 81
5 64 26
5 65 65
5 66 43
5 67 21
5 68 94
5 69 52
5 70 85
5 71 14
5 72 97
5 73 29
5 74 72
5 75 78
5 76 98
5 77 97
5 78 93
5 79 4
5 80 100
5 81 67
5 82 69
5 83 28
5 84 76
5 85 50
5 86 85
5 87 99
5 88 16
5 89 51
5 90 61
5 91 82
5 92 53
5 93 28
5 94 5
5 95 11
5 96 21
5 97 61
5 98 66
5 99 36
5 100 43
5 101 77
5 102 63
5 103 66
5 104 49
5 105 50
6 7 71
6 8 86
6 9 32
6 10 35
6 11 58
6 12 18
6 13 54
6 14 28
6 15 79
6 16 4
6 17 84
6 18 80
6 19 100
6 20 33
6 21 90
6 22 67
6 23 59
6 24 100
6 25 47
6 26 19
6 27 2
6 28 4
6 29 71
6 30 12
6 31 72
6 32 76
6 33 62
6 34 99
6 35 27
6 36 70
6 37 18
6 38 21
6 39 83
6 40 26
6 41 25
6 42 97
6 43 94
6 44 65
6 45 48
6 46 39
6 47 94
6 48 81
6 49 30
6 50 97
6 51 11
6 52 97
6 53 82
6 54 70
6 55 21
6 56 64
6 57 2
6 58 88
6 59 9
6 60 82
6 61 65
6 62 90
6 63 30
6 64 85
6 65 90
6 66 5
6 67 88
6 68 75
6 69 8
6 70 49
6 71 3
6 72 3
6 73 71
6 74 34
6 75 9
6 76 82
6 77 86
6 78 54
6 79 59
6 80 94
6 81 17
6 82 33
6 83 56
6 84 68
6 85 1
6 86 6
6 87 79
6 88 12
6 89 81
6 90 63
6 91 16
6 92 75
6 93 34
6 94 26
6 95 96
6 96 66
6 97 74
6 98 41
6 99 4
6 100 69
6 101 98
6 102 5
6 103 11
6 104 88
6 105 49
7 8 38
7 9 30
7 10 72
7 11 72
7 12 43
7 13 50
7 14 61
7 15 37
7 16 24
7 17 49
7 18 30
7 19 48
7 20 22
7 21 75
7 22 97
7 23 49
7 24 100
7 25 11
7 26 90
7 27 9
7 28 26
7 29 79
7 30 80
7 31 47
7 32 58
7 33 5
7 34 89
7 35 28
7 36 53
7 37 16
7 38 62
7 39 22
7 40 99
7 41 24
7 42 82
7 43 89
7 44 36
7 45 92
7 46 7
7 47 4
7 48 52
7 49 76
7 50 98
7 51 24
7 52 15
7 53 90
7 54 1
7 55 77
7 56 95
7 57 100
7 58 34
7 59 86
7 60 82
7 61 5
7 62 37
7 63 2
7 64 32
7 65 96
7 66 58
7 67 80
7 68 74
7 69 17
7 70 58
7 71 68
7 72 6
7 73 43
7 74 21
7 75 66
7 76 53
7 77 44
7 78 48
7 79 74
7 80 19
7 81 69
7 82 29
7 83 20
7 84 16
7 85 47
7 86 31
7 87 65
7 88 60
7 89 10
7 90 15
7 91 86
7 92 52
7 93 51
7 94 95
7 95 93
7 96 80
7 97 85
7 98 44
7 99 50
7 100 42
7 101 36
7 102 49
7 103 15
7 104 53
7 105 50
8 9 75
8 10 32
8 11 2
8 12 43
8 13 53
8 14 68
8 15 27
8 16 50
8 17 72
8 18 94
8 19 4
8 20 13
8 21 20
8 22 98
8 23 18
8 24 78
8 25 59
8 26 37
8 27 32
8 28 16
8 29 6
8 30 7
8 31 12
8 32 84
8 33 16
8 34 72
8 35 69
8 36 72
8 37 7
8 38 57
8 39 48
8 40 97
8 41 24
8 42 50
8 43 32
8 44 91
8 45 30
8 46 71
8 47 20
8 48 52
8 49 74
8 50 31
8 51 2
8 52 15
8 53 47
8 54 14
8 55 12
8 56 54
8 57 84
8 58 27
8 59 88
8 60 55
8 61 93
8 62 70
8 63 54
8 64 21
8 65 2
8 66 44
8 67 98
8 68 30
8 69 84
8 70 73
8 71 29
8 72 48
8 73 81
8 74 12
8 75 70
8 76 41
8 77 20
8 78 94
8 79 39
8 80 88
8 81 46
8 82 36
8 83 56
8 84 33
8 85 74
8 86 5
8 87 98
8 88 48
8 89 84
8 90 64
8 91 53
8 92 11
8 93 40
8 94 93
8 95 58
8 96 65
8 97 77
8 98 17
8 99 22
8 100 13
8 101 68
8 102 92
8 103 18
8 104 16
8 105 43
9 10 74
9 11 2
9 12 22
9 13 69
9 14 2
9 15 77
9 16 43
9 17 64
9 18 2
9 19 74
9 20 16
9 21 42
9 22 1
9 23 94
9 24 35
9 25 1
9 26 32
9 27 21
9 28 18
9 29 23
9 30 7
9 31 71
9 32 52
9 33 3
9 34 25
9 35 1
9 36 23
9 37 46
9 38 86
9 39 76
9 40 60
9 41 96
9 42 37
9 43 64
9 44 87
9 45 93
9 46 90
9 47 47
9 48 41
9 49 100
9 50 54
9 51 78
9 52 80
9 53 9
9 54 57
9 55 76
9 56 17
9 57 10
9 58 65
9 59 4
9 60 98
9 61 29
9 62 90
9 63 86
9 64 87
9 65 42
9 66 73
9 67 58
9 68 35
9 69 3
9 70 88
9 71 58
9 72 87
9 73 44
9 74 69
9 75 83
9 76 92
9 77 80
9 78 65
9 79 93
9 80 68
9 81 2
9 82 37
9 83 63
9 84 7
9 85 62
9 86 96
9 87 27
9 88 64
9 89 99
9 90 8
9 91 66
9 92 29
9 93 40
9 94 92
9 95 23
9 96 55
9 97 28
9 98 37
9 99 6
9 100 59
9 101 91
9 102 70
9 103 11
9 104 69
9 105 47
10 11 54
10 12 98
10 13 34
10 14 20
10 15 22
10 16 32
10 17 34
10 18 56
10 19 89
10 20 75
10 21 75
10 22 2
10 23 35
10 24 42
10 25 38
10 26 22
10 27 19
10 28 21
10 29 91
10 30 27
10 31 93
10 32 25
10 33 13
10 34 83
10 35 69
10 36 76
10 37 76
10 38 12
10 39 97
10 40 16
10 41 39
10 42 56
10 43 18
10 44 61
10 45 94
10 46 8
10 47 43
10 48 9
10 49 41
10 50 1
10 51 34
10 52 20
10 53 87
10 54 3
10 55 40
10 56 78
10 57 46
10 58 63
10 59 72
10 60 62
10 61 70
10 62 75
10 63 1
10 64 39
10 65 43
10 66 38
10 67 13
10 68 63
10 69 63
10 70 92
10 71 4
10 72 79
10 73 25
10 74 31
10 75 33
10 76 2
10 77 28
10 78 38
10 79 63
10 80 2
10 81 49
10 82 72
10 83 98
10 84 20
10 85 87
10 86 47
10 87 32
10 88 89
10 89 8
10 90 96
10 91 86
10 92 59
10 93 7
10 94 35
10 95 39
10 96 100
10 97 63
10 98 61
10 99 50
10 100 73
10 101 49
10 102 33
10 103 53
10 104 32
10 105 91
11 12 94
11 13 45
11 14 96
11 15 85
11 16 46
11 17 86
11 18 12
11 19 94
11 20 8
11 21 56
11 22 44
11 23 65
11 24 1
11 25 34
11 26 12
11 27 30
11 28 15
11 29 32
11 30 59
11 31 32
11 32 18
11 33 28
11 34 5
11 35 86
11 36 38
11 37 13
11 38 36
11 39 67
11 40 57
11 41 21
11 42 94
11 43 5
11 44 78
11 45 34
11 46 64
11 47 57
11 48 100
11 49 86
11 50 1
11 51 69
11 52 57
11 53 82
11 54 31
11 55 18
11 56 95
11 57 73
11 58 53
11 59 41
11 60 22
11 61 16
11 62 98
11 63 64
11 64 9
11 65 36
11 66 24
11 67 77
11 68 52
11 69 40
11 70 29
11 71 73
11 72 72
11 73 88
11 74 39
11 75 66
11 76 10
11 77 100
11 78 82
11 79 65
11 80 35
11 81 5
11 82 1
11 83 73
11 84 80
11 85 78
11 86 28
11 87 72
11 88 34
11 89 35
11 90 12
11 91 86
11 92 64
11 93 83
11 94 50
11 95 79
11 96 46
11 97 69
11 98 71
11 99 86
11 100 39
11 101 70
11 102 47
11 103 98
11 104 48
11 105 75
12 13 66
12 14 46
12 15 34
12 16 18
12 17 8
12 18 66
12 19 88
12 20 37
12 21 8
12 22 14
12 23 61
12 24 17
12 25 100
12 26 69
12 27 72
12 28 57
12 29 20
12 30 98
12 31 28
12 32 70
12 33 22
12 34 84
12 35 96
12 36 38
12 37 75
12 38 37
12 39 63
12 40 47
12 41 53
12 42 2
12 43 10
12 44 57
12 45 99
12 46 33
12 47 40
12 48 87
12 49 82
12 50 95
12 51 66
12 52 61
12 53 20
12 54 3
12 55 36
12 56 60
12 57 40
12 58 46
12 59 87
12 60 32
12 61 4
12 62 19
12 63 91
12 64 41
12 65 13
12 66 78
12 67 10
12 68 50
12 69 7
12 70 75
12 71 61
12 72 38
12 73 67
12 74 93
12 75 39
12 76 45
12 77 31
12 78 45
12 79 35
12 80 78
12 81 33
12 82 48
12 83 72
12 84 48
12 85 22
12 86 98
12 87 80
12 88 80
12 89 35
12 90 12
12 91 6
12 92 51
12 93 34
12 94 13
12 95 33
12 96 33
12 97 22
12 98 60
12 99 32
12 100 72
12 101 75
12 102 41
12 103 95
12 104 3
12 105 21
13 14 70
13 15 49
13 16 98
13 17 90
13 18 20
13 19 56
13 20 59
13 21 29
13 22 79
13 23 13
13 24 10
13 25 36
13 26 63
13 27 55
13 28 43
13 29 48
13 30 30
13 31 97
13 32 92
13 33 93
13 34 17
13 35 41
13 36 61
13 37 31
13 38 56
13 39 68
13 40 57
13 41 83
13 42 19
13 43 83
13 44 42
13 45 15
13 46 58
13 47 37
13 48 32
13 49 69
13 50 19
13 51 28
13 52 7
13 53 22
13 54 53
13 55 64
13 56 46
13 57 38
13 58 78
13 59 50
13 60 21
13 61 8
13 62 16
13 63 54
13 64 4
13 65 81
13 66 83
13 67 66
13 68 47
13 69 60
13 70 46
13 71 51
13 72 6
13 73 91
13 74 36
13 75 27
13 76 75
13 77 62
13 78 33
13 79 44
13 80 49
13 81 59
13 82 57
13 83 51
13 84 86
13 85 19
13 86 47
13 87 31
13 88 11
13 89 24
13 90 43
13 91 67
13 92 53
13 93 35
13 94 67
13 95 9
13 96 74
13 97 75
13 98 68
13 99 81
13 100 90
13 101 17
13 102 60
13 103 4
13 104 1
13 105 59
14 15 44
14 16 15
14 17 32
14 18 75
14 19 7
14 20 94
14 21 84
14 22 19
14 23 79
14 24 28
14 25 15
14 26 57
14 27 73
14 28 13
14 29 94
14 30 33
14 31 44
14 32 33
14 33 32
14 34 93
14 35 77
14 36 9
14 37 45
14 38 58
14 39 4
14 40 67
14 41 58
14 42 77
14 43 94
14 44 52
14 45 9
14 46 25
14 47 93
14 48 66
14 49 87
14 50 4
14 51 53
14 52 26
14 53 7
14 54 22
14 55 88
14 56 94
14 57 97
14 58 81
14 59 82
14 60 67
14 61 16
14 62 70
14 63 64
14 64 97
14 65 54
14 66 87
14 67 53
14 68 31
14 69 76
14 70 51
14 71 37
14 72 30
14 73 25
14 74 60
14 75 95
14 76 29
14 77 95
14 78 94
14 79 3
14 80 32
14 81 29
14 82 47
14 83 31
14 84 92
14 85 85
14 86 12
14 87 47
14 88 5
14 89 73
14 90 45
14 91 46
14 92 86
14 93 79
14 94 65
14 95 22
14 96 89
14 97 72
14 98 96
14 99 52
14 100 88
14 101 96
14 102 61
14 103 87
14 104 10
14 105 69
15 16 4
15 17 61
15 18 30
15 19 61
15 20 17
15 21 11
15 22 89
15 23 14
15 24 36
15 25 86
15 26 54
15 27 92
15 28 2
15 29 18
15 30 37
15 31 94
15 32 84
15 33 51
15 34 61
15 35 60
15 36 44
15 37 80
15 38 21
15 39 82
15 40 51
15 41 45
15 42 26
15 43 13
15 44 29
15 45 16
15 46 42
15 47 12
15 48 66
15 49 26
15 50 86
15 51 93
15 52 56
15 53 27
15 54 50
15 55 82
15 56 69
15 57 38
15 58 29
15 59 37
15 60 41
15 61 42
15 62 52
15 63 24
15 64 37
15 65 54
15 66 19
15 67 40
15 68 52
15 69 51
15 70 3
15 71 35
15 72 2
15 73 21
15 74 62
15 75 80
15 76 12
15 77 68
15 78 40
15 79 4
15 80 24
15 81 16
15 82 16
15 83 38
15 84 39
15 85 63
15 86 90
15 87 91
15 88 48
15 89 68
15 90 32
15 91 80
15 92 14
15 93 78
15 94 54
15 95 78
15 96 28
15 97 44
15 98 20
15 99 21
15 100 41
15 101 42
15 102 16
15 103 40
15 104 56
15 105 73
16 17 84
16 18 32
16 19 38
16 20 48
16 21 64
16 22 23
16 23 42
16 24 3
16 25 34
16 26 14
16 27 27
16 28 72
16 29 64
16 30 32
16 31 84
16 32 98
16 33 47
16 34 53
16 35 66
16 36 54
16 37 55
16 38 13
16 39 90
16 40 77
16 41 91
16 42 74
16 43 62
16 44 68
16 45 49
16 46 65
16 47 73
16 48 15
16 49 2
16 50 63
16 51 53
16 52 90
16 53 4
16 54 66
16 55 72
16 56 41
16 57 48
16 58 20
16 59 69
16 60 13
16 61 82
16 62 68
16 63 83
16 64 99
16 65 13
16 66 17
16 67 69
16 68 55
16 69 75
16 70 5
16 71 68
16 72 25
16 73 20
16 74 25
16 75 96
16 76 60
16 77 25
16 78 79
16 79 84
16 80 22
16 81 89
16 82 93
16 83 10
16 84 94
16 85 96
16 86 66
16 87 14
16 88 59
16 89 87
16 90 28
16 91 56
16 92 90
16 93 84
16 94 95
16 95 93
16 96 89
16 97 39
16 98 25
16 99 22
16 100 63
16 101 6
16 102 51
16 103 58
16 104 100
16 105 25
17 18 78
17 19 30
17 20 13
17 21 12
17 22 92
17 23 55
17 24 87
17 25 56
17 26 43
17 27 85
17 28 7
17 29 90
17 30 6
17 31 75
17 32 73
17 33 83
17 34 27
17 35 4
17 36 61
17 37 57
17 38 72
17 39 52
17 40 43
17 41 32
17 42 7
17 43 10
17 44 90
17 45 8
17 46 95
17 47 67
17 48 7
17 49 51
17 50 37
17 51 27
17 52 65
17 53 50
17 54 87
17 55 68
17 56 76
17 57 25
17 58 73
17 59 3
17 60 86
17 61 6
17 62 99
17 63 14
17 64 36
17 65 7
17 66 50
17 67 50
17 68 26
17 69 59
17 70 68
17 71 97
17 72 76
17 73 74
17 74 3
17 75 67
17 76 92
17 77 54
17 78 93
17 79 77
17 80 47
17 81 55
17 82 52
17 83 6
17 84 72
17 85 46
17 86 35
17 87 60
17 88 31
17 89 2
17 90 32
17 91 72
17 92 100
17 93 99
17 94 76
17 95 44
17 96 59
17 97 93
17 98 28
17 99 81
17 100 30
17 101 22
17 102 49
17 103 48
17 104 35
17 105 95
18 19 61
18 20 32
18 21 32
18 22 100
18 23 38
18 24 21
18 25 74
18 26 28
18 27 80
18 28 99
18 29 61
18 30 14
18 31 17
18 32 47
18 33 92
18 34 49
18 35 12
18 36 4
18 37 25
18 38 77
18 39 96
18 40 3
18 41 35
18 42 20
18 43 31
18 44 100
18 45 99
18 46 93
18 47 45
18 48 83
18 49 68
18 50 41
18 51 45
18 52 43
18 53 92
18 54 96
18 55 19
18 56 61
18 57 3
18 58 92
18 59 4
18 60 86
18 61 16
18 62 13
18 63 69
18 64 63
18 65 99
18 66 83
18 67 40
18 68 29
18 69 80
18 70 77
18 71 4
18 72 78
18 73 56
18 74 87
18 75 26
18 76 48
18 77 94
18 78 38
18 79 62
18 80 34
18 81 41
18 82 62
18 83 82
18 84 58
18 85 96
18 86 42
18 87 3
18 88 88
18 89 18
18 90 7
18 91 53
18 92 68
18 93 56
18 94 32
18 95 73
18 96 32
18 97 34
18 98 24
18 99 72
18 100 51
18 101 58
18 102 38
18 103 44
18 104 11
18 105 99
19 20 10
19 21 56
19 22 21
19 23 91
19 24 7
19 25 44
19 26 69
19 27 77
19 28 41
19 29 51
19 30 44
19 31 65
19 32 20
19 33 53
19 34 72
19 35 9
19 36 58
19 37 92
19 38 7
19 39 21
19 40 95
19 41 93
19 42 92
19 43 10
19 44 48
19 45 40
19 46 34
19 47 26
19 48 34
19 49 97
19 50 46
19 51 89
19 52 30
19 53 93
19 54 4
19 55 34
19 56 98
19 57 24
19 58 85
19 59 72
19 60 45
19 61 76
19 62 53
19 63 60
19 64 24
19 65 70
19 66 39
19 67 16
19 68 97
19 69 18
19 70 24
19 71 34
19 72 57
19 73 74
19 74 66
19 75 77
19 76 90
19 77 15
19 78 81
19 79 71
19 80 82
19 81 36
19 82 87
19 83 30
19 84 94
19 85 5
19 86 24
19 87 77
19 88 50
19 89 50
19 90 49
19 91 34
19 92 90
19 93 67
19 94 86
19 95 58
19 96 16
19 97 53
19 98 71
19 99 27
19 100 35
19 101 82
19 102 42
19 103 21
19 104 56
19 105 35
20 21 66
20 22 62
20 23 86
20 24 41
20 25 85
20 26 11
20 27 53
20 28 28
20 29 95
20 30 55
20 31 31
20 32 55
20 33 98
20 34 33
20 35 74
20 36 74
20 37 69
20 38 64
20 39 22
20 40 82
20 41 72
20 42 64
20 43 51
20 44 8
20 45 31
20 46 90
20 47 57
20 48 15
20 49 23
20 50 89
20 51 21
20 52 83
20 53 52
20 54 31
20 55 87
20 56 98
20 57 20
20 58 3
20 59 24
20 60 40
20 61 85
20 62 74
20 63 81
20 64 43
20 65 6
20 66 26
20 67 6
20 68 66
20 69 100
20 70 57
20 71 95
20 72 63
20 73 20
20 74 15
20 75 66
20 76 7
20 77 22
20 78 43
20 79 9
20 80 87
20 81 95
20 82 50
20 83 69
20 84 54
20 85 44
20 86 65
20 87 49
20 88 85
20 89 63
20 90 56
20 91 26
20 92 97
20 93 68
20 94 82
20 95 38
20 96 62
20 97 98
20 98 29
20 99 41
20 100 19
20 101 1
20 102 68
20 103 28
20 104 52
20 105 6
21 22 75
21 23 49
21 24 90
21 25 56
21 26 77
21 27 11
21 28 94
21 29 89
21 30 42
21 31 47
21 32 30
21 33 63
21 34 74
21 35 65
21 36 63
21 37 27
21 38 27
21 39 94
21 40 51
21 41 11
21 42 50
21 43 80
21 44 16
21 45 51
21 46 3
21 47 38
21 48 89
21 49 5
21 50 34
21 51 21
21 52 57
21 53 73
21 54 50
21 55 24
21 56 44
21 57 68
21 58 19
21 59 33
21 60 49
21 61 96
21 62 83
21 63 66
21 64 31
21 65 40
21 66 14
21 67 85
21 68 20
21 69 46
21 70 49
21 71 65
21 72 21
21 73 83
21 74 82
21 75 82
21 76 73
21 77 95
21 78 51
21 79 95
21 80 46
21 81 15
21 82 56
21 83 35
21 84 83
21 85 98
21 86 24
21 87 24
21 88 26
21 89 63
21 90 41
21 91 42
21 92 40
21 93 45
21 94 71
21 95 75
21 96 31
21 97 33
21 98 22
21 99 88
21 100 36
21 101 60
21 102 50
21 103 71
21 104 51
21 105 85
22 23 71
22 24 56
22 25 18
22 26 40
22 27 73
22 28 45
22 29 91
22 30 30
22 31 8
22 32 95
22 33 41
22 34 32
22 35 14
22 36 29
22 37 100
22 38 44
22 39 8
22 40 78
22 41 96
22 42 99
22 43 46
22 44 66
22 45 30
22 46 99
22 47 61
22 48 98
22 49 64
22 50 84
22 51 33
22 52 62
22 53 63
22 54 78
22 55 67
22 56 64
22 57 53
22 58 84
22 59 62
22 60 87
22 61 59
22 62 28
22 63 9
22 64 85
22 65 2
22 66 14
22 67 38
22 68 80
22 69 90
22 70 42
22 71 4
22 72 77
22 73 84
22 74 6
22 75 3
22 76 78
22 77 89
22 78 19
22 79 29
22 80 74
22 81 8
22 82 52
22 83 84
22 84 37
22 85 61
22 86 48
22 87 59
22 88 41
22 89 1
22 90 79
22 91 12
22 92 94
22 93 35
22 94 43
22 95 37
22 96 16
22 97 70
22 98 23
22 99 88
22 100 57
22 101 90
22 102 3
22 103 82
22 104 66
22 105 82
23 24 88
23 25 9
23 26 58
23 27 3
23 28 48
23 29 44
23 30 88
23 31 92
23 32 76
23 33 26
23 34 13
23 35 69
23 36 19
23 37 76
23 38 4
23 39 84
23 40 66
23 41 10
23 42 45
23 43 84
23 44 28
23 45 73
23 46 10
23 47 62
23 48 76
23 49 97
23 50 41
23 51 68
23 52 70
23 53 7
23 54 28
23 55 67
23 56 45
23 57 58
23 58 37
23 59 68
23 60 20
23 61 27
23 62 6
23 63 84
23 64 43
23 65 60
23 66 53
23 67 69
23 68 12
23 69 17
23 70 66
23 71 29
23 72 4
23 73 30
23 74 42
23 75 69
23 76 95
23 77 14
23 78 74
23 79 10
23 80 10
23 81 78
23 82 11
23 83 32
23 84 65
23 85 49
23 86 92
23 87 93
23 88 88
23 89 91
23 90 70
23 91 70
23 92 28
23 93 49
23 94 63
23 95 3
23 96 74
23 97 46
23 98 90
23 99 69
23 100 7
23 101 39
23 102 85
23 103 32
23 104 65
23 105 26
24 25 60
24 26 63
24 27 94
24 28 20
24 29 16
24 30 21
24 31 71
24 32 33
24 33 26
24 34 33
24 35 64
24 36 49
24 37 14
24 38 98
24 39 73
24 40 8
24 41 45
24 42 59
24 43 79
24 44 93
24 45 51
24 46 52
24 47 83
24 48 7
24 49 14
24 50 32
24 51 47
24 52 71
24 53 55
24 54 10
24 55 11
24 56 29
24 57 20
24 58 70
24 59 25
24 60 68
24 61 9
24 62 54
24 63 60
24 64 64
24 65 64
24 66 78
24 67 3
24 68 9
24 69 31
24 70 87
24 71 9
24 72 71
24 73 66
24 74 39
24 75 61
24 76 24
24 77 23
24 78 12
24 79 96
24 80 74
24 81 17
24 82 33
24 83 70
24 84 97
24 85 85
24 86 13
24 87 57
24 88 19
24 89 85
24 90 83
24 91 27
24 92 9
24 93 32
24 94 3
24 95 58
24 96 64
24 97 93
24 98 89
24 99 44
24 100 34
24 101 57
24 102 23
24 103 90
24 104 33
24 105 27
25 26 11
25 27 35
25 28 22
25 29 46
25 30 64
25 31 25
25 32 10
25 33 75
25 34 57
25 35 62
25 36 55
25 37 78
25 38 90
25 39 46
25 40 2
25 41 4
25 42 35
25 43 53
25 44 50
25 45 89
25 46 79
25 47 44
25 48 41
25 49 6
25 50 65
25 51 32
25 52 93
25 53 82
25 54 78
25 55 37
25 56 42
25 57 32
25 58 29
25 59 10
25 60 48
25 61 25
25 62 97
25 63 33
25 64 74
25 65 42
25 66 35
25 67 38
25 68 21
25 69 41
25 70 92
25 71 82
25 72 92
25 73 20
25 74 2
25 75 81
25 76 38
25 77 60
25 78 62
25 79 87
25 80 53
25 81 28
25 82 14
25 83 58
25 84 67
25 85 54
25 86 79
25 87 31
25 88 25
25 89 49
25 90 44
25 91 30
25 92 53
25 93 34
25 94 30
25 95 12
25 96 3
25 97 47
25 98 54
25 99 8
25 100 35
25 101 56
25 102 71
25 103 24
25 104 43
25 105 39
26 27 76
26 28 7
26 29 87
26 30 90
26 31 75
26 32 34
26 33 56
26 34 49
26 35 80
26 36 20
26 37 37
26 38 76
26 39 44
26 40 93
26 41 21
26 42 82
26 43 47
26 44 25
26 45 38
26 46 89
26 47 39
26 48 78
26 49 68
26 50 94
26 51 16
26 52 87
26 53 12
26 54 20
26 55 4
26 56 60
26 57 57
26 58 76
26 59 28
26 60 73
26 61 97
26 62 17
26 63 70
26 64 27
26 65 69
26 66 19
26 67 82
26 68 41
26 69 29
26 70 25
26 71 20
26 72 21
26 73 59
26 74 19
26 75 19
26 76 30
26 77 3
26 78 1
26 79 47
26 80 51
26 81 72
26 82 72
26 83 12
26 84 100
26 85 95
26 86 45
26 87 33
26 88 97
26 89 82
26 90 38
26 91 10
26 92 89
26 93 88
26 94 55
26 95 28
26 96 14
26 97 63
26 98 100
26 99 61
26 100 39
26 101 57
26 102 74
26 103 75
26 104 5
26 105 41
27 28 61
27 29 18
27 30 84
27 31 90
27 32 29
27 33 74
27 34 8
27 35 62
27 36 16
27 37 78
27 38 84
27 39 48
27 40 17
27 41 17
27 42 3
27 43 80
27 44 1
27 45 17
27 46 19
27 47 65
27 48 59
27 49 69
27 50 32
27 51 4
27 52 80
27 53 83
27 54 88
27 55 64
27 56 90
27 57 43
27 58 62
27 59 42
27 60 80
27 61 22
27 62 25
27 63 9
27 64 28
27 65 44
27 66 42
27 67 79
27 68 59
27 69 25
27 70 83
27 71 22
27 72 76
27 73 54
27 74 12
27 75 4
27 76 95
27 77 50
27 78 80
27 79 70
27 80 73
27 81 90
27 82 3
27 83 85
27 84 82
27 85 25
27 86 9
27 87 75
27 88 57
27 89 84
27 90 18
27 91 51
27 92 1
27 93 97
27 94 3
27 95 5
27 96 35
27 97 41
27 98 24
27 99 75
27 100 72
27 101 37
27 102 25
27 103 4
27 104 37
27 105 47
28 29 93
28 30 70
28 31 9
28 32 31
28 33 23
28 34 95
28 35 83
28 36 45
28 37 32
28 38 51
28 39 91
28 40 57
28 41 74
28 42 25
28 43 64
28 44 35
28 45 27
28 46 85
28 47 50
28 48 90
28 49 93
28 50 81
28 51 17
28 52 9
28 53 23
28 54 79
28 55 38
28 56 77
28 57 6
28 58 17
28 59 27
28 60 48
28 61 62
28 62 69
28 63 94
28 64 32
28 65 39
28 66 18
28 67 58
28 68 19
28 69 72
28 70 34
28 71 89
28 72 27
28 73 30
28 74 62
28 75 85
28 76 85
28 77 68
28 78 81
28 79 48
28 80 80
28 81 99
28 82 85
28 83 85
28 84 95
28 85 5
28 86 69
28 87 36
28 88 67
28 89 30
28 90 15
28 91 9
28 92 61
28 93 18
28 94 41
28 95 19
28 96 27
28 97 71
28 98 18
28 99 28
28 100 99
28 101 71
28 102 76
28 103 67
28 104 23
28 105 3
29 30 12
29 31 62
29 32 9
29 33 27
29 34 3
29 35 73
29 36 88
29 37 50
29 38 67
29 39 26
29 40 45
29 41 44
29 42 12
29 43 36
29 44 39
29 45 47
29 46 1
29 47 88
29 48 72
29 49 63
29 50 11
29 51 48
29 52 90
29 53 21
29 54 90
29 55 30
29 56 90
29 57 68
29 58 93
29 59 51
29 60 23
29 61 94
29 62 17
29 63 13
29 64 78
29 65 87
29 66 61
29 67 85
29 68 51
29 69 57
29 70 45
29 71 82
29 72 41
29 73 3
29 74 8
29 75 64
29 76 14
29 77 51
29 78 86
29 79 24
29 80 17
29 81 27
29 82 99
29 83 81
29 84 100
29 85 47
29 86 58
29 87 96
29 88 54
29 89 4
29 90 43
29 91 75
29 92 56
29 93 70
29 94 99
29 95 94
29 96 16
29 97 89
29 98 54
29 99 82
29 100 67
29 101 78
29 102 65
29 103 72
29 104 97
29 105 89
30 31 57
30 32 25
30 33 53
30 34 60
30 35 81
30 36 98
30 37 81
30 38 58
30 39 3
30 40 73
30 41 53
30 42 70
30 43 21
30 44 77
30 45 11
30 46 83
30 47 93
30 48 58
30 49 27
30 50 97
30 51 35
30 52 21
30 53 92
30 54 94
30 55 88
30 56 50
30 57 53
30 58 74
30 59 91
30 60 21
30 61 36
30 62 58
30 63 14
30 64 52
30 65 48
30 66 46
30 67 1
30 68 92
30 69 14
30 70 14
30 71 83
30 72 1
30 73 93
30 74 23
30 75 88
30 76 51
30 77 14
30 78 96
30 79 23
30 80 76
30 81 16
30 82 25
30 83 61
30 84 20
30 85 97
30 86 19
30 87 8
30 88 66
30 89 63
30 90 24
30 91 79
30 92 98
30 93 16
30 94 16
30 95 51
30 96 32
30 97 4
30 98 55
30 99 83
30 100 82
30 101 7
30 102 19
30 103 16
30 104 26
30 105 52
31 32 43
31 33 19
31 34 11
31 35 30
31 36 26
31 37 97
31 38 17
31 39 23
31 40 24
31 41 12
31 42 45
31 43 87
31 44 5
31 45 72
31 46 32
31 47 63
31 48 36
31 49 12
31 50 42
31 51 92
31 52 35
31 53 69
31 54 43
31 55 98
31 56 100
31 57 54
31 58 28
31 59 48
31 60 53
31 61 13
31 62 97
31 63 91
31 64 59
31 65 78
31 66 62
31 67 38
31 68 24
31 69 91
31 70 9
31 71 74
31 72 5
31 73 97
31 74 52
31 75 99
31 76 87
31 77 59
31 78 3
31 79 47
31 80 94
31 81 13
31 82 79
31 83 63
31 84 39
31 85 3
31 86 69
31 87 83
31 88 14
31 89 46
31 90 39
31 91 8
31 92 73
31 93 94
31 94 26
31 95 15
31 96 75
31 97 13
31 98 23
31 99 3
31 100 31
31 101 52
31 102 89
31 103 23
31 104 46
31 105 71
32 33 37
32 34 15
32 35 44
32 36 62
32 37 38
32 38 52
32 39 66
32 40 59
32 41 85
32 42 88
32 43 45
32 44 54
32 45 43
32 46 57
32 47 86
32 48 61
32 49 99
32 50 31
32 51 3
32 52 48
32 53 48
32 54 18
32 55 55
32 56 51
32 57 34
32 58 80
32 59 35
32 60 94
32 61 34
32 62 1
32 63 17
32 64 51
32 65 50
32 66 22
32 67 56
32 68 10
32 69 91
32 70 30
32 71 97
32 72 17
32 73 63
32 74 85
32 75 53
32 76 5
32 77 22
32 78 86
32 79 36
32 80 34
32 81 15
32 82 100
32 83 86
32 84 36
32 85 97
32 86 51
32 87 81
32 88 37
32 89 67
32 90 67
32 91 9
32 92 23
32 93 29
32 94 81
32 95 26
32 96 92
32 97 69
32 98 81
32 99 21
32 100 75
32 101 46
32 102 65
32 103 36
32 104 36
32 105 75
33 34 1
33 35 51
33 36 48
33 37 80
33 38 42
33 39 93
33 40 70
33 41 70
33 42 38
33 43 97
33 44 29
33 45 91
33 46 6
33 47 59
33 48 80
33 49 66
33 50 94
33 51 20
33 52 24
33 53 62
33 54 31
33 55 45
33 56 87
33 57 31
33 58 89
33 59 61
33 60 64
33 61 79
33 62 27
33 63 54
33 64 8
33 65 64
33 66 76
33 67 62
33 68 57
33 69 32
33 70 20
33 71 6
33 72 62
33 73 28
33 74 57
33 75 53
33 76 42
33 77 31
33 78 42
33 79 71
33 80 75
33 81 21
33 82 82
33 83 89
33 84 71
33 85 92
33 86 95
33 87 89
33 88 80
33 89 42
33 90 62
33 91 88
33 92 92
33 93 45
33 94 56
33 95 39
33 96 68
33 97 16
33 98 7
33 99 9
33 100 59
33 101 12
33 102 90
33 103 55
33 104 14
33 105 59
34 35 30
34 36 99
34 37 44
34 38 92
34 39 90
34 40 20
34 41 68
34 42 89
34 43 14
34 44 9
34 45 55
34 46 53
34 47 43
34 48 71
34 49 98
34 50 43
34 51 52
34 52 31
34 53 80
34 54 41
34 55 30
34 56 55
34 57 86
34 58 59
34 59 5
34 60 37
34 61 49
34 62 53
34 63 30
34 64 52
34 65 69
34 66 7
34 67 86
34 68 3
34 69 81
34 70 12
34 71 3
34 72 39
34 73 85
34 74 39
34 75 6
34 76 71
34 77 13
34 78 58
34 79 40
34 80 23
34 81 20
34 82 11
34 83 81
34 84 40
34 85 36
34 86 36
34 87 8
34 88 59
34 89 49
34 90 30
34 91 83
34 92 43
34 93 46
34 94 39
34 95 14
34 96 51
34 97 17
34 98 6
34 99 27
34 100 80
34 101 21
34 102 65
34 103 14
34 104 23
34 105 3
35 36 33
35 37 55
35 38 45
35 39 40
35 40 36
35 41 89
35 42 81
35 43 17
35 44 87
35 45 80
35 46 41
35 47 57
35 48 70
35 49 96
35 50 96
35 51 1
35 52 30
35 53 4
35 54 23
35 55 47
35 56 16
35 57 43
35 58 96
35 59 69
35 60 79
35 61 59
35 62 64
35 63 80
35 64 81
35 65 23
35 66 4
35 67 97
35 68 97
35 69 27
35 70 2
35 71 92
35 72 6
35 73 17
35 74 37
35 75 39
35 76 71
35 77 94
35 78 36
35 79 17
35 80 15
35 81 95
35 82 92
35 83 76
35 84 45
35 85 88
35 86 58
35 87 74
35 88 11
35 89 88
35 90 35
35 91 55
35 92 4
35 93 71
35 94 10
35 95 89
35 96 10
35 97 6
35 98 43
35 99 84
35 100 32
35 101 30
35 102 79
35 103 66
35 104 75
35 105 37
36 37 67
36 38 49
36 39 61
36 40 9
36 41 47
36 42 74
36 43 58
36 44 20
36 45 61
36 46 67
36 47 33
36 48 37
36 49 44
36 50 54
36 51 81
36 52 99
36 53 56
36 54 25
36 55 62
36 56 99
36 57 84
36 58 76
36 59 28
36 60 8
36 61 38
36 62 52
36 63 90
36 64 83
36 65 87
36 66 79
36 67 23
36 68 69
36 69 19
36 70 19
36 71 54
36 72 47
36 73 95
36 74 49
36 75 45
36 76 48
36 77 62
36 78 74
36 79 39
36 80 87
36 81 25
36 82 50
36 83 72
36 84 88
36 85 59
36 86 26
36 87 33
36 88 14
36 89 55
36 90 4
36 91 79
36 92 93
36 93 44
36 94 83
36 95 74
36 96 43
36 97 76
36 98 83
36 99 11
36 100 36
36 101 4
36 102 74
36 103 10
36 104 50
36 105 62
37 38 27
37 39 40
37 40 12
37 41 2
37 42 79
37 43 19
37 44 85
37 45 25
37 46 1
37 47 1
37 48 84
37 49 33
37 50 19
37 51 14
37 52 73
37 53 60
37 54 22
37 55 70
37 56 99
37 57 22
37 58 8
37 59 2
37 60 84
37 61 84
37 62 28
37 63 21
37 64 66
37 65 51
37 66 1
37 67 41
37 68 41
37 69 89
37 70 80
37 71 47
37 72 43
37 73 76
37 74 80
37 75 74
37 76 18
37 77 77
37 78 34
37 79 75
37 80 22
37 81 16
37 82 78
37 83 12
37 84 48
37 85 36
37 86 76
37 87 34
37 88 93
37 89 71
37 90 68
37 91 79
37 92 89
37 93 7
37 94 21
37 95 82
37 96 61
37 97 33
37 98 43
37 99 99
37 100 11
37 101 35
37 102 17
37 103 97
37 104 46
37 105 73
38 39 1
38 40 42
38 41 4
38 42 22
38 43 90
38 44 19
38 45 77
38 46 82
38 47 73
38 48 54
38 49 39
38 50 37
38 51 45
38 52 57
38 53 17
38 54 77
38 55 41
38 56 41
38 57 53
38 58 94
38 59 98
38 60 16
38 61 61
38 62 21
38 63 20
38 64 95
38 65 43
38 66 66
38 67 100
38 68 29
38 69 7
38 70 9
38 71 45
38 72 15
38 73 19
38 74 64
38 75 1
38 76 1
38 77 90
38 78 33
38 79 90
38 80 82
38 81 63
38 82 88
38 83 80
38 84 46
38 85 28
38 86 19
38 87 29
38 88 99
38 89 60
38 90 7
38 91 91
38 92 27
38 93 100
38 94 36
38 95 99
38 96 18
38 97 72
38 98 81
38 99 9
38 100 20
38 101 24
38 102 97
38 103 27
38 104 53
38 105 87
39 40 39
39 41 26
39 42 54
39 43 68
39 44 6
39 45 60
39 46 27
39 47 75
39 48 48
39 49 97
39 50 32
39 51 13
39 52 38
39 53 69
39 54 61
39 55 2
39 56 98
39 57 95
39 58 18
39 59 38
39 60 100
39 61 99
39 62 31
39 63 61
39 64 2
39 65 24
39 66 83
39 67 22
39 68 67
39 69 65
39 70 92
39 71 51
39 72 44
39 73 21
39 74 34
39 75 38
39 76 75
39 77 62
39 78 10
39 79 56
39 80 71
39 81 32
39 82 52
39 83 95
39 84 54
39 85 100
39 86 25
39 87 46
39 88 27
39 89 95
39 90 14
39 91 88
39 92 3
39 93 28
39 94 5
39 95 11
39 96 38
39 97 15
39 98 2
39 99 90
39 100 6
39 101 54
39 102 11
39 103 74
39 104 16
39 105 75
40 41 6
40 42 16
40 43 47
40 44 98
40 45 79
40 46 85
40 47 45
40 48 44
40 49 14
40 50 43
40 51 73
40 52 76
40 53 29
40 54 49
40 55 17
40 56 74
40 57 98
40 58 55
40 59 39
40 60 82
40 61 93
40 62 50
40 63 12
40 64 43
40 65 40
40 66 35
40 67 23
40 68 69
40 69 14
40 70 62
40 71 44
40 72 79
40 73 90
40 74 11
40 75 35
40 76 2
40 77 7
40 78 14
40 79 30
40 80 2
40 81 50
40 82 61
40 83 49
40 84 70
40 85 75
40 86 48
40 87 27
40 88 74
40 89 91
40 90 76
40 91 39
40 92 52
40 93 59
40 94 30
40 95 93
40 96 6
40 97 61
40 98 87
40 99 68
40 100 80
40 101 78
40 102 46
40 103 9
40 104 76
40 105 31
41 42 52
41 43 80
41 44 4
41 45 74
41 46 61
41 47 12
41 48 72
41 49 11
41 50 73
41 51 17
41 52 19
41 53 81
41 54 18
41 55 82
41 56 19
41 57 73
41 58 63
41 59 40
41 60 29
41 61 19
41 62 66
41 63 86
41 64 29
41 65 4
41 66 94
41 67 85
41 68 100
41 69 82
41 70 90
41 71 68
41 72 77
41 73 67
41 74 55
41 75 60
41 76 87
41 77 68
41 78 74
41 79 33
41 80 71
41 81 31
41 82 99
41 83 48
41 84 57
41 85 10
41 86 17
41 87 72
41 88 91
41 89 11
41 90 88
41 91 20
41 92 81
41 93 42
41 94 15
41 95 70
41 96 56
41 97 4
41 98 44
41 99 99
41 100 4
41 101 16
41 102 34
41 103 61
41 104 87
41 105 92
42 43 2
42 44 6
42 45 9
42 46 39
42 47 22
42 48 71
42 49 3
42 50 81
42 51 83
42 52 33
42 53 39
42 54 97
42 55 95
42 56 16
42 57 62
42 58 47
42 59 4
42 60 54
42 61 91
42 62 2
42 63 67
42 64 60
42 65 24
42 66 48
42 67 62
42 68 22
42 69 27
42 70 84
42 71 83
42 72 45
42 73 88
42 74 97
42 75 73
42 76 48
42 77 58
42 78 73
42 79 86
42 80 99
42 81 62
42 82 21
42 83 97
42 84 37
42 85 6
42 86 74
42 87 20
42 88 78
42 89 28
42 90 71
42 91 11
42 92 35
42 93 42
42 94 100
42 95 7
42 96 28
42 97 14
42 98 94
42 99 80
42 100 26
42 101 27
42 102 29
42 103 38
42 104 72
42 105 37
43 44 48
43 45 10
43 46 39
43 47 93
43 48 74
43 49 39
43 50 6
43 51 73
43 52 42
43 53 73
43 54 63
43 55 13
43 56 66
43 57 32
43 58 82
43 59 9
43 60 12
43 61 58
43 62 68
43 63 28
43 64 52
43 65 99
43 66 23
43 67 12
43 68 43
43 69 93
43 70 76
43 71 53
43 72 48
43 73 26
43 74 23
43 75 86
43 76 96
43 77 19
43 78 26
43 79 4
43 80 60
43 81 7
43 82 18
43 83 66
43 84 17
43 85 69
43 86 32
43 87 36
43 88 16
43 89 30
43 90 85
43 91 52
43 92 69
43 93 13
43 94 82
43 95 3
43 96 16
43 97 21
43 98 21
43 99 64
43 100 89
43 101 47
43 102 95
43 103 4
43 104 2
43 105 7
44 45 65
44 46 2
44 47 45
44 48 64
44 49 8
44 50 19
44 51 95
44 52 90
44 53 90
44 54 50
44 55 89
44 56 68
44 57 98
44 58 89
44 59 89
44 60 50
44 61 18
44 62 9
44 63 43
44 64 65
44 65 16
44 66 16
44 67 100
44 68 93
44 69 9
44 70 91
44 71 80
44 72 72
44 73 41
44 74 64
44 75 51
44 76 39
44 77 92
44 78 3
44 79 90
44 80 19
44 81 84
44 82 83
44 83 61
44 84 47
44 85 99
44 86 65
44 87 23
44 88 9
44 89 28
44 90 18
44 91 97
44 92 45
44 93 10
44 94 13
44 95 30
44 96 17
44 97 50
44 98 66
44 99 45
44 100 30
44 101 36
44 102 17
44 103 15
44 104 32
44 105 16
45 46 24
45 47 82
45 48 11
45 49 39
45 50 74
45 51 40
45 52 55
45 53 10
45 54 62
45 55 8
45 56 57
45 57 54
45 58 91
45 59 64
45 60 24
45 61 49
45 62 18
45 63 37
45 64 51
45 65 57
45 66 28
45 67 83
45 68 53
45 69 83
45 70 50
45 71 85
45 72 19
45 73 30
45 74 9
45 75 60
45 76 9
45 77 22
45 78 28
45 79 46
45 80 38
45 81 11
45 82 28
45 83 50
45 84 43
45 85 41
45 86 78
45 87 17
45 88 81
45 89 42
45 90 34
45 91 34
45 92 2
45 93 86
45 94 60
45 95 97
45 96 84
45 97 31
45 98 98
45 99 5
45 100 62
45 101 33
45 102 37
45 103 45
45 104 10
45 105 15
46 47 19
46 48 73
46 49 83
46 50 29
46 51 35
46 52 97
46 53 22
46 54 34
46 55 54
46 56 73
46 57 72
46 58 12
46 59 62
46 60 41
46 61 53
46 62 37
46 63 75
46 64 2
46 65 42
46 66 68
46 67 83
46 68 57
46 69 40
46 70 24
46 71 23
46 72 12
46 73 3
46 74 68
46 75 53
46 76 23
46 77 52
46 78 45
46 79 7
46 80 22
46 81 84
46 82 61
46 83 13
46 84 46
46 85 6
46 86 99
46 87 44
46 88 61
46 89 22
46 90 24
46 91 27
46 92 60
46 93 13
46 94 13
46 95 54
46 96 18
46 97 45
46 98 66
46 99 7
46 100 95
46 101 61
46 102 31
46 103 32
46 104 81
46 105 49
47 48 10
47 49 39
47 50 78
47 51 63
47 52 3
47 53 16
47 54 98
47 55 65
47 56 61
47 57 34
47 58 77
47 59 57
47 60 10
47 61 91
47 62 85
47 63 64
47 64 70
47 65 95
47 66 96
47 67 57
47 68 30
47 69 79
47 70 99
47 71 73
47 72 98
47 73 74
47 74 62
47 75 48
47 76 63
47 77 94
47 78 58
47 79 70
47 80 45
47 81 38
47 82 2
47 83 74
47 84 39
47 85 66
47 86 68
47 87 12
47 88 53
47 89 79
47 90 64
47 91 5
47 92 25
47 93 67
47 94 96
47 95 62
47 96 86
47 97 11
47 98 74
47 99 31
47 100 71
47 101 79
47 102 91
47 103 11
47 104 19
47 105 94
48 49 72
48 50 1
48 51 78
48 52 49
48 53 18
48 54 33
48 55 63
48 56 5
48 57 32
48 58 94
48 59 72
48 60 15
48 61 81
48 62 57
48 63 90
48 64 13
48 65 45
48 66 83
48 67 17
48 68 12
48 69 68
48 70 61
48 71 89
48 72 51
48 73 88
48 74 24
48 75 52
48 76 19
48 77 29
48 78 69
48 79 26
48 80 44
48 81 20
48 82 37
48 83 61
48 84 35
48 85 26
48 86 34
48 87 85
48 88 8
48 89 27
48 90 100
48 91 95
48 92 28
48 93 54
48 94 36
48 95 62
48 96 95
48 97 66
48 98 42
48 99 45
48 100 50
48 101 73
48 102 88
48 103 38
48 104 47
48 105 71
49 50 75
49 51 32
49 52 52
49 53 50
49 54 17
49 55 71
49 56 36
49 57 49
49 58 59
49 59 97
49 60 67
49 61 82
49 62 96
49 63 6
49 64 3
49 65 34
49 66 81
49 67 27
49 68 28
49 69 45
49 70 2
49 71 71
49 72 31
49 73 26
49 74 97
49 75 15
49 76 5
49 77 66
49 78 79
49 79 87
49 80 75
49 81 27
49 82 72
49 83 69
49 84 33
49 85 80
49 86 76
49 87 73
49 88 13
49 89 23
49 90 41
49 91 19
49 92 31
49 93 46
49 94 70
49 95 22
49 96 78
49 97 60
49 98 45
49 99 55
49 100 1
49 101 48
49 102 18
49 103 36
49 104 88
49 105 90
50 51 100
50 52 70
50 53 7
50 54 33
50 55 51
50 56 53
50 57 11
50 58 34
50 59 30
50 60 29
50 61 55
50 62 93
50 63 20
50 64 3
50 65 35
50 66 9
50 67 46
50 68 9
50 69 4
50 70 9
50 71 8
50 72 33
50 73 75
50 74 1
50 75 80
50 76 32
50 77 24
50 78 10
50 79 44
50 80 76
50 81 69
50 82 16
50 83 93
50 84 54
50 85 64
50 86 46
50 87 67
50 88 87
50 89 63
50 90 71
50 91 68
50 92 41
50 93 89
50 94 80
50 95 100
50 96 70
50 97 28
50 98 86
50 99 100
50 100 47
50 101 20
50 102 91
50 103 75
50 104 13
50 105 68
51 52 74
51 53 65
51 54 66
51 55 32
51 56 29
51 57 62
51 58 7
51 59 93
51 60 42
51 61 32
51 62 66
51 63 53
51 64 13
51 65 63
51 66 22
51 67 50
51 68 55
51 69 89
51 70 93
51 71 6
51 72 95
51 73 3
51 74 65
51 75 88
51 76 57
51 77 2
51 78 63
51 79 75
51 80 67
51 81 42
51 82 91
51 83 93
51 84 18
51 85 29
51 86 28
51 87 63
51 88 95
51 89 1
51 90 88
51 91 58
51 92 59
51 93 40
51 94 12
51 95 57
51 96 7
51 97 24
51 98 32
51 99 72
51 100 76
51 101 68
51 102 54
51 103 23
51 104 100
51 105 41
52 53 59
52 54 44
52 55 69
52 56 23
52 57 16
52 58 50
52 59 83
52 60 18
52 61 35
52 62 100
52 63 34
52 64 34
52 65 99
52 66 79
52 67 86
52 68 70
52 69 97
52 70 96
52 71 98
52 72 15
52 73 98
52 74 88
52 75 7
52 76 75
52 77 46
52 78 21
52 79 25
52 80 2
52 81 7
52 82 82
52 83 39
52 84 57
52 85 25
52 86 59
52 87 76
52 88 48
52 89 87
52 90 93
52 91 96
52 92 24
52 93 5
52 94 37
52 95 88
52 96 25
52 97 62
52 98 3
52 99 16
52 100 95
52 101 88
52 102 33
52 103 45
52 104 46
52 105 80
53 54 94
53 55 69
53 56 9
53 57 42
53 58 14
53 59 98
53 60 69
53 61 23
53 62 69
53 63 60
53 64 88
53 65 45
53 66 81
53 67 25
53 68 49
53 69 69
53 70 75
53 71 15
53 72 36
53 73 44
53 74 63
53 75 1
53 76 69
53 77 47
53 78 87
53 79 53
53 80 58
53 81 34
53 82 65
53 83 67
53 84 43
53 85 12
53 86 71
53 87 46
53 88 70
53 89 33
53 90 64
53 91 73
53 92 87
53 93 17
53 94 26
53 95 97
53 96 9
53 97 11
53 98 87
53 99 26
53 100 6
53 101 56
53 102 91
53 103 48
53 104 37
53 105 17
54 55 36
54 56 16
54 57 17
54 58 40
54 59 38
54 60 85
54 61 67
54 62 24
54 63 82
54 64 32
54 65 84
54 66 42
54 67 54
54 68 51
54 69 58
54 70 71
54 71 86
54 72 4
54 73 6
54 74 78
54 75 93
54 76 27
54 77 44
54 78 54
54 79 61
54 80 86
54 81 96
54 82 72
54 83 90
54 84 35
54 85 66
54 86 100
54 87 85
54 88 39
54 89 20
54 90 60
54 91 80
54 92 99
54 93 70
54 94 55
54 95 33
54 96 97
54 97 93
54 98 9
54 99 54
54 100 91
54 101 88
54 102 61
54 103 46
54 104 47
54 105 20
55 56 38
55 57 18
55 58 44
55 59 8
55 60 75
55 61 44
55 62 98
55 63 13
55 64 36
55 65 12
55 66 30
55 67 7
55 68 18
55 69 17
55 70 98
55 71 56
55 72 65
55 73 1
55 74 84
55 75 23
55 76 37
55 77 30
55 78 21
55 79 96
55 80 28
55 81 9
55 82 24
55 83 17
55 84 46
55 85 35
55 86 62
55 87 39
55 88 69
55 89 7
55 90 40
55 91 56
55 92 79
55 93 3
55 94 25
55 95 55
55 96 50
55 97 17
55 98 4
55 99 90
55 100 72
55 101 69
55 102 25
55 103 44
55 104 12
55 105 28
56 57 16
56 58 11
56 59 11
56 60 29
56 61 86
56 62 36
56 63 9
56 64 23
56 65 88
56 66 66
56 67 26
56 68 1
56 69 14
56 70 20
56 71 29
56 72 99
56 73 25
56 74 64
56 75 5
56 76 44
56 77 30
56 78 26
56 79 47
56 80 94
56 81 40
56 82 51
56 83 6
56 84 40
56 85 98
56 86 5
56 87 4
56 88 33
56 89 91
56 90 54
56 91 73
56 92 39
56 93 47
56 94 77
56 95 24
56 96 56
56 97 53
56 98 24
56 99 37
56 100 53
56 101 78
56 102 44
56 103 89
56 104 28
56 105 17
57 58 13
57 59 78
57 60 59
57 61 88
57 62 35
57 63 73
57 64 74
57 65 75
57 66 70
57 67 41
57 68 89
57 69 62
57 70 13
57 71 15
57 72 44
57 73 61
57 74 42
57 75 92
57 76 78
57 77 9
57 78 11
57 79 96
57 80 90
57 81 49
57 82 27
57 83 2
57 84 91
57 85 23
57 86 73
57 87 98
57 88 53
57 89 26
57 90 21
57 91 7
57 92 88
57 93 94
57 94 37
57 95 27
57 96 95
57 97 92
57 98 6
57 99 77
57 100 73
57 101 59
57 102 91
57 103 48
57 104 30
57 105 44
58 59 27
58 60 30
58 61 94
58 62 71
58 63 5
58 64 72
58 65 27
58 66 53
58 67 17
58 68 2
58 69 94
58 70 98
58 71 70
58 72 57
58 73 100
58 74 13
58 75 76
58 76 19
58 77 46
58 78 70
58 79 93
58 80 25
58 81 27
58 82 79
58 83 61
58 84 52
58 85 95
58 86 58
58 87 84
58 88 53
58 89 33
58 90 99
58 91 45
58 92 6
58 93 87
58 94 79
58 95 65
58 96 37
58 97 89
58 98 88
58 99 30
58 100 73
58 101 50
58 102 44
58 103 87
58 104 88
58 105 93
59 60 84
59 61 6
59 62 3
59 63 61
59 64 95
59 65 42
59 66 48
59 67 57
59 68 66
59 69 2
59 70 25
59 71 47
59 72 83
59 73 89
59 74 54
59 75 88
59 76 92
59 77 97
59 78 25
59 79 27
59 80 46
59 81 50
59 82 18
59 83 18
59 84 91
59 85 21
59 86 24
59 87 51
59 88 77
59 89 5
59 90 77
59 91 8
59 92 53
59 93 9
59 94 28
59 95 74
59 96 100
59 97 73
59 98 15
59 99 21
59 100 15
59 101 26
59 102 21
59 103 36
59 104 39
59 105 98
60 61 2
60 62 42
60 63 34
60 64 60
60 65 2
60 66 72
60 67 43
60 68 32
60 69 29
60 70 76
60 71 93
60 72 34
60 73 94
60 74 61
60 75 87
60 76 7
60 77 9
60 78 46
60 79 98
60 80 46
60 81 72
60 82 75
60 83 60
60 84 71
60 85 46
60 86 42
60 87 34
60 88 52
60 89 24
60 90 1
60 91 82
60 92 79
60 93 41
60 94 89
60 95 19
60 96 76
60 97 74
60 98 66
60 99 67
60 100 16
60 101 23
60 102 89
60 103 53
60 104 24
60 105 85
61 62 9
61 63 35
61 64 59
61 65 63
61 66 10
61 67 18
61 68 44
61 69 81
61 70 57
61 71 85
61 72 89
61 73 63
61 74 72
61 75 69
61 76 39
61 77 75
61 78 84
61 79 9
61 80 16
61 81 54
61 82 12
61 83 46
61 84 32
61 85 14
61 86 9
61 87 72
61 88 90
61 89 20
61 90 40
61 91 40
61 92 60
61 93 12
61 94 12
61 95 39
61 96 86
61 97 89
61 98 10
61 99 15
61 100 80
61 101 92
61 102 52
61 103 84
61 104 85
61 105 13
62 63 50
62 64 82
62 65 61
62 66 92
62 67 23
62 68 32
62 69 27
62 70 65
62 71 42
62 72 4
62 73 15
62 74 2
62 75 41
62 76 9
62 77 41
62 78 5
62 79 98
62 80 44
62 81 30
62 82 74
62 83 30
62 84 54
62 85 72
62 86 94
62 87 20
62 88 46
62 89 94
62 90 68
62 91 5
62 92 99
62 93 73
62 94 59
62 95 62
62 96 19
62 97 50
62 98 36
62 99 65
62 100 22
62 101 67
62 102 98
62 103 23
62 104 80
62 105 85
63 64 28
63 65 47
63 66 28
63 67 65
63 68 8
63 69 25
63 70 12
63 71 48
63 72 56
63 73 42
63 74 88
63 75 31
63 76 21
63 77 54
63 78 48
63 79 22
63 80 84
63 81 3
63 82 35
63 83 22
63 84 97
63 85 60
63 86 73
63 87 84
63 88 75
63 89 92
63 90 76
63 91 50
63 92 33
63 93 26
63 94 92
63 95 5
63 96 12
63 97 33
63 98 21
63 99 90
63 100 33
63 101 97
63 102 95
63 103 52
63 104 100
63 105 44
64 65 36
64 66 48
64 67 22
64 68 41
64 69 32
64 70 27
64 71 36
64 72 58
64 73 5
64 74 22
64 75 55
64 76 45
64 77 41
64 78 91
64 79 95
64 80 14
64 81 60
64 82 48
64 83 35
64 84 73
64 85 81
64 86 2
64 87 75
64 88 34
64 89 72
64 90 56
64 91 91
64 92 45
64 93 15
64 94 39
64 95 26
64 96 68
64 97 61
64 98 52
64 99 93
64 100 74
64 101 89
64 102 93
64 103 97
64 104 36
64 105 8
65 66 22
65 67 100
65 68 89
65 69 82
65 70 72
65 71 32
65 72 98
65 73 76
65 74 84
65 75 52
65 76 56
65 77 35
65 78 12
65 79 54
65 80 90
65 81 79
65 82 56
65 83 8
65 84 96
65 85 5
65 86 94
65 87 39
65 88 10
65 89 70
65 90 30
65 91 79
65 92 82
65 93 31
65 94 83
65 95 10
65 96 71
65 97 99
65 98 72
65 99 14
65 100 52
65 101 84
65 102 73
65 103 25
65 104 70
65 105 48
66 67 20
66 68 12
66 69 62
66 70 45
66 71 37
66 72 86
66 73 52
66 74 89
66 75 39
66 76 77
66 77 10
66 78 21
66 79 56
66 80 35
66 81 46
66 82 1
66 83 16
66 84 34
66 85 59
66 86 47
66 87 56
66 88 56
66 89 51
66 90 41
66 91 75
66 92 84
66 93 52
66 94 5
66 95 24
66 96 51
66 97 95
66 98 24
66 99 100
66 100 76
66 101 15
66 102 77
66 103 60
66 104 88
66 105 76
67 68 24
67 69 35
67 70 23
67 71 39
67 72 94
67 73 37
67 74 26
67 75 61
67 76 13
67 77 47
67 78 33
67 79 98
67 80 8
67 81 89
67 82 32
67 83 73
67 84 99
67 85 97
67 86 68
67 87 15
67 88 93
67 89 52
67 90 43
67 91 80
67 92 18
67 93 33
67 94 83
67 95 12
67 96 17
67 97 9
67 98 78
67 99 95
67 100 85
67 101 27
67 102 32
67 103 44
67 104 24
67 105 96
68 69 60
68 70 53
68 71 97
68 72 83
68 73 10
68 74 98
68 75 35
68 76 57
68 77 55
68 78 95
68 79 56
68 80 43
68 81 100
68 82 11
68 83 67
68 84 31
68 85 90
68 86 25
68 87 60
68 88 3
68 89 3
68 90 30
68 91 17
68 92 71
68 93 55
68 94 48
68 95 29
68 96 49
68 97 81
68 98 9
68 99 65
68 100 55
68 101 16
68 102 77
68 103 85
68 104 22
68 105 69
69 70 56
69 71 83
69 72 26
69 73 74
69 74 4
69 75 70
69 76 5
69 77 39
69 78 64
69 79 72
69 80 15
69 81 80
69 82 76
69 83 18
69 84 86
69 85 48
69 86 49
69 87 56
69 88 60
69 89 58
69 90 28
69 91 90
69 92 42
69 93 22
69 94 6
69 95 70
69 96 83
69 97 2
69 98 37
69 99 55
69 100 92
69 101 15
69 102 89
69 103 30
69 104 91
69 105 71
70 71 68
70 72 83
70 73 61
70 74 56
70 75 53
70 76 69
70 77 89
70 78 59
70 79 23
70 80 57
70 81 23
70 82 85
70 83 90
70 84 62
70 85 23
70 86 7
70 87 57
70 88 73
70 89 57
70 90 42
70 91 22
70 92 4
70 93 87
70 94 59
70 95 14
70 96 39
70 97 64
70 98 44
70 99 98
70 100 36
70 101 10
70 102 8
70 103 7
70 104 34
70 105 43
71 72 66
71 73 74
71 74 95
71 75 17
71 76 17
71 77 78
71 78 68
71 79 29
71 80 25
71 81 85
71 82 57
71 83 69
71 84 76
71 85 82
71 86 15
71 87 71
71 88 95
71 89 24
71 90 60
71 91 65
71 92 17
71 93 82
71 94 46
71 95 30
71 96 20
71 97 50
71 98 24
71 99 25
71 100 100
71 101 30
71 102 97
71 103 76
71 104 13
71 105 95
72 73 9
72 74 67
72 75 99
72 76 1
72 77 8
72 78 63
72 79 7
72 80 3
72 81 44
72 82 33
72 83 8
72 84 97
72 85 82
72 86 71
72 87 1
72 88 9
72 89 9
72 90 22
72 91 76
72 92 48
72 93 69
72 94 34
72 95 75
72 96 49
72 97 90
72 98 38
72 99 16
72 100 97
72 101 78
72 102 41
72 103 71
72 104 98
72 105 82
73 74 13
73 75 26
73 76 17
73 77 36
73 78 49
73 79 26
73 80 85
73 81 10
73 82 40
73 83 39
73 84 79
73 85 35
73 86 6
73 87 19
73 88 28
73 89 87
73 90 70
73 91 60
73 92 91
73 93 68
73 94 33
73 95 93
73 96 97
73 97 45
73 98 90
73 99 45
73 100 86
73 101 6
73 102 54
73 103 59
73 104 31
73 105 33
74 75 24
74 76 70
74 77 57
74 78 59
74 79 26
74 80 80
74 81 1
74 82 84
74 83 17
74 84 86
74 85 36
74 86 29
74 87 62
74 88 79
74 89 40
74 90 65
74 91 87
74 92 65
74 93 9
74 94 4
74 95 43
74 96 43
74 97 29
74 98 57
74 99 81
74 100 16
74 101 97
74 102 76
74 103 86
74 104 56
74 105 44
75 76 99
75 77 29
75 78 48
75 79 62
75 80 1
75 81 22
75 82 42
75 83 25
75 84 84
75 85 15
75 86 92
75 87 30
75 88 51
75 89 20
75 90 11
75 91 68
75 92 14
75 93 94
75 94 20
75 95 42
75 96 57
75 97 7
75 98 1
75 99 87
75 100 15
75 101 77
75 102 63
75 103 98
75 104 22
75 105 65
76 77 58
76 78 20
76 79 62
76 80 19
76 81 21
76 82 64
76 83 1
76 84 83
76 85 13
76 86 43
76 87 84
76 88 66
76 89 94
76 90 15
76 91 42
76 92 74
76 93 41
76 94 61
76 95 15
76 96 43
76 97 35
76 98 80
76 99 69
76 100 8
76 101 37
76 102 33
76 103 19
76 104 1
76 105 27
77 78 99
77 79 70
77 80 63
77 81 17
77 82 50
77 83 36
77 84 17
77 85 61
77 86 6
77 87 1
77 88 45
77 89 71
77 90 88
77 91 22
77 92 82
77 93 36
77 94 53
77 95 37
77 96 53
77 97 87
77 98 31
77 99 92
77 100 74
77 101 92
77 102 96
77 103 48
77 104 70
77 105 10
78 79 21
78 80 97
78 81 57
78 82 17
78 83 62
78 84 40
78 85 31
78 86 40
78 87 83
78 88 5
78 89 96
78 90 73
78 91 62
78 92 81
78 93 95
78 94 42
78 95 66
78 96 75
78 97 64
78 98 50
78 99 79
78 100 97
78 101 52
78 102 29
78 103 23
78 104 52
78 105 78
79 80 14
79 81 10
79 82 89
79 83 29
79 84 43
79 85 30
79 86 45
79 87 8
79 88 41
79 89 68
79 90 79
79 91 85
79 92 29
79 93 29
79 94 79
79 95 72
79 96 78
79 97 29
79 98 9
79 99 24
79 100 36
79 101 47
79 102 43
79 103 36
79 104 26
79 105 53
80 81 48
80 82 26
80 83 69
80 84 11
80 85 61
80 86 4
80 87 71
80 88 49
80 89 31
80 90 20
80 91 10
80 92 12
80 93 54
80 94 15
80 95 35
80 96 85
80 97 61
80 98 53
80 99 29
80 100 88
80 101 35
80 102 4
80 103 85
80 104 95
80 105 93
81 82 2
81 83 100
81 84 16
81 85 41
81 86 96
81 87 49
81 88 80
81 89 61
81 90 65
81 91 56
81 92 69
81 93 4
81 94 13
81 95 58
81 96 15
81 97 34
81 98 100
81 99 70
81 100 64
81 101 23
81 102 63
81 103 96
81 104 10
81 105 35
82 83 33
82 84 29
82 85 66
82 86 92
82 87 59
82 88 14
82 89 95
82 90 98
82 91 40
82 92 100
82 93 89
82 94 36
82 95 52
82 96 55
82 97 2
82 98 60
82 99 100
82 100 34
82 101 79
82 102 33
82 103 11
82 104 19
82 105 9
83 84 39
83 85 67
83 86 4
83 87 71
83 88 5
83 89 52
83 90 47
83 91 27
83 92 48
83 93 40
83 94 50
83 95 41
83 96 54
83 97 50
83 98 23
83 99 81
83 100 46
83 101 13
83 102 54
83 103 19
83 104 90
83 105 49
84 85 36
84 86 84
84 87 27
84 88 56
84 89 80
84 90 11
84 91 78
84 92 90
84 93 25
84 94 86
84 95 73
84 96 52
84 97 57
84 98 17
84 99 25
84 100 20
84 101 41
84 102 26
84 103 70
84 104 91
84 105 74
85 86 17
85 87 48
85 88 29
85 89 52
85 90 20
85 91 37
85 92 16
85 93 81
85 94 10
85 95 47
85 96 72
85 97 50
85 98 47
85 99 67
85 100 8
85 101 51
85 102 98
85 103 78
85 104 42
85 105 73
86 87 28
86 88 2
86 89 10
86 90 21
86 91 87
86 92 69
86 93 20
86 94 20
86 95 69
86 96 94
86 97 82
86 98 65
86 99 88
86 100 84
86 101 95
86 102 69
86 103 94
86 104 74
86 105 67
87 88 96
87 89 35
87 90 45
87 91 89
87 92 44
87 93 12
87 94 15
87 95 14
87 96 95
87 97 70
87 98 6
87 99 9
87 100 69
87 101 2
87 102 21
87 103 72
87 104 96
87 105 19
88 89 21
88 90 53
88 91 18
88 92 70
88 93 65
88 94 69
88 95 34
88 96 48
88 97 87
88 98 51
88 99 37
88 100 8
88 101 4
88 102 26
88 103 60
88 104 93
88 105 82
89 90 60
89 91 97
89 92 32
89 93 58
89 94 35
89 95 37
89 96 4
89 97 86
89 98 5
89 99 35
89 100 11
89 101 28
89 102 59
89 103 25
89 104 17
89 105 35
90 91 47
90 92 42
90 93 29
90 94 18
90 95 57
90 96 1
90 97 51
90 98 18
90 99 58
90 100 10
90 101 50
90 102 5
90 103 6
90 104 91
90 105 49
91 92 44
91 93 14
91 94 30
91 95 89
91 96 13
91 97 71
91 98 54
91 99 26
91 100 29
91 101 35
91 102 42
91 103 56
91 104 64
91 105 54
92 93 35
92 94 79
92 95 95
92 96 78
92 97 27
92 98 55
92 99 44
92 100 48
92 101 71
92 102 46
92 103 93
92 104 52
92 105 5
93 94 98
93 95 59
93 96 10
93 97 64
93 98 80
93 99 95
93 100 72
93 101 94
93 102 65
93 103 9
93 104 4
93 105 97
94 95 6
94 96 86
94 97 58
94 98 61
94 99 43
94 100 98
94 101 34
94 102 54
94 103 59
94 104 45
94 105 25
95 96 35
95 97 51
95 98 73
95 99 64
95 100 94
95 101 13
95 102 100
95 103 89
95 104 21
95 105 37
96 97 83
96 98 81
96 99 73
96 100 73
96 101 89
96 102 53
96 103 6
96 104 41
96 105 78
97 98 93
97 99 55
97 100 6
97 101 48
97 102 39
97 103 34
97 104 72
97 105 97
98 99 48
98 100 29
98 101 30
98 102 7
98 103 40
98 104 67
98 105 87
99 100 35
99 101 67
99 102 10
99 103 4
99 104 54
99 105 41
100 101 47
100 102 88
100 103 96
100 104 20
100 105 67
101 102 54
101 103 22
101 104 57
101 105 80
102 103 3
102 104 39
102 105 77
103 104 60
103 105 45
104 105 23
