90 4005 89
1 2 57
1 3 4
1 4 34
1 5 63
1 6 92
1 7 36
1 8 3
1 9 84
1 10 100
1 11 7
1 12 86
1 13 16
1 14 89
1 15 80
1 16 73
1 17 64
1 18 31
1 19 49
1 20 33
1 21 9
1 22 93
1 23 23
1 24 58
1 25 14
1 26 23
1 27 98
1 28 22
1 29 33
1 30 39
1 31 54
1 32 13
1 33 55
1 34 100
1 35 76
1 36 45
1 37 27
1 38 83
1 39 54
1 40 6
1 41 41
1 42 63
1 43 19
1 44 68
1 45 70
1 46 67
1 47 45
1 48 3
1 49 17
1 50 87
1 51 55
1 52 11
1 53 4
1 54 77
1 55 10
1 56 90
1 57 42
1 58 32
1 59 100
1 60 48
1 61 93
1 62 49
1 63 10
1 64 6
1 65 5
1 66 54
1 67 33
1 68 80
1 69 48
1 70 75
1 71 1
1 72 11
1 73 5
1 74 60
1 75 76
1 76 18
1 77 94
1 78 58
1 79 71
1 80 36
1 81 83
1 82 92
1 83 81
1 84 8
1 85 72
1 86 78
1 87 68
1 88 100
1 89 71
1 90 50
2 3 89
2 4 7
2 5 95
2 6 34
2 7 14
2 8 37
2 9 50
2 10 5
2 11 72
2 12 11
2 13 74
2 14 26
2 15 32
2 16 24
2 17 1
2 18 65
2 19 48
2 20 38
2 21 74
2 22 25
2 23 60
2 24 28
2 25 88
2 26 81
2 27 82
2 28 44
2 29 1
2 30 6
2 31 78
2 32 1
2 33 39
2 34 12
2 35 79
2 36 1
2 37 4
2 38 20
2 39 21
2 40 44
2 41 41
2 42 5
2 43 16
2 44 36
2 45 39
2 46 3
2 47 26
2 48 30
2 49 15
2 50 88
2 51 73
2 52 71
2 53 90
2 54 16
2 55 38
2 56 37
2 57 27
2 58 91
2 59 40
2 60 47
2 61 54
2 62 77
2 63 71
2 64 96
2 65 4
2 66 6
2 67 51
2 68 96
2 69 64
2 70 25
2 71 22
2 72 20
2 73 58
2 74 84
2 75 25
2 76 24
2 77 56
2 78 41
2 79 94
2 80 55
2 81 28
2 82 66
2 83 88
2 84 52
2 85 63
2 86 54
2 87 52
2 88 2
2 89 24
2 90 1
3 4 72
3 5 38
3 6 27
3 7 39
3 8 41
3 9 89
3 10 53
3 11 87
3 12 51
3 13 98
3 14 51
3 15 52
3 16 56
3 17 54
3 18 34
3 19 45
3 20 78
3 21 73
3 22 73
3 23 2
3 24 14
3 25 59
3 26 97
3 27 14
3 28 5
3 29 83
3 30 85
3 31 15
3 32 21
3 33 100
3 34 61
3 35 89
3 36 55
3 37 24
3 38 93
3 39 65
3 40 56
3 41 40
3 42 6
3 43 42
3 44 9
3 45 97
3 46 1
3 47 62
3 48 83
3 49 93
3 50 12
3 51 89
3 52 3
3 53 86
3 54 67
3 55 86
3 56 2
3 57 44
3 58 70
3 59 65
3 60 87
3 61 27
3 62 62
3 63 97
3 64 37
3 65 36
3 66 90
3 67 58
3 68 20
3 69 45
3 70 31
3 71 61
3 72 18
3 73 64
3 74 30
3 75 69
3 76 65
3 77 94
3 78 2
3 79 31
3 80 12
3 81 80
3 82 21
3 83 4
3 84 60
3 85 35
3 86 73
3 87 13
3 88 69
3 89 98
3 90 74
4 5 48
4 6 41
4 7 95
4 8 83
4 9 36
4 10 81
4 11 97
4 12 25
4 13 42
4 14 77
4 15 20
4 16 70
4 17 14
4 18 95
4 19 94
4 20 11
4 21 15
4 22 38
4 23 11
4 24 46
4 25 81
4 26 69
4 27 39
4 28 97
4 29 94
4 30 90
4 31 55
4 32 3
4 33 71
4 34 46
4 35 78
4 36 57
4 37 73
4 38 96
4 39 3
4 40 29
4 41 64
4 42 67
4 43 51
4 44 39
4 45 67
4 46 96
4 47 25
4 48 30
4 49 16
4 50 94
4 51 93
4 52 16
4 53 47
4 54 74
4 55 29
4 56 37
4 57 36
4 58 16
4 59 52
4 60 47
4 61 91
4 62 95
4 63 73
4 64 89
4 65 69
4 66 54
4 67 40
4 68 7
4 69 91
4 70 100
4 71 95
4 72 55
4 73 42
4 74 13
4 75 17
4 76 98
4 77 16
4 78 57
4 79 36
4 80 20
4 81 78
4 82 92
4 83 64
4 84 43
4 85 52
4 86 34
4 87 11
4 88 78
4 89 48
4 90 22
5 6 58
5 7 51
5 8 89
5 9 93
5 10 82
5 11 12
5 12 50
5 13 71
5 14 31
5 15 86
5 16 4
5 17 80
5 18 92
5 19 14
5 20 60
5 21 7
5 22 19
5 23 48
5 24 59
5 25 89
5 26 53
5 27 32
5 28 87
5 29 10
5 30 52
5 31 69
5 32 82
5 33 98
5 34 50
5 35 69
5 36 69
5 37 85
5 38 29
5 39 22
5 40 86
5 41 52
5 42 67
5 43 43
5 44 30
5 45 66
5 46 21
5 47 89
5 48 19
5 49 58
5 50 98
5 51 72
5 52 53
5 53 31
5 54 52
5 55 22
5 56 99
5 57 98
5 58 54
5 59 6
5 60 1
5 61 89
5 62 3
5 63 40
5 64 34
5 65 44
5 66 17
5 67 33
5 68 24
5 69 70
5 70 28
5 71 16
5 72 58
5 73 86
5 74 10
5 75 78
5 76 28
5 77 61
5 78 48
5 79 8
5 80 39
5 81 21
5 82 68
5 83 27
5 84 25
5 85 71
5 86 4
5 87 95
5 88 38
5 89 14
5 90 74
6 7 23
6 8 68
6 9 87
6 10 33
6 11 18
6 12 41
6 13 87
6 14 60
6 15 35
6 16 75
6 17 52
6 18 12
6 19 5
6 20 85
6 21 16
6 22 18
6 23 83
6 24 86
6 25 5
6 26 84
6 27 41
6 28 8
6 29 40
6 30 31
6 31 9
6 32 88
6 33 47
6 34 41
6 35 32
6 36 40
6 37 31
6 38 18
6 39 22
6 40 97
6 41 95
6 42 95
6 43 75
6 44 26
6 45 78
6 46 87
6 47 63
6 48 22
6 49 91
6 50 87
6 51 46
6 52 90
6 53 45
6 54 76
6 55 73
6 56 97
6 57 43
6 58 37
6 59 17
6 60 25
6 61 22
6 62 71
6 63 98
6 64 14
6 65 92
6 66 10
6 67 87
6 68 52
6 69 22
6 70 55
6 71 65
6 72 100
6 73 86
6 74 66
6 75 93
6 76 57
6 77 57
6 78 23
6 79 22
6 80 17
6 81 89
6 82 83
6 83 18
6 84 47
6 85 26
6 86 39
6 87 43
6 88 6
6 89 32
6 90 100
7 8 77
7 9 71
7 10 88
7 11 69
7 12 44
7 13 94
7 14 85
7 15 46
7 16 70
7 17 71
7 18 19
7 19 11
7 20 18
7 21 72
7 22 17
7 23 43
7 24 10
7 25 9
7 26 25
7 27 85
7 28 9
7 29 55
7 30 29
7 31 54
7 32 20
7 33 42
7 34 34
7 35 10
7 36 2
7 37 93
7 38 92
7 39 38
7 40 67
7 41 5
7 42 77
7 43 15
7 44 2
7 45 72
7 46 90
7 47 76
7 48 79
7 49 46
7 50 6
7 51 57
7 52 70
7 53 55
7 54 76
7 55 100
7 56 61
7 57 89
7 58 43
7 59 41
7 60 26
7 61 51
7 62 67
7 63 83
7 64 94
7 65 58
7 66 60
7 67 60
7 68 16
7 69 41
7 70 52
7 71 4
7 72 50
7 73 38
7 74 33
7 75 13
7 76 68
7 77 97
7 78 88
7 79 88
7 80 24
7 81 40
7 82 98
7 83 25
7 84 14
7 85 36
7 86 22
7 87 29
7 88 39
7 89 76
7 90 79
8 9 99
8 10 35
8 11 66
8 12 53
8 13 24
8 14 26
8 15 43
8 16 22
8 17 68
8 18 84
8 19 80
8 20 12
8 21 18
8 22 31
8 23 59
8 24 62
8 25 44
8 26 83
8 27 38
8 28 94
8 29 65
8 30 59
8 31 41
8 32 51
8 33 99
8 34 33
8 35 80
8 36 56
8 37 95
8 38 18
8 39 1
8 40 73
8 41 71
8 42 60
8 43 34
8 44 19
8 45 85
8 46 74
8 47 31
8 48 81
8 49 40
8 50 61
8 51 71
8 52 90
8 53 23
8 54 92
8 55 19
8 56 57
8 57 83
8 58 61
8 59 22
8 60 67
8 61 73
8 62 97
8 63 50
8 64 61
8 65 60
8 66 82
8 67 67
8 68 24
8 69 60
8 70 52
8 71 19
8 72 14
8 73 21
8 74 3
8 75 64
8 76 30
8 77 84
8 78 90
8 79 22
8 80 93
8 81 71
8 82 20
8 83 58
8 84 84
8 85 1
8 86 50
8 87 52
8 88 91
8 89 41
8 90 42
9 10 42
9 11 40
9 12 16
9 13 89
9 14 30
9 15 60
9 16 35
9 17 74
9 18 68
9 19 22
9 20 96
9 21 100
9 22 80
9 23 93
9 24 45
9 25 9
9 26 65
9 27 69
9 28 70
9 29 14
9 30 46
9 31 88
9 32 75
9 33 50
9 34 97
9 35 70
9 36 5
9 37 91
9 38 85
9 39 87
9 40 78
9 41 34
9 42 92
9 43 95
9 44 70
9 45 52
9 46 3
9 47 49
9 48 2
9 49 39
9 50 12
9 51 11
9 52 99
9 53 34
9 54 74
9 55 80
9 56 29
9 57 34
9 58 41
9 59 30
9 60 41
9 61 46
9 62 3
9 63 53
9 64 15
9 65 39
9 66 20
9 67 84
9 68 6
9 69 62
9 70 42
9 71 93
9 72 15
9 73 45
9 74 30
9 75 51
9 76 61
9 77 41
9 78 72
9 79 19
9 80 60
9 81 69
9 82 16
9 83 85
9 84 65
9 85 23
9 86 68
9 87 63
9 88 4
9 89 95
9 90 68
10 11 29
10 12 7
10 13 69
10 14 11
10 15 83
10 16 8
10 17 89
10 18 25
10 19 55
10 20 54
10 21 55
10 22 12
10 23 9
10 24 39
10 25 23
10 26 55
10 27 25
10 28 42
10 29 100
10 30 67
10 31 100
10 32 96
10 33 73
10 34 57
10 35 20
10 36 86
10 37 22
10 38 50
10 39 59
10 40 75
10 41 76
10 42 2
10 43 41
10 44 37
10 45 65
10 46 60
10 47 28
10 48 12
10 49 1
10 50 19
10 51 29
10 52 82
10 53 41
10 54 9
10 55 11
10 56 3
10 57 82
10 58 64
10 59 54
10 60 96
10 61 87
10 62 13
10 63 8
10 64 83
10 65 83
10 66 56
10 67 9
10 68 4
10 69 52
10 70 27
10 71 93
10 72 86
10 73 68
10 74 24
10 75 51
10 76 59
10 77 85
10 78 71
10 79 58
10 80 54
10 81 100
10 82 26
10 83 8
10 84 55
10 85 5
10 86 55
10 87 67
10 88 49
10 89 64
10 90 94
11 12 13
11 13 37
11 14 37
11 15 66
11 16 3
11 17 77
11 18 67
11 19 91
11 20 7
11 21 91
11 22 23
11 23 71
11 24 22
11 25 1
11 26 37
11 27 78
11 28 91
11 29 3
11 30 58
11 31 55
11 32 45
11 33 51
11 34 9
11 35 9
11 36 77
11 37 46
11 38 35
11 39 22
11 40 52
11 41 8
11 42 94
11 43 92
11 44 73
11 45 4
11 46 3
11 47 70
11 48 67
11 49 1
11 50 5
11 51 21
11 52 20
11 53 97
11 54 84
11 55 23
11 56 65
11 57 9
11 58 49
11 59 36
11 60 59
11 61 65
11 62 88
11 63 5
11 64 98
11 65 20
11 66 70
11 67 71
11 68 99
11 69 22
11 70 29
11 71 80
11 72 89
11 73 60
11 74 68
11 75 2
11 76 22
11 77 12
11 78 32
11 79 66
11 80 74
11 81 32
11 82 6
11 83 18
11 84 20
11 85 72
11 86 27
11 87 42
11 88 23
11 89 53
11 90 18
12 13 77
12 14 59
12 15 79
12 16 19
12 17 80
12 18 81
12 19 15
12 20 79
12 21 95
12 22 42
12 23 43
12 24 19
12 25 93
12 26 32
12 27 12
12 28 20
12 29 88
12 30 33
12 31 21
12 32 77
12 33 52
12 34 55
12 35 38
12 36 1
12 37 50
12 38 37
12 39 42
12 40 43
12 41 77
12 42 69
12 43 21
12 44 11
12 45 79
12 46 89
12 47 24
12 48 51
12 49 53
12 50 29
12 51 92
12 52 81
12 53 7
12 54 41
12 55 18
12 56 80
12 57 57
12 58 13
12 59 27
12 60 6
12 61 84
12 62 79
12 63 17
12 64 1
12 65 21
12 66 65
12 67 70
12 68 24
12 69 79
12 70 94
12 71 11
12 72 5
12 73 46
12 74 43
12 75 69
12 76 96
12 77 70
12 78 67
12 79 27
12 80 65
12 81 6
12 82 100
12 83 78
12 84 40
12 85 85
12 86 54
12 87 69
12 88 45
12 89 99
12 90 68
13 14 82
13 15 86
13 16 75
13 17 44
13 18 2
13 19 55
13 20 1
13 21 1
13 22 49
13 23 64
13 24 47
13 25 41
13 26 55
13 27 41
13 28 39
13 29 12
13 30 96
13 31 77
13 32 6
13 33 43
13 34 13
13 35 88
13 36 68
13 37 15
13 38 93
13 39 66
13 40 39
13 41 6
13 42 67
13 43 43
13 44 17
13 45 85
13 46 28
13 47 71
13 48 58
13 49 53
13 50 17
13 51 60
13 52 72
13 53 65
13 54 97
13 55 88
13 56 70
13 57 85
13 58 76
13 59 98
13 60 26
13 61 50
13 62 73
13 63 88
13 64 44
13 65 71
13 66 95
13 67 57
13 68 49
13 69 30
13 70 14
13 71 94
13 72 67
13 73 100
13 74 30
13 75 95
13 76 6
13 77 1
13 78 72
13 79 30
13 80 38
13 81 99
13 82 34
13 83 16
13 84 10
13 85 96
13 86 1
13 87 41
13 88 86
13 89 70
13 90 31
14 15 64
14 16 11
14 17 94
14 18 80
14 19 95
14 20 9
14 21 57
14 22 57
14 23 57
14 24 68
14 25 45
14 26 41
14 27 52
14 28 33
14 29 37
14 30 1
14 31 76
14 32 22
14 33 46
14 34 68
14 35 40
14 36 87
14 37 9
14 38 29
14 39 71
14 40 52
14 41 27
14 42 18
14 43 3
14 44 88
14 45 67
14 46 98
14 47 17
14 48 82
14 49 25
14 50 42
14 51 45
14 52 35
14 53 2
14 54 65
14 55 18
14 56 80
14 57 78
14 58 65
14 59 14
14 60 82
14 61 36
14 62 17
14 63 97
14 64 22
14 65 37
14 66 41
14 67 34
14 68 14
14 69 42
14 70 20
14 71 81
14 72 21
14 73 68
14 74 24
14 75 6
14 76 1
14 77 25
14 78 64
14 79 24
14 80 31
14 81 32
14 82 99
14 83 76
14 84 2
14 85 38
14 86 76
14 87 17
14 88 39
14 89 39
14 90 7
15 16 44
15 17 15
15 18 86
15 19 51
15 20 11
15 21 38
15 22 37
15 23 52
15 24 40
15 25 97
15 26 64
15 27 9
15 28 92
15 29 32
15 30 44
15 31 41
15 32 88
15 33 2
15 34 78
15 35 97
15 36 86
15 37 70
15 38 38
15 39 53
15 40 43
15 41 59
15 42 35
15 43 39
15 44 44
15 45 16
15 46 3
15 47 16
15 48 24
15 49 46
15 50 21
15 51 26
15 52 25
15 53 45
15 54 82
15 55 92
15 56 33
15 57 6
15 58 87
15 59 28
15 60 91
15 61 9
15 62 97
15 63 92
15 64 28
15 65 15
15 66 12
15 67 63
15 68 68
15 69 93
15 70 49
15 71 12
15 72 47
15 73 73
15 74 43
15 75 33
15 76 28
15 77 79
15 78 38
15 79 56
15 80 59
15 81 43
15 82 41
15 83 49
15 84 30
15 85 54
15 86 12
15 87 87
15 88 17
15 89 26
15 90 74
16 17 56
16 18 61
16 19 78
16 20 41
16 21 92
16 22 74
16 23 17
16 24 48
16 25 91
16 26 13
16 27 7
16 28 11
16 29 85
16 30 52
16 31 37
16 32 14
16 33 43
16 34 2
16 35 18
16 36 70
16 37 3
16 38 52
16 39 10
16 40 95
16 41 82
16 42 37
16 43 35
16 44 53
16 45 2
16 46 60
16 47 7
16 48 44
16 49 67
16 50 9
16 51 82
16 52 60
16 53 100
16 54 78
16 55 80
16 56 19
16 57 87
16 58 20
16 59 39
16 60 8
16 61 70
16 62 15
16 63 19
16 64 43
16 65 96
16 66 74
16 67 34
16 68 88
16 69 59
16 70 22
16 71 87
16 72 30
16 73 57
16 74 24
16 75 33
16 76 8
16 77 45
16 78 15
16 79 14
16 80 72
16 81 81
16 82 13
16 83 50
16 84 9
16 85 18
16 86 98
16 87 69
16 88 94
16 89 67
16 90 98
17 18 2
17 19 99
17 20 55
17 21 94
17 22 77
17 23 52
17 24 54
17 25 15
17 26 59
17 27 41
17 28 40
17 29 56
17 30 17
17 31 33
17 32 78
17 33 21
17 34 42
17 35 89
17 36 91
17 37 58
17 38 76
17 39 20
17 40 10
17 41 96
17 42 83
17 43 1
17 44 25
17 45 99
17 46 28
17 47 51
17 48 20
17 49 47
17 50 85
17 51 29
17 52 36
17 53 1
17 54 56
17 55 63
17 56 76
17 57 15
17 58 30
17 59 34
17 60 43
17 61 67
17 62 46
17 63 91
17 64 30
17 65 26
17 66 32
17 67 46
17 68 26
17 69 46
17 70 7
17 71 28
17 72 25
17 73 70
17 74 32
17 75 83
17 76 61
17 77 96
17 78 100
17 79 50
17 80 36
17 81 26
17 82 64
17 83 82
17 84 81
17 85 33
17 86 76
17 87 45
17 88 67
17 89 59
17 90 12
18 19 17
18 20 46
18 21 62
18 22 78
18 23 88
18 24 70
18 25 64
18 26 73
18 27 87
18 28 1
18 29 83
18 30 12
18 31 83
18 32 33
18 33 27
18 34 62
18 35 7
18 36 32
18 37 35
18 38 68
18 39 27
18 40 39
18 41 75
18 42 18
18 43 12
18 44 48
18 45 100
18 46 13
18 47 22
18 48 39
18 49 25
18 50 64
18 51 84
18 52 42
18 53 62
18 54 66
18 55 89
18 56 20
18 57 89
18 58 73
18 59 24
18 60 49
18 61 14
18 62 72
18 63 43
18 64 82
18 65 24
18 66 83
18 67 33
18 68 72
18 69 100
18 70 3
18 71 31
18 72 84
18 73 29
18 74 25
18 75 92
18 76 79
18 77 17
18 78 93
18 79 53
18 80 43
18 81 23
18 82 2
18 83 70
18 84 26
18 85 40
18 86 59
18 87 3
18 88 22
18 89 5
18 90 24
19 20 71
19 21 11
19 22 93
19 23 61
19 24 81
19 25 18
19 26 10
19 27 86
19 28 14
19 29 22
19 30 13
19 31 35
19 32 49
19 33 22
19 34 58
19 35 9
19 36 80
19 37 1
19 38 83
19 39 68
19 40 44
19 41 43
19 42 90
19 43 55
19 44 36
19 45 17
19 46 44
19 47 32
19 48 47
19 49 80
19 50 38
19 51 54
19 52 20
19 53 55
19 54 29
19 55 43
19 56 55
19 57 40
19 58 15
19 59 29
19 60 42
19 61 72
19 62 82
19 63 66
19 64 25
19 65 18
19 66 38
19 67 24
19 68 98
19 69 38
19 70 28
19 71 42
19 72 35
19 73 97
19 74 85
19 75 40
19 76 70
19 77 24
19 78 47
19 79 78
19 80 27
19 81 91
19 82 22
19 83 58
19 84 79
19 85 38
19 86 66
19 87 25
19 88 45
19 89 49
19 90 57
20 21 21
20 22 87
20 23 8
20 24 64
20 25 79
20 26 82
20 27 79
20 28 96
20 29 90
20 30 19
20 31 48
20 32 66
20 33 87
20 34 85
20 35 80
20 36 50
20 37 44
20 38 60
20 39 6
20 40 2
20 41 45
20 42 49
20 43 94
20 44 98
20 45 14
20 46 31
20 47 63
20 48 46
20 49 19
20 50 89
20 51 10
20 52 31
20 53 82
20 54 77
20 55 87
20 56 11
20 57 19
20 58 6
20 59 38
20 60 30
20 61 40
20 62 72
20 63 11
20 64 96
20 65 25
20 66 65
20 67 25
20 68 33
20 69 22
20 70 77
20 71 67
20 72 4
20 73 94
20 74 23
20 75 30
20 76 70
20 77 55
20 78 21
20 79 9
20 80 16
20 81 34
20 82 42
20 83 17
20 84 26
20 85 67
20 86 89
20 87 86
20 88 34
20 89 96
20 90 94
21 22 85
21 23 10
21 24 67
21 25 39
21 26 39
21 27 40
21 28 39
21 29 23
21 30 19
21 31 9
21 32 52
21 33 52
21 34 57
21 35 98
21 36 41
21 37 87
21 38 77
21 39 100
21 40 3
21 41 60
21 42 86
21 43 6
21 44 87
21 45 64
21 46 95
21 47 55
21 48 53
21 49 95
21 50 58
21 51 67
21 52 76
21 53 59
21 54 99
21 55 73
21 56 91
21 57 34
21 58 55
21 59 41
21 60 43
21 61 35
21 62 66
21 63 9
21 64 34
21 65 79
21 66 66
21 67 75
21 68 38
21 69 63
21 70 16
21 71 16
21 72 25
21 73 35
21 74 95
21 75 29
21 76 16
21 77 44
21 78 67
21 79 4
21 80 19
21 81 92
21 82 87
21 83 29
21 84 64
21 85 52
21 86 4
21 87 34
21 88 13
21 89 57
21 90 9
22 23 85
22 24 80
22 25 80
22 26 26
22 27 100
22 28 97
22 29 58
22 30 44
22 31 91
22 32 21
22 33 100
22 34 57
22 35 34
22 36 39
22 37 6
22 38 96
22 39 10
22 40 99
22 41 10
22 42 32
22 43 6
22 44 40
22 45 60
22 46 2
22 47 42
22 48 45
22 49 51
22 50 47
22 51 12
22 52 47
22 53 14
22 54 92
22 55 8
22 56 85
22 57 65
22 58 6
22 59 9
22 60 71
22 61 7
22 62 57
22 63 76
22 64 24
22 65 31
22 66 96
22 67 85
22 68 16
22 69 40
22 70 14
22 71 83
22 72 68
22 73 75
22 74 75
22 75 42
22 76 67
22 77 97
22 78 38
22 79 41
22 80 19
22 81 48
22 82 24
22 83 64
22 84 85
22 85 41
22 86 71
22 87 56
22 88 8
22 89 22
22 90 12
23 24 3
23 25 45
23 26 45
23 27 12
23 28 96
23 29 10
23 30 14
23 31 81
23 32 78
23 33 63
23 34 20
23 35 29
23 36 87
23 37 80
23 38 71
23 39 22
23 40 85
23 41 99
23 42 96
23 43 1
23 44 53
23 45 81
23 46 10
23 47 48
23 48 73
23 49 4
23 50 26
23 51 29
23 52 72
23 53 62
23 54 62
23 55 30
23 56 56
23 57 71
23 58 41
23 59 17
23 60 97
23 61 35
23 62 97
23 63 14
23 64 20
23 65 81
23 66 66
23 67 33
23 68 89
23 69 19
23 70 43
23 71 33
23 72 77
23 73 1
23 74 37
23 75 1
23 76 46
23 77 88
23 78 2
23 79 88
23 80 33
23 81 8
23 82 88
23 83 72
23 84 31
23 85 12
23 86 72
23 87 30
23 88 80
23 89 8
23 90 56
24 25 14
24 26 88
24 27 94
24 28 66
24 29 49
24 30 99
24 31 66
24 32 99
24 33 36
24 34 90
24 35 21
24 36 52
24 37 35
24 38 93
24 39 57
24 40 22
24 41 66
24 42 99
24 43 94
24 44 59
24 45 87
24 46 34
24 47 87
24 48 42
24 49 97
24 50 91
24 51 66
24 52 71
24 53 37
24 54 38
24 55 5
24 56 32
24 57 73
24 58 59
24 59 74
24 60 20
24 61 22
24 62 42
24 63 25
24 64 64
24 65 99
24 66 76
24 67 7
24 68 14
24 69 7
24 70 3
24 71 19
24 72 67
24 73 89
24 74 71
24 75 37
24 76 77
24 77 30
24 78 72
24 79 7
24 80 55
24 81 70
24 82 1
24 83 80
24 84 11
24 85 26
24 86 59
24 87 26
24 88 50
24 89 60
24 90 52
25 26 3
25 27 59
25 28 77
25 29 5
25 30 39
25 31 72
25 32 80
25 33 38
25 34 62
25 35 82
25 36 59
25 37 38
25 38 60
25 39 64
25 40 22
25 41 19
25 42 85
25 43 25
25 44 12
25 45 1
25 46 53
25 47 14
25 48 97
25 49 72
25 50 1
25 51 61
25 52 99
25 53 30
25 54 52
25 55 15
25 56 50
25 57 44
25 58 81
25 59 2
25 60 27
25 61 48
25 62 17
25 63 18
25 64 92
25 65 77
25 66 38
25 67 50
25 68 14
25 69 17
25 70 20
25 71 30
25 72 72
25 73 21
25 74 92
25 75 25
25 76 8
25 77 73
25 78 33
25 79 87
25 80 44
25 81 59
25 82 43
25 83 86
25 84 95
25 85 91
25 86 57
25 87 18
25 88 75
25 89 45
25 90 49
26 27 12
26 28 79
26 29 69
26 30 40
26 31 33
26 32 81
26 33 50
26 34 8
26 35 85
26 36 82
26 37 52
26 38 90
26 39 11
26 40 2
26 41 9
26 42 13
26 43 87
26 44 81
26 45 13
26 46 4
26 47 33
26 48 100
26 49 15
26 50 81
26 51 34
26 52 69
26 53 80
26 54 62
26 55 37
26 56 79
26 57 95
26 58 93
26 59 76
26 60 38
26 61 94
26 62 70
26 63 93
26 64 58
26 65 48
26 66 23
26 67 35
26 68 57
26 69 82
26 70 57
26 71 69
26 72 81
26 73 88
26 74 21
26 75 2
26 76 5
26 77 50
26 78 74
26 79 59
26 80 49
26 81 99
26 82 24
26 83 85
26 84 70
26 85 94
26 86 59
26 87 9
26 88 81
26 89 56
26 90 77
27 28 96
27 29 73
27 30 17
27 31 3
27 32 51
27 33 24
27 34 35
27 35 77
27 36 15
27 37 43
27 38 89
27 39 12
27 40 12
27 41 96
27 42 54
27 43 40
27 44 19
27 45 83
27 46 13
27 47 83
27 48 94
27 49 76
27 50 83
27 51 83
27 52 54
27 53 98
27 54 2
27 55 78
27 56 39
27 57 32
27 58 100
27 59 92
27 60 53
27 61 59
27 62 26
27 63 19
27 64 58
27 65 32
27 66 53
27 67 12
27 68 26
27 69 22
27 70 87
27 71 9
27 72 57
27 73 74
27 74 85
27 75 97
27 76 68
27 77 73
27 78 7
27 79 77
27 80 2
27 81 5
27 82 44
27 83 77
27 84 62
27 85 25
27 86 57
27 87 19
27 88 60
27 89 92
27 90 97
28 29 8
28 30 30
28 31 47
28 32 17
28 33 9
28 34 53
28 35 72
28 36 29
28 37 99
28 38 77
28 39 78
28 40 4
28 41 73
28 42 36
28 43 3
28 44 25
28 45 94
28 46 69
28 47 76
28 48 6
28 49 100
28 50 72
28 51 94
28 52 21
28 53 59
28 54 39
28 55 69
28 56 84
28 57 64
28 58 47
28 59 71
28 60 26
28 61 78
28 62 9
28 63 4
28 64 78
28 65 19
28 66 90
28 67 6
28 68 39
28 69 48
28 70 88
28 71 55
28 72 45
28 73 65
28 74 17
28 75 59
28 76 83
28 77 6
28 78 10
28 79 42
28 80 45
28 81 36
28 82 81
28 83 67
28 84 31
28 85 59
28 86 34
28 87 48
28 88 58
28 89 40
28 90 55
29 30 52
29 31 21
29 32 97
29 33 95
29 34 89
29 35 47
29 36 27
29 37 22
29 38 61
29 39 71
29 40 81
29 41 13
29 42 41
29 43 75
29 44 81
29 45 10
29 46 89
29 47 20
29 48 94
29 49 88
29 50 17
29 51 75
29 52 29
29 53 22
29 54 88
29 55 7
29 56 24
29 57 3
29 58 36
29 59 36
29 60 48
29 61 4
29 62 82
29 63 72
29 64 14
29 65 40
29 66 51
29 67 28
29 68 80
29 69 46
29 70 22
29 71 30
29 72 68
29 73 57
29 74 58
29 75 78
29 76 49
29 77 96
29 78 28
29 79 2
29 80 50
29 81 80
29 82 82
29 83 80
29 84 24
29 85 8
29 86 36
29 87 16
29 88 91
29 89 79
29 90 87
30 31 69
30 32 44
30 33 64
30 34 6
30 35 48
30 36 47
30 37 6
30 38 60
30 39 72
30 40 26
30 41 65
30 42 22
30 43 22
30 44 47
30 45 39
30 46 83
30 47 69
30 48 72
30 49 29
30 50 67
30 51 25
30 52 33
30 53 99
30 54 35
30 55 18
30 56 77
30 57 96
30 58 81
30 59 35
30 60 2
30 61 3
30 62 88
30 63 79
30 64 100
30 65 52
30 66 38
30 67 32
30 68 30
30 69 36
30 70 79
30 71 88
30 72 19
30 73 2
30 74 26
30 75 90
30 76 46
30 77 41
30 78 48
30 79 94
30 80 47
30 81 29
30 82 48
30 83 89
30 84 9
30 85 47
30 86 4
30 87 63
30 88 52
30 89 89
30 90 43
31 32 90
31 33 10
31 34 48
31 35 5
31 36 32
31 37 38
31 38 94
31 39 14
31 40 9
31 41 30
31 42 100
31 43 48
31 44 82
31 45 85
31 46 22
31 47 66
31 48 7
31 49 48
31 50 2
31 51 93
31 52 63
31 53 44
31 54 84
31 55 11
31 56 33
31 57 98
31 58 2
31 59 86
31 60 7
31 61 26
31 62 92
31 63 37
31 64 83
31 65 66
31 66 3
31 67 70
31 68 35
31 69 4
31 70 41
31 71 57
31 72 4
31 73 3
31 74 89
31 75 82
31 76 52
31 77 20
31 78 70
31 79 41
31 80 37
31 81 45
31 82 12
31 83 59
31 84 51
31 85 88
31 86 97
31 87 11
31 88 50
31 89 42
31 90 100
32 33 7
32 34 26
32 35 63
32 36 5
32 37 8
32 38 71
32 39 59
32 40 44
32 41 15
32 42 34
32 43 48
32 44 62
32 45 81
32 46 62
32 47 51
32 48 15
32 49 18
32 50 77
32 51 56
32 52 24
32 53 57
32 54 98
32 55 61
32 56 52
32 57 26
32 58 4
32 59 83
32 60 19
32 61 16
32 62 64
32 63 73
32 64 21
32 65 13
32 66 72
32 67 91
32 68 75
32 69 44
32 70 62
32 71 44
32 72 94
32 73 25
32 74 7
32 75 94
32 76 31
32 77 95
32 78 46
32 79 17
32 80 93
32 81 92
32 82 83
32 83 20
32 84 78
32 85 65
32 86 83
32 87 69
32 88 53
32 89 50
32 90 73
33 34 25
33 35 8
33 36 93
33 37 35
33 38 14
33 39 6
33 40 59
33 41 92
33 42 78
33 43 97
33 44 72
33 45 77
33 46 61
33 47 80
33 48 40
33 49 53
33 50 46
33 51 84
33 52 37
33 53 63
33 54 98
33 55 88
33 56 19
33 57 13
33 58 10
33 59 83
33 60 3
33 61 65
33 62 8
33 63 38
33 64 58
33 65 27
33 66 3
33 67 34
33 68 57
33 69 58
33 70 54
33 71 77
33 72 54
33 73 38
33 74 38
33 75 73
33 76 26
33 77 82
33 78 62
33 79 5
33 80 85
33 81 6
33 82 75
33 83 46
33 84 43
33 85 57
33 86 91
33 87 64
33 88 76
33 89 21
33 90 43
34 35 8
34 36 18
34 37 75
34 38 48
34 39 76
34 40 23
34 41 17
34 42 27
34 43 69
34 44 21
34 45 35
34 46 59
34 47 33
34 48 14
34 49 33
34 50 3
34 51 67
34 52 35
34 53 80
34 54 80
34 55 58
34 56 79
34 57 37
34 58 64
34 59 31
34 60 29
34 61 69
34 62 36
34 63 6
34 64 60
34 65 89
34 66 57
34 67 54
34 68 28
34 69 44
34 70 69
34 71 91
34 72 63
34 73 97
34 74 54
34 75 11
34 76 85
34 77 18
34 78 17
34 79 92
34 80 46
34 81 3
34 82 28
34 83 8
34 84 21
34 85 66
34 86 48
34 87 36
34 88 58
34 89 32
34 90 21
35 36 7
35 37 78
35 38 76
35 39 33
35 40 14
35 41 96
35 42 33
35 43 34
35 44 29
35 45 33
35 46 98
35 47 45
35 48 56
35 49 53
35 50 86
35 51 61
35 52 18
35 53 100
35 54 76
35 55 70
35 56 22
35 57 72
35 58 31
35 59 83
35 60 30
35 61 30
35 62 84
35 63 86
35 64 69
35 65 20
35 66 98
35 67 44
35 68 29
35 69 25
35 70 25
35 71 43
35 72 65
35 73 42
35 74 41
35 75 77
35 76 51
35 77 94
35 78 24
35 79 49
35 80 59
35 81 95
35 82 43
35 83 8
35 84 43
35 85 23
35 86 83
35 87 76
35 88 65
35 89 34
35 90 54
36 37 46
36 38 59
36 39 83
36 40 46
36 41 63
36 42 38
36 43 60
36 44 35
36 45 50
36 46 52
36 47 15
36 48 14
36 49 96
36 50 91
36 51 20
36 52 10
36 53 92
36 54 83
36 55 88
36 56 79
36 57 26
36 58 68
36 59 83
36 60 84
36 61 78
36 62 6
36 63 22
36 64 2
36 65 33
36 66 34
36 67 72
36 68 47
36 69 48
36 70 39
36 71 39
36 72 96
36 73 98
36 74 29
36 75 85
36 76 97
36 77 50
36 78 77
36 79 59
36 80 73
36 81 60
36 82 59
36 83 61
36 84 10
36 85 83
36 86 84
36 87 93
36 88 87
36 89 12
36 90 60
37 38 52
37 39 49
37 40 90
37 41 25
37 42 24
37 43 52
37 44 5
37 45 41
37 46 71
37 47 13
37 48 34
37 49 48
37 50 8
37 51 39
37 52 2
37 53 7
37 54 91
37 55 32
37 56 46
37 57 94
37 58 84
37 59 16
37 60 76
37 61 23
37 62 4
37 63 17
37 64 75
37 65 92
37 66 68
37 67 58
37 68 44
37 69 9
37 70 43
37 71 40
37 72 9
37 73 48
37 74 41
37 75 65
37 76 95
37 77 5
37 78 27
37 79 99
37 80 88
37 81 2
37 82 58
37 83 39
37 84 64
37 85 90
37 86 4
37 87 96
37 88 38
37 89 81
37 90 19
38 39 70
38 40 17
38 41 50
38 42 12
38 43 82
38 44 18
38 45 37
38 46 20
38 47 15
38 48 61
38 49 65
38 50 94
38 51 19
38 52 84
38 53 60
38 54 3
38 55 84
38 56 80
38 57 54
38 58 39
38 59 95
38 60 35
38 61 2
38 62 22
38 63 6
38 64 33
38 65 87
38 66 5
38 67 51
38 68 10
38 69 88
38 70 77
38 71 48
38 72 97
38 73 24
38 74 80
38 75 66
38 76 82
38 77 26
38 78 28
38 79 24
38 80 1
38 81 40
38 82 68
38 83 60
38 84 32
38 85 99
38 86 16
38 87 63
38 88 38
38 89 64
38 90 2
39 40 84
39 41 52
39 42 12
39 43 76
39 44 86
39 45 54
39 46 59
39 47 60
39 48 37
39 49 52
39 50 42
39 51 30
39 52 78
39 53 74
39 54 73
39 55 1
39 56 34
39 57 31
39 58 51
39 59 59
39 60 49
39 61 81
39 62 85
39 63 93
39 64 87
39 65 18
39 66 77
39 67 11
39 68 89
39 69 22
39 70 37
39 71 24
39 72 10
39 73 98
39 74 45
39 75 33
39 76 25
39 77 19
39 78 12
39 79 81
39 80 64
39 81 62
39 82 15
39 83 26
39 84 82
39 85 33
39 86 14
39 87 20
39 88 72
39 89 67
39 90 76
40 41 69
40 42 91
40 43 12
40 44 82
40 45 7
40 46 100
40 47 29
40 48 41
40 49 72
40 50 31
40 51 28
40 52 51
40 53 9
40 54 99
40 55 3
40 56 99
40 57 30
40 58 69
40 59 84
40 60 61
40 61 85
40 62 40
40 63 27
40 64 39
40 65 79
40 66 59
40 67 41
40 68 45
40 69 98
40 70 16
40 71 2
40 72 12
40 73 3
40 74 72
40 75 34
40 76 23
40 77 79
40 78 35
40 79 58
40 80 29
40 81 40
40 82 43
40 83 74
40 84 42
40 85 8
40 86 35
40 87 50
40 88 66
40 89 91
40 90 90
41 42 70
41 43 5
41 44 22
41 45 3
41 46 34
41 47 19
41 48 42
41 49 25
41 50 83
41 51 39
41 52 95
41 53 97
41 54 61
41 55 98
41 56 98
41 57 79
41 58 2
41 59 53
41 60 21
41 61 20
41 62 35
41 63 19
41 64 24
41 65 40
41 66 35
41 67 71
41 68 100
41 69 50
41 70 38
41 71 24
41 72 71
41 73 72
41 74 25
41 75 6
41 76 66
41 77 94
41 78 56
41 79 11
41 80 80
41 81 64
41 82 87
41 83 80
41 84 63
41 85 11
41 86 76
41 87 29
41 88 59
41 89 71
41 90 6
42 43 44
42 44 22
42 45 55
42 46 20
42 47 61
42 48 83
42 49 23
42 50 18
42 51 97
42 52 66
42 53 63
42 54 17
42 55 15
42 56 61
42 57 72
42 58 82
42 59 42
42 60 43
42 61 39
42 62 100
42 63 99
42 64 99
42 65 11
42 66 59
42 67 54
42 68 74
42 69 17
42 70 4
42 71 51
42 72 30
42 73 26
42 74 82
42 75 81
42 76 22
42 77 56
42 78 38
42 79 63
42 80 91
42 81 7
42 82 87
42 83 11
42 84 80
42 85 7
42 86 56
42 87 37
42 88 76
42 89 11
42 90 31
43 44 75
43 45 46
43 46 87
43 47 97
43 48 3
43 49 48
43 50 46
43 51 93
43 52 40
43 53 5
43 54 93
43 55 30
43 56 95
43 57 11
43 58 97
43 59 24
43 60 85
43 61 14
43 62 92
43 63 29
43 64 26
43 65 70
43 66 41
43 67 24
43 68 4
43 69 86
43 70 24
43 71 24
43 72 49
43 73 98
43 74 82
43 75 84
43 76 41
43 77 59
43 78 99
43 79 70
43 80 66
43 81 80
43 82 54
43 83 65
43 84 81
43 85 56
43 86 27
43 87 99
43 88 68
43 89 58
43 90 45
44 45 44
44 46 92
44 47 46
44 48 19
44 49 54
44 50 35
44 51 79
44 52 30
44 53 66
44 54 40
44 55 48
44 56 35
44 57 54
44 58 5
44 59 85
44 60 48
44 61 80
44 62 37
44 63 67
44 64 18
44 65 68
44 66 51
44 67 66
44 68 86
44 69 57
44 70 36
44 71 6
44 72 11
44 73 31
44 74 93
44 75 71
44 76 98
44 77 14
44 78 86
44 79 8
44 80 43
44 81 63
44 82 51
44 83 56
44 84 45
44 85 5
44 86 48
44 87 86
44 88 22
44 89 36
44 90 55
45 46 24
45 47 35
45 48 83
45 49 53
45 50 66
45 51 26
45 52 3
45 53 35
45 54 70
45 55 26
45 56 12
45 57 46
45 58 42
45 59 21
45 60 55
45 61 19
45 62 87
45 63 18
45 64 37
45 65 31
45 66 26
45 67 42
45 68 21
45 69 79
45 70 2
45 71 52
45 72 31
45 73 82
45 74 78
45 75 59
45 76 47
45 77 1
45 78 77
45 79 42
45 80 68
45 81 32
45 82 5
45 83 78
45 84 79
45 85 53
45 86 70
45 87 33
45 88 57
45 89 16
45 90 29
46 47 44
46 48 58
46 49 91
46 50 14
46 51 54
46 52 84
46 53 63
46 54 5
46 55 20
46 56 10
46 57 10
46 58 53
46 59 69
46 60 33
46 61 42
46 62 19
46 63 73
46 64 59
46 65 9
46 66 11
46 67 18
46 68 32
46 69 90
46 70 79
46 71 26
46 72 45
46 73 9
46 74 9
46 75 93
46 76 1
46 77 35
46 78 84
46 79 26
46 80 86
46 81 67
46 82 42
46 83 62
46 84 29
46 85 35
46 86 88
46 87 25
46 88 55
46 89 8
46 90 75
47 48 14
47 49 42
47 50 69
47 51 25
47 52 39
47 53 27
47 54 26
47 55 32
47 56 68
47 57 71
47 58 55
47 59 75
47 60 92
47 61 85
47 62 85
47 63 12
47 64 58
47 65 85
47 66 40
47 67 14
47 68 4
47 69 58
47 70 54
47 71 75
47 72 82
47 73 55
47 74 29
47 75 44
47 76 84
47 77 30
47 78 1
47 79 90
47 80 43
47 81 54
47 82 90
47 83 83
47 84 90
47 85 48
47 86 88
47 87 56
47 88 34
47 89 4
47 90 43
48 49 35
48 50 26
48 51 81
48 52 73
48 53 41
48 54 24
48 55 66
48 56 68
48 57 4
48 58 36
48 59 81
48 60 43
48 61 98
48 62 32
48 63 5
48 64 19
48 65 2
48 66 76
48 67 49
48 68 17
48 69 26
48 70 63
48 71 96
48 72 14
48 73 37
48 74 72
48 75 79
48 76 7
48 77 39
48 78 47
48 79 96
48 80 7
48 81 7
48 82 16
48 83 45
48 84 68
48 85 28
48 86 45
48 87 99
48 88 98
48 89 91
48 90 56
49 50 22
49 51 15
49 52 84
49 53 97
49 54 55
49 55 73
49 56 67
49 57 76
49 58 86
49 59 76
49 60 17
49 61 30
49 62 61
49 63 77
49 64 3
49 65 50
49 66 27
49 67 4
49 68 46
49 69 24
49 70 61
49 71 31
49 72 98
49 73 75
49 74 66
49 75 72
49 76 30
49 77 44
49 78 79
49 79 69
49 80 6
49 81 30
49 82 57
49 83 10
49 84 29
49 85 98
49 86 4
49 87 17
49 88 39
49 89 88
49 90 79
50 51 4
50 52 48
50 53 42
50 54 57
50 55 47
50 56 97
50 57 70
50 58 96
50 59 12
50 60 27
50 61 71
50 62 13
50 63 83
50 64 18
50 65 12
50 66 64
50 67 34
50 68 65
50 69 74
50 70 43
50 71 17
50 72 30
50 73 15
50 74 40
50 75 40
50 76 96
50 77 73
50 78 95
50 79 56
50 80 34
50 81 61
50 82 66
50 83 32
50 84 17
50 85 49
50 86 88
50 87 34
50 88 63
50 89 66
50 90 98
51 52 78
51 53 45
51 54 96
51 55 81
51 56 95
51 57 26
51 58 13
51 59 32
51 60 9
51 61 92
51 62 24
51 63 14
51 64 63
51 65 71
51 66 92
51 67 21
51 68 42
51 69 77
51 70 11
51 71 46
51 72 27
51 73 50
51 74 56
51 75 58
51 76 44
51 77 69
51 78 6
51 79 86
51 80 97
51 81 97
51 82 62
51 83 49
51 84 23
51 85 47
51 86 96
51 87 57
51 88 22
51 89 77
51 90 96
52 53 43
52 54 51
52 55 62
52 56 83
52 57 5
52 58 1
52 59 15
52 60 22
52 61 23
52 62 6
52 63 95
52 64 14
52 65 27
52 66 89
52 67 48
52 68 28
52 69 46
52 70 45
52 71 56
52 72 7
52 73 29
52 74 3
52 75 70
52 76 31
52 77 71
52 78 13
52 79 46
52 80 25
52 81 67
52 82 64
52 83 67
52 84 53
52 85 94
52 86 8
52 87 65
52 88 12
52 89 45
52 90 58
53 54 8
53 55 65
53 56 68
53 57 49
53 58 37
53 59 33
53 60 51
53 61 38
53 62 80
53 63 9
53 64 57
53 65 83
53 66 69
53 67 89
53 68 5
53 69 49
53 70 40
53 71 68
53 72 27
53 73 88
53 74 13
53 75 90
53 76 42
53 77 48
53 78 38
53 79 12
53 80 3
53 81 85
53 82 22
53 83 8
53 84 49
53 85 14
53 86 70
53 87 80
53 88 45
53 89 45
53 90 46
54 55 4
54 56 18
54 57 19
54 58 100
54 59 53
54 60 62
54 61 100
54 62 50
54 63 58
54 64 62
54 65 54
54 66 42
54 67 31
54 68 33
54 69 99
54 70 52
54 71 73
54 72 34
54 73 94
54 74 94
54 75 87
54 76 31
54 77 7
54 78 3
54 79 47
54 80 83
54 81 1
54 82 91
54 83 35
54 84 24
54 85 27
54 86 43
54 87 80
54 88 67
54 89 64
54 90 76
55 56 70
55 57 60
55 58 51
55 59 33
55 60 52
55 61 65
55 62 44
55 63 94
55 64 74
55 65 24
55 66 57
55 67 24
55 68 4
55 69 5
55 70 86
55 71 66
55 72 74
55 73 48
55 74 40
55 75 33
55 76 16
55 77 40
55 78 88
55 79 29
55 80 49
55 81 69
55 82 20
55 83 86
55 84 43
55 85 96
55 86 32
55 87 54
55 88 10
55 89 50
55 90 99
56 57 26
56 58 39
56 59 88
56 60 83
56 61 84
56 62 66
56 63 95
56 64 68
56 65 96
56 66 96
56 67 74
56 68 66
56 69 55
56 70 88
56 71 59
56 72 41
56 73 47
56 74 29
56 75 65
56 76 63
56 77 73
56 78 5
56 79 70
56 80 16
56 81 2
56 82 55
56 83 92
56 84 9
56 85 7
56 86 1
56 87 84
56 88 61
56 89 71
56 90 18
57 58 58
57 59 4
57 60 73
57 61 51
57 62 37
57 63 3
57 64 36
57 65 42
57 66 57
57 67 5
57 68 31
57 69 48
57 70 9
57 71 65
57 72 12
57 73 87
57 74 15
57 75 74
57 76 60
57 77 9
57 78 64
57 79 85
57 80 15
57 81 6
57 82 70
57 83 2
57 84 25
57 85 50
57 86 79
57 87 88
57 88 22
57 89 58
57 90 57
58 59 27
58 60 12
58 61 51
58 62 59
58 63 15
58 64 98
58 65 41
58 66 35
58 67 4
58 68 72
58 69 22
58 70 80
58 71 85
58 72 28
58 73 17
58 74 1
58 75 33
58 76 94
58 77 65
58 78 96
58 79 97
58 80 87
58 81 27
58 82 11
58 83 30
58 84 15
58 85 100
58 86 68
58 87 76
58 88 88
58 89 23
58 90 33
59 60 22
59 61 94
59 62 39
59 63 61
59 64 55
59 65 65
59 66 26
59 67 34
59 68 41
59 69 47
59 70 19
59 71 4
59 72 15
59 73 64
59 74 73
59 75 18
59 76 92
59 77 84
59 78 35
59 79 18
59 80 9
59 81 81
59 82 3
59 83 24
59 84 62
59 85 83
59 86 79
59 87 63
59 88 24
59 89 46
59 90 49
60 61 71
60 62 58
60 63 35
60 64 53
60 65 72
60 66 56
60 67 45
60 68 50
60 69 49
60 70 10
60 71 59
60 72 73
60 73 66
60 74 71
60 75 86
60 76 91
60 77 18
60 78 55
60 79 80
60 80 76
60 81 50
60 82 93
60 83 46
60 84 46
60 85 90
60 86 90
60 87 71
60 88 78
60 89 88
60 90 11
61 62 83
61 63 13
61 64 5
61 65 78
61 66 77
61 67 49
61 68 27
61 69 55
61 70 22
61 71 19
61 72 38
61 73 62
61 74 44
61 75 32
61 76 27
61 77 100
61 78 68
61 79 25
61 80 51
61 81 9
61 82 20
61 83 49
61 84 23
61 85 12
61 86 21
61 87 70
61 88 66
61 89 65
61 90 78
62 63 2
62 64 58
62 65 100
62 66 45
62 67 80
62 68 9
62 69 34
62 70 73
62 71 25
62 72 81
62 73 97
62 74 58
62 75 14
62 76 18
62 77 47
62 78 29
62 79 35
62 80 19
62 81 27
62 82 26
62 83 20
62 84 3
62 85 45
62 86 6
62 87 92
62 88 82
62 89 49
62 90 10
63 64 55
63 65 82
63 66 15
63 67 5
63 68 54
63 69 95
63 70 62
63 71 19
63 72 78
63 73 13
63 74 77
63 75 30
63 76 86
63 77 94
63 78 43
63 79 36
63 80 96
63 81 9
63 82 19
63 83 4
63 84 39
63 85 29
63 86 85
63 87 17
63 88 96
63 89 23
63 90 33
64 65 1
64 66 91
64 67 79
64 68 28
64 69 84
64 70 16
64 71 57
64 72 4
64 73 71
64 74 5
64 75 30
64 76 93
64 77 53
64 78 96
64 79 50
64 80 54
64 81 77
64 82 28
64 83 68
64 84 98
64 85 100
64 86 18
64 87 29
64 88 7
64 89 6
64 90 72
65 66 12
65 67 35
65 68 70
65 69 15
65 70 41
65 71 52
65 72 53
65 73 22
65 74 18
65 75 99
65 76 65
65 77 31
65 78 29
65 79 53
65 80 49
65 81 32
65 82 76
65 83 77
65 84 27
65 85 42
65 86 30
65 87 32
65 88 21
65 89 75
65 90 58
66 67 99
66 68 18
66 69 7
66 70 80
66 71 46
66 72 84
66 73 88
66 74 93
66 75 54
66 76 40
66 77 28
66 78 64
66 79 83
66 80 77
66 81 33
66 82 66
66 83 24
66 84 15
66 85 1
66 86 6
66 87 7
66 88 90
66 89 26
66 90 81
67 68 64
67 69 51
67 70 39
67 71 81
67 72 28
67 73 82
67 74 3
67 75 75
67 76 79
67 77 51
67 78 40
67 79 52
67 80 61
67 81 31
67 82 35
67 83 73
67 84 95
67 85 15
67 86 11
67 87 7
67 88 99
67 89 97
67 90 30
68 69 14
68 70 20
68 71 65
68 72 77
68 73 96
68 74 40
68 75 44
68 76 40
68 77 23
68 78 2
68 79 97
68 80 66
68 81 5
68 82 47
68 83 39
68 84 88
68 85 86
68 86 83
68 87 28
68 88 46
68 89 21
68 90 9
69 70 32
69 71 85
69 72 76
69 73 93
69 74 97
69 75 71
69 76 84
69 77 69
69 78 99
69 79 95
69 80 60
69 81 6
69 82 6
69 83 81
69 84 48
69 85 16
69 86 63
69 87 67
69 88 31
69 89 8
69 90 36
70 71 28
70 72 13
70 73 35
70 74 77
70 75 13
70 76 75
70 77 71
70 78 87
70 79 3
70 80 81
70 81 41
70 82 12
70 83 89
70 84 24
70 85 88
70 86 43
70 87 5
70 88 29
70 89 71
70 90 42
71 72 6
71 73 98
71 74 94
71 75 94
71 76 2
71 77 94
71 78 97
71 79 83
71 80 72
71 81 95
71 82 30
71 83 2
71 84 77
71 85 23
71 86 28
71 87 67
71 88 70
71 89 82
71 90 64
72 73 81
72 74 45
72 75 23
72 76 10
72 77 71
72 78 68
72 79 94
72 80 61
72 81 11
72 82 82
72 83 67
72 84 23
72 85 6
72 86 27
72 87 74
72 88 91
72 89 13
72 90 77
73 74 88
73 75 81
73 76 73
73 77 19
73 78 25
73 79 100
73 80 41
73 81 97
73 82 37
73 83 53
73 84 24
73 85 38
73 86 44
73 87 81
73 88 10
73 89 17
73 90 48
74 75 25
74 76 100
74 77 34
74 78 83
74 79 81
74 80 90
74 81 39
74 82 11
74 83 15
74 84 69
74 85 5
74 86 85
74 87 26
74 88 21
74 89 51
74 90 4
75 76 81
75 77 60
75 78 21
75 79 46
75 80 25
75 81 96
75 82 30
75 83 41
75 84 96
75 85 1
75 86 58
75 87 13
75 88 9
75 89 49
75 90 1
76 77 28
76 78 8
76 79 7
76 80 17
76 81 51
76 82 4
76 83 74
76 84 31
76 85 21
76 86 88
76 87 83
76 88 97
76 89 38
76 90 99
77 78 36
77 79 2
77 80 87
77 81 47
77 82 89
77 83 22
77 84 65
77 85 99
77 86 82
77 87 84
77 88 59
77 89 49
77 90 29
78 79 91
78 80 84
78 81 93
78 82 47
78 83 1
78 84 47
78 85 36
78 86 5
78 87 78
78 88 99
78 89 41
78 90 16
79 80 23
79 81 94
79 82 63
79 83 12
79 84 26
79 85 69
79 86 19
79 87 2
79 88 100
79 89 7
79 90 18
80 81 3
80 82 78
80 83 32
80 84 50
80 85 8
80 86 9
80 87 3
80 88 23
80 89 56
80 90 47
81 82 63
81 83 98
81 84 56
81 85 23
81 86 58
81 87 100
81 88 95
81 89 100
81 90 41
82 83 74
82 84 22
82 85 74
82 86 11
82 87 51
82 88 43
82 89 49
82 90 82
83 84 10
83 85 24
83 86 36
83 87 60
83 88 25
83 89 64
83 90 65
84 85 71
84 86 20
84 87 81
84 88 38
84 89 76
84 90 52
85 86 5
85 87 61
85 88 61
85 89 16
85 90 71
86 87 27
86 88 5
86 89 6
86 90 100
87 88 67
87 89 15
87 90 84
88 89 16
88 90 94
89 90 38
