55 1485 54
1 2 79
1 3 82
1 4 5
1 5 40
1 6 67
1 7 89
1 8 40
1 9 93
1 10 89
1 11 20
1 12 17
1 13 69
1 14 23
1 15 93
1 16 61
1 17 34
1 18 88
1 19 66
1 20 47
1 21 36
1 22 9
1 23 47
1 24 14
1 25 61
1 26 62
1 27 19
1 28 85
1 29 71
1 30 93
1 31 38
1 32 49
1 33 72
1 34 91
1 35 63
1 36 54
1 37 98
1 38 93
1 39 94
1 40 21
1 41 57
1 42 92
1 43 43
1 44 70
1 45 69
1 46 90
1 47 36
1 48 32
1 49 45
1 50 76
1 51 97
1 52 51
1 53 51
1 54 25
1 55 44
2 3 12
2 4 92
2 5 45
2 6 37
2 7 34
2 8 7
2 9 15
2 10 67
2 11 39
2 12 6
2 13 56
2 14 84
2 15 90
2 16 27
2 17 11
2 18 4
2 19 76
2 20 54
2 21 4
2 22 63
2 23 63
2 24 100
2 25 13
2 26 16
2 27 53
2 28 21
2 29 74
2 30 60
2 31 4
2 32 7
2 33 52
2 34 4
2 35 33
2 36 41
2 37 7
2 38 87
2 39 74
2 40 99
2 41 19
2 42 69
2 43 12
2 44 86
2 45 71
2 46 13
2 47 80
2 48 59
2 49 88
2 50 93
2 51 95
2 52 89
2 53 74
2 54 56
2 55 28
3 4 97
3 5 33
3 6 29
3 7 54
3 8 72
3 9 61
3 10 57
3 11 36
3 12 31
3 13 73
3 14 53
3 15 99
3 16 19
3 17 58
3 18 50
3 19 71
3 20 10
3 21 96
3 22 40
3 23 85
3 24 73
3 25 48
3 26 24
3 27 5
3 28 64
3 29 70
3 30 16
3 31 63
3 32 62
3 33 45
3 34 83
3 35 28
3 36 73
3 37 53
3 38 78
3 39 85
3 40 50
3 41 73
3 42 93
3 43 69
3 44 93
3 45 26
3 46 92
3 47 9
3 48 88
3 49 16
3 50 26
3 51 61
3 52 95
3 53 23
3 54 56
3 55 76
4 5 58
4 6 25
4 7 80
4 8 31
4 9 73
4 10 17
4 11 73
4 12 89
4 13 22
4 14 16
4 15 72
4 16 85
4 17 19
4 18 15
4 19 55
4 20 46
4 21 86
4 22 66
4 23 3
4 24 69
4 25 13
4 26 25
4 27 81
4 28 77
4 29 92
4 30 49
4 31 43
4 32 13
4 33 56
4 34 10
4 35 100
4 36 11
4 37 5
4 38 68
4 39 6
4 40 3
4 41 39
4 42 62
4 43 5
4 44 28
4 45 13
4 46 78
4 47 96
4 48 79
4 49 87
4 50 36
4 51 38
4 52 51
4 53 20
4 54 66
4 55 7
5 6 6
5 7 62
5 8 5
5 9 73
5 10 34
5 11 89
5 12 8
5 13 41
5 14 13
5 15 45
5 16 8
5 17 5
5 18 79
5 19 72
5 20 96
5 21 37
5 22 58
5 23 92
5 24 12
5 25 66
5 26 80
5 27 73
5 28 32
5 29 41
5 30 18
5 31 78
5 32 37
5 33 59
5 34 33
5 35 43
5 36 31
5 37 97
5 38 36
5 39 1
5 40 10
5 41 91
5 42 95
5 43 96
5 44 28
5 45 7
5 46 50
5 47 16
5 48 95
5 49 43
5 50 90
5 51 14
5 52 79
5 53 53
5 54 16
5 55 46
6 7 80
6 8 19
6 9 67
6 10 82
6 11 2
6 12 58
6 13 38
6 14 43
6 15 92
6 16 18
6 17 68
6 18 29
6 19 82
6 20 29
6 21 22
6 22 63
6 23 28
6 24 35
6 25 32
6 26 5
6 27 82
6 28 55
6 29 97
6 30 20
6 31 74
6 32 81
6 33 99
6 34 2
6 35 77
6 36 13
6 37 75
6 38 22
6 39 88
6 40 56
6 41 44
6 42 19
6 43 40
6 44 41
6 45 5
6 46 91
6 47 14
6 48 48
6 49 48
6 50 52
6 51 39
6 52 96
6 53 25
6 54 45
6 55 90
7 8 71
7 9 13
7 10 91
7 11 19
7 12 3
7 13 27
7 14 80
7 15 15
7 16 38
7 17 17
7 18 42
7 19 38
7 20 63
7 21 66
7 22 68
7 23 68
7 24 73
7 25 38
7 26 42
7 27 95
7 28 3
7 29 41
7 30 39
7 31 51
7 32 3
7 33 22
7 34 4
7 35 39
7 36 55
7 37 13
7 38 94
7 39 43
7 40 51
7 41 20
7 42 62
7 43 70
7 44 71
7 45 61
7 46 88
7 47 67
7 48 40
7 49 94
7 50 31
7 51 27
7 52 43
7 53 61
7 54 19
7 55 96
8 9 80
8 10 81
8 11 96
8 12 59
8 13 97
8 14 17
8 15 87
8 16 19
8 17 13
8 18 84
8 19 56
8 20 67
8 21 37
8 22 60
8 23 57
8 24 5
8 25 51
8 26 48
8 27 36
8 28 13
8 29 96
8 30 7
8 31 59
8 32 51
8 33 99
8 34 9
8 35 60
8 36 32
8 37 87
8 38 8
8 39 70
8 40 64
8 41 62
8 42 27
8 43 73
8 44 55
8 45 33
8 46 78
8 47 84
8 48 45
8 49 73
8 50 62
8 51 65
8 52 66
8 53 57
8 54 27
8 55 74
9 10 50
9 11 36
9 12 59
9 13 77
9 14 38
9 15 22
9 16 45
9 17 29
9 18 71
9 19 36
9 20 12
9 21 74
9 22 97
9 23 84
9 24 31
9 25 29
9 26 38
9 27 43
9 28 11
9 29 91
9 30 83
9 31 45
9 32 71
9 33 51
9 34 22
9 35 70
9 36 84
9 37 85
9 38 8
9 39 17
9 40 58
9 41 4
9 42 47
9 43 57
9 44 51
9 45 92
9 46 30
9 47 94
9 48 97
9 49 40
9 50 63
9 51 40
9 52 93
9 53 49
9 54 46
9 55 68
10 11 76
10 12 88
10 13 46
10 14 65
10 15 47
10 16 99
10 17 29
10 18 43
10 19 22
10 20 84
10 21 74
10 22 18
10 23 58
10 24 44
10 25 37
10 26 49
10 27 18
10 28 45
10 29 62
10 30 43
10 31 54
10 32 25
10 33 16
10 34 74
10 35 78
10 36 66
10 37 44
10 38 1
10 39 13
10 40 99
10 41 92
10 42 62
10 43 91
10 44 57
10 45 77
10 46 43
10 47 39
10 48 19
10 49 53
10 50 97
10 51 91
10 52 4
10 53 73
10 54 39
10 55 6
11 12 69
11 13 10
11 14 25
11 15 56
11 16 8
11 17 86
11 18 53
11 19 23
11 20 50
11 21 98
11 22 14
11 23 86
11 24 44
11 25 42
11 26 18
11 27 33
11 28 6
11 29 13
11 30 50
11 31 41
11 32 66
11 33 15
11 34 24
11 35 27
11 36 7
11 37 36
11 38 89
11 39 16
11 40 6
11 41 29
11 42 85
11 43 24
11 44 33
11 45 88
11 46 73
11 47 25
11 48 26
11 49 100
11 50 59
11 51 16
11 52 74
11 53 53
11 54 94
11 55 91
12 13 58
12 14 63
12 15 21
12 16 87
12 17 11
12 18 16
12 19 25
12 20 32
12 21 57
12 22 30
12 23 74
12 24 34
12 25 8
12 26 68
12 27 7
12 28 6
12 29 74
12 30 12
12 31 67
12 32 69
12 33 70
12 34 20
12 35 39
12 36 90
12 37 80
12 38 68
12 39 59
12 40 81
12 41 2
12 42 50
12 43 71
12 44 77
12 45 20
12 46 65
12 47 70
12 48 3
12 49 38
12 50 13
12 51 19
12 52 46
12 53 63
12 54 3
12 55 12
13 14 87
13 15 42
13 16 98
13 17 3
13 18 94
13 19 18
13 20 95
13 21 94
13 22 61
13 23 83
13 24 49
13 25 49
13 26 21
13 27 23
13 28 85
13 29 65
13 30 48
13 31 47
13 32 54
13 33 19
13 34 36
13 35 97
13 36 77
13 37 43
13 38 68
13 39 32
13 40 93
13 41 49
13 42 11
13 43 84
13 44 2
13 45 52
13 46 38
13 47 97
13 48 46
13 49 83
13 50 96
13 51 100
13 52 100
13 53 62
13 54 82
13 55 10
14 15 42
14 16 36
14 17 78
14 18 66
14 19 22
14 20 21
14 21 52
14 22 90
14 23 31
14 24 19
14 25 100
14 26 60
14 27 4
14 28 17
14 29 52
14 30 7
14 31 94
14 32 59
14 33 69
14 34 18
14 35 66
14 36 90
14 37 57
14 38 97
14 39 7
14 40 55
14 41 44
14 42 53
14 43 83
14 44 22
14 45 28
14 46 38
14 47 18
14 48 71
14 49 43
14 50 75
14 51 45
14 52 49
14 53 32
14 54 14
14 55 23
15 16 24
15 17 71
15 18 91
15 19 47
15 20 11
15 21 38
15 22 69
15 23 57
15 24 83
15 25 86
15 26 98
15 27 10
15 28 68
15 29 70
15 30 17
15 31 49
15 32 85
15 33 56
15 34 6
15 35 90
15 36 77
15 37 95
15 38 96
15 39 1
15 40 92
15 41 77
15 42 64
15 43 86
15 44 87
15 45 27
15 46 30
15 47 65
15 48 99
15 49 9
15 50 55
15 51 96
15 52 26
15 53 85
15 54 16
15 55 73
16 17 47
16 18 69
16 19 2
16 20 12
16 21 64
16 22 92
16 23 61
16 24 68
16 25 71
16 26 71
16 27 83
16 28 6
16 29 55
16 30 89
16 31 96
16 32 80
16 33 4
16 34 19
16 35 16
16 36 49
16 37 22
16 38 63
16 39 52
16 40 68
16 41 82
16 42 6
16 43 60
16 44 90
16 45 85
16 46 19
16 47 44
16 48 7
16 49 79
16 50 59
16 51 29
16 52 19
16 53 48
16 54 43
16 55 2
17 18 17
17 19 26
17 20 90
17 21 30
17 22 96
17 23 52
17 24 42
17 25 69
17 26 29
17 27 43
17 28 10
17 29 45
17 30 3
17 31 22
17 32 90
17 33 36
17 34 22
17 35 76
17 36 9
17 37 98
17 38 79
17 39 26
17 40 30
17 41 74
17 42 49
17 43 50
17 44 23
17 45 98
17 46 90
17 47 40
17 48 83
17 49 87
17 50 37
17 51 60
17 52 56
17 53 44
17 54 32
17 55 24
18 19 57
18 20 15
18 21 81
18 22 97
18 23 24
18 24 69
18 25 79
18 26 69
18 27 57
18 28 25
18 29 72
18 30 96
18 31 98
18 32 63
18 33 36
18 34 73
18 35 30
18 36 56
18 37 34
18 38 94
18 39 35
18 40 19
18 41 58
18 42 77
18 43 1
18 44 35
18 45 21
18 46 89
18 47 98
18 48 79
18 49 42
18 50 29
18 51 6
18 52 60
18 53 95
18 54 45
18 55 57
19 20 91
19 21 29
19 22 25
19 23 98
19 24 21
19 25 5
19 26 71
19 27 56
19 28 39
19 29 94
19 30 41
19 31 70
19 32 16
19 33 39
19 34 11
19 35 20
19 36 56
19 37 34
19 38 20
19 39 91
19 40 81
19 41 38
19 42 74
19 43 15
19 44 18
19 45 20
19 46 45
19 47 25
19 48 80
19 49 33
19 50 55
19 51 78
19 52 36
19 53 13
19 54 24
19 55 41
20 21 84
20 22 80
20 23 60
20 24 67
20 25 76
20 26 96
20 27 10
20 28 71
20 29 55
20 30 9
20 31 41
20 32 30
20 33 71
20 34 31
20 35 64
20 36 15
20 37 94
20 38 26
20 39 86
20 40 99
20 41 16
20 42 20
20 43 14
20 44 8
20 45 3
20 46 93
20 47 43
20 48 93
20 49 53
20 50 79
20 51 27
20 52 2
20 53 54
20 54 23
20 55 48
21 22 9
21 23 88
21 24 27
21 25 47
21 26 45
21 27 76
21 28 63
21 29 72
21 30 17
21 31 75
21 32 69
21 33 19
21 34 6
21 35 35
21 36 28
21 37 90
21 38 65
21 39 98
21 40 71
21 41 34
21 42 44
21 43 54
21 44 32
21 45 23
21 46 83
21 47 34
21 48 15
21 49 61
21 50 62
21 51 51
21 52 55
21 53 33
21 54 13
21 55 21
22 23 39
22 24 53
22 25 61
22 26 96
22 27 52
22 28 79
22 29 13
22 30 39
22 31 10
22 32 71
22 33 30
22 34 6
22 35 43
22 36 5
22 37 11
22 38 58
22 39 87
22 40 26
22 41 11
22 42 34
22 43 24
22 44 73
22 45 96
22 46 60
22 47 73
22 48 24
22 49 42
22 50 44
22 51 53
22 52 51
22 53 29
22 54 8
22 55 86
23 24 54
23 25 79
23 26 7
23 27 15
23 28 52
23 29 1
23 30 54
23 31 71
23 32 2
23 33 88
23 34 91
23 35 52
23 36 100
23 37 89
23 38 80
23 39 10
23 40 43
23 41 32
23 42 74
23 43 95
23 44 68
23 45 4
23 46 65
23 47 99
23 48 12
23 49 51
23 50 99
23 51 30
23 52 61
23 53 81
23 54 96
23 55 64
24 25 34
24 26 42
24 27 68
24 28 4
24 29 1
24 30 13
24 31 27
24 32 93
24 33 44
24 34 89
24 35 62
24 36 1
24 37 21
24 38 33
24 39 44
24 40 15
24 41 16
24 42 23
24 43 67
24 44 47
24 45 59
24 46 99
24 47 49
24 48 5
24 49 100
24 50 58
24 51 29
24 52 14
24 53 60
24 54 76
24 55 59
25 26 99
25 27 16
25 28 72
25 29 65
25 30 34
25 31 93
25 32 62
25 33 73
25 34 46
25 35 56
25 36 39
25 37 57
25 38 38
25 39 2
25 40 72
25 41 37
25 42 17
25 43 85
25 44 16
25 45 90
25 46 8
25 47 88
25 48 91
25 49 17
25 50 42
25 51 72
25 52 15
25 53 36
25 54 17
25 55 72
26 27 65
26 28 85
26 29 38
26 30 43
26 31 21
26 32 6
26 33 12
26 34 76
26 35 61
26 36 98
26 37 21
26 38 71
26 39 55
26 40 44
26 41 54
26 42 17
26 43 24
26 44 68
26 45 82
26 46 39
26 47 48
26 48 50
26 49 22
26 50 17
26 51 26
26 52 33
26 53 2
26 54 43
26 55 94
27 28 92
27 29 6
27 30 22
27 31 88
27 32 76
27 33 48
27 34 87
27 35 49
27 36 25
27 37 82
27 38 58
27 39 85
27 40 18
27 41 91
27 42 49
27 43 45
27 44 5
27 45 21
27 46 54
27 47 39
27 48 56
27 49 76
27 50 51
27 51 6
27 52 81
27 53 47
27 54 63
27 55 80
28 29 32
28 30 7
28 31 77
28 32 78
28 33 64
28 34 52
28 35 19
28 36 12
28 37 19
28 38 82
28 39 4
28 40 92
28 41 21
28 42 59
28 43 46
28 44 56
28 45 37
28 46 61
28 47 70
28 48 7
28 49 89
28 50 64
28 51 40
28 52 51
28 53 78
28 54 58
28 55 20
29 30 5
29 31 20
29 32 41
29 33 88
29 34 47
29 35 59
29 36 51
29 37 35
29 38 32
29 39 25
29 40 29
29 41 56
29 42 48
29 43 99
29 44 61
29 45 81
29 46 23
29 47 72
29 48 10
29 49 39
29 50 92
29 51 14
29 52 90
29 53 37
29 54 13
29 55 68
30 31 21
30 32 97
30 33 79
30 34 50
30 35 5
30 36 51
30 37 2
30 38 1
30 39 90
30 40 27
30 41 51
30 42 83
30 43 22
30 44 26
30 45 45
30 46 83
30 47 26
30 48 44
30 49 3
30 50 85
30 51 96
30 52 91
30 53 20
30 54 2
30 55 71
31 32 18
31 33 4
31 34 100
31 35 74
31 36 23
31 37 91
31 38 95
31 39 37
31 40 12
31 41 93
31 42 50
31 43 20
31 44 82
31 45 90
31 46 16
31 47 50
31 48 10
31 49 73
31 50 30
31 51 7
31 52 40
31 53 59
31 54 21
31 55 87
32 33 1
32 34 26
32 35 56
32 36 79
32 37 96
32 38 30
32 39 89
32 40 19
32 41 17
32 42 92
32 43 14
32 44 7
32 45 92
32 46 69
32 47 13
32 48 54
32 49 89
32 50 3
32 51 57
32 52 97
32 53 79
32 54 3
32 55 6
33 34 25
33 35 7
33 36 59
33 37 65
33 38 65
33 39 76
33 40 78
33 41 35
33 42 77
33 43 24
33 44 5
33 45 61
33 46 70
33 47 45
33 48 72
33 49 32
33 50 25
33 51 52
33 52 86
33 53 64
33 54 1
33 55 98
34 35 41
34 36 5
34 37 59
34 38 89
34 39 80
34 40 72
34 41 33
34 42 62
34 43 29
34 44 4
34 45 73
34 46 47
34 47 18
34 48 38
34 49 77
34 50 25
34 51 49
34 52 65
34 53 95
34 54 3
34 55 47
35 36 13
35 37 13
35 38 37
35 39 84
35 40 78
35 41 67
35 42 4
35 43 24
35 44 56
35 45 40
35 46 100
35 47 60
35 48 87
35 49 1
35 50 97
35 51 6
35 52 10
35 53 43
35 54 93
35 55 51
36 37 99
36 38 8
36 39 94
36 40 43
36 41 30
36 42 81
36 43 11
36 44 49
36 45 81
36 46 44
36 47 43
36 48 34
36 49 6
36 50 15
36 51 66
36 52 62
36 53 24
36 54 9
36 55 35
37 38 37
37 39 100
37 40 78
37 41 58
37 42 100
37 43 64
37 44 98
37 45 87
37 46 62
37 47 64
37 48 43
37 49 70
37 50 3
37 51 39
37 52 19
37 53 92
37 54 30
37 55 70
38 39 97
38 40 33
38 41 98
38 42 52
38 43 92
38 44 70
38 45 58
38 46 91
38 47 17
38 48 7
38 49 22
38 50 85
38 51 73
38 52 89
38 53 77
38 54 23
38 55 98
39 40 92
39 41 32
39 42 66
39 43 54
39 44 10
39 45 50
39 46 41
39 47 49
39 48 32
39 49 7
39 50 23
39 51 64
39 52 4
39 53 4
39 54 13
39 55 68
40 41 72
40 42 45
40 43 10
40 44 21
40 45 16
40 46 71
40 47 25
40 48 32
40 49 9
40 50 78
40 51 50
40 52 57
40 53 13
40 54 46
40 55 7
41 42 47
41 43 42
41 44 29
41 45 89
41 46 49
41 47 39
41 48 23
41 49 39
41 50 14
41 51 37
41 52 49
41 53 11
41 54 35
41 55 52
42 43 73
42 44 33
42 45 85
42 46 47
42 47 82
42 48 79
42 49 63
42 50 26
42 51 27
42 52 36
42 53 58
42 54 95
42 55 88
43 44 22
43 45 53
43 46 62
43 47 14
43 48 87
43 49 76
43 50 72
43 51 72
43 52 4
43 53 60
43 54 83
43 55 65
44 45 72
44 46 92
44 47 86
44 48 81
44 49 80
44 50 17
44 51 12
44 52 58
44 53 94
44 54 95
44 55 55
45 46 17
45 47 48
45 48 96
45 49 35
45 50 1
45 51 67
45 52 17
45 53 37
45 54 23
45 55 11
46 47 5
46 48 86
46 49 11
46 50 60
46 51 40
46 52 40
46 53 39
46 54 8
46 55 1
47 48 32
47 49 58
47 50 15
47 51 5
47 52 13
47 53 81
47 54 59
47 55 75
48 49 70
48 50 34
48 51 85
48 52 59
48 53 37
48 54 42
48 55 83
49 50 23
49 51 23
49 52 7
49 53 77
49 54 29
49 55 65
50 51 69
50 52 23
50 53 45
50 54 23
50 55 28
51 52 24
51 53 13
51 54 38
51 55 81
52 53 6
52 54 52
52 55 20
53 54 3
53 55 76
54 55 17
