25 300 24
1 2 95
1 3 44
1 4 79
1 5 71
1 6 80
1 7 52
1 8 74
1 9 52
1 10 85
1 11 22
1 12 26
1 13 51
1 14 88
1 15 69
1 16 31
1 17 15
1 18 44
1 19 82
1 20 59
1 21 2
1 22 63
1 23 11
1 24 32
1 25 25
2 3 79
2 4 39
2 5 37
2 6 47
2 7 40
2 8 99
2 9 47
2 10 18
2 11 49
2 12 39
2 13 53
2 14 33
2 15 44
2 16 17
2 17 95
2 18 68
2 19 82
2 20 51
2 21 35
2 22 34
2 23 24
2 24 4
2 25 73
3 4 64
3 5 2
3 6 63
3 7 97
3 8 38
3 9 81
3 10 67
3 11 33
3 12 71
3 13 46
3 14 46
3 15 41
3 16 23
3 17 72
3 18 33
3 19 9
3 20 69
3 21 44
3 22 99
3 23 97
3 24 57
3 25 63
4 5 25
4 6 7
4 7 41
4 8 10
4 9 49
4 10 71
4 11 39
4 12 3
4 13 91
4 14 3
4 15 4
4 16 40
4 17 51
4 18 26
4 19 62
4 20 63
4 21 84
4 22 52
4 23 45
4 24 94
4 25 52
5 6 81
5 7 69
5 8 93
5 9 48
5 10 3
5 11 76
5 12 40
5 13 44
5 14 33
5 15 99
5 16 12
5 17 27
5 18 36
5 19 87
5 20 88
5 21 7
5 22 65
5 23 40
5 24 83
5 25 25
6 7 63
6 8 13
6 9 24
6 10 11
6 11 37
6 12 25
6 13 84
6 14 15
6 15 81
6 16 43
6 17 62
6 18 85
6 19 76
6 20 62
6 21 34
6 22 10
6 23 32
6 24 29
6 25 50
7 8 78
7 9 6
7 10 91
7 11 27
7 12 16
7 13 75
7 14 64
7 15 51
7 16 15
7 17 76
7 18 58
7 19 43
7 20 19
7 21 80
7 22 59
7 23 73
7 24 13
7 25 39
8 9 40
8 10 37
8 11 14
8 12 82
8 13 1
8 14 39
8 15 81
8 16 20
8 17 19
8 18 47
8 19 15
8 20 85
8 21 83
8 22 52
8 23 2
8 24 64
8 25 18
9 10 1
9 11 84
9 12 89
9 13 21
9 14 61
9 15 47
9 16 80
9 17 92
9 18 83
9 19 71
9 20 28
9 21 43
9 22 20
9 23 72
9 24 90
9 25 85
10 11 88
10 12 60
10 13 77
10 14 39
10 15 58
10 16 32
10 17 85
10 18 96
10 19 41
10 20 2
10 21 30
10 22 13
10 23 84
10 24 46
10 25 94
11 12 29
11 13 19
11 14 27
11 15 19
11 16 79
11 17 88
11 18 41
11 19 89
11 20 29
11 21 96
11 22 77
11 23 83
11 24 96
11 25 40
12 13 57
12 14 8
12 15 92
12 16 32
12 17 50
12 18 79
12 19 77
12 20 14
12 21 58
12 22 32
12 23 78
12 24 92
12 25 43
13 14 24
13 15 63
13 16 28
13 17 59
13 18 85
13 19 28
13 20 41
13 21 42
13 22 12
13 23 46
13 24 89
13 25 96
14 15 15
14 16 60
14 17 92
14 18 79
14 19 67
14 20 26
14 21 36
14 22 74
14 23 11
14 24 98
14 25 26
15 16 17
15 17 41
15 18 1
15 19 51
15 20 97
15 21 68
15 22 4
15 23 35
15 24 68
15 25 74
16 17 32
16 18 81
16 19 95
16 20 81
16 21 25
16 22 25
16 23 9
16 24 15
16 25 77
17 18 62
17 19 65
17 20 43
17 21 83
17 22 17
17 23 93
17 24 1
17 25 23
18 19 35
18 20 6
18 21 79
18 22 54
18 23 76
18 24 70
18 25 55
19 20 22
19 21 97
19 22 98
19 23 54
19 24 99
19 25 71
20 21 32
20 22 39
20 23 7
20 24 98
20 25 87
21 22 41
21 23 61
21 24 8
21 25 26
22 23 3
22 24 87
22 25 20
23 24 79
23 25 32
24 25 17
