60 1770 59
1 2 64
1 3 95
1 4 52
1 5 7
1 6 57
1 7 16
1 8 38
1 9 78
1 10 47
1 11 15
1 12 29
1 13 25
1 14 74
1 15 71
1 16 66
1 17 35
1 18 18
1 19 34
1 20 51
1 21 94
1 22 47
1 23 13
1 24 47
1 25 37
1 26 27
1 27 36
1 28 80
1 29 67
1 30 90
1 31 85
1 32 9
1 33 47
1 34 64
1 35 60
1 36 27
1 37 8
1 38 38
1 39 33
1 40 2
1 41 95
1 42 75
1 43 21
1 44 69
1 45 25
1 46 2
1 47 15
1 48 85
1 49 85
1 50 45
1 51 59
1 52 50
1 53 3
1 54 70
1 55 66
1 56 63
1 57 31
1 58 86
1 59 64
1 60 35
2 3 88
2 4 56
2 5 3
2 6 95
2 7 31
2 8 60
2 9 64
2 10 10
2 11 78
2 12 76
2 13 5
2 14 32
2 15 91
2 16 28
2 17 46
2 18 46
2 19 3
2 20 87
2 21 28
2 22 63
2 23 53
2 24 50
2 25 61
2 26 36
2 27 12
2 28 14
2 29 40
2 30 31
2 31 11
2 32 41
2 33 44
2 34 92
2 35 16
2 36 78
2 37 78
2 38 86
2 39 75
2 40 84
2 41 94
2 42 52
2 43 19
2 44 46
2 45 99
2 46 37
2 47 64
2 48 55
2 49 2
2 50 41
2 51 86
2 52 49
2 53 62
2 54 82
2 55 16
2 56 30
2 57 43
2 58 70
2 59 49
2 60 81
3 4 79
3 5 34
3 6 91
3 7 74
3 8 52
3 9 92
3 10 3
3 11 96
3 12 97
3 13 82
3 14 41
3 15 15
3 16 27
3 17 44
3 18 76
3 19 96
3 20 28
3 21 33
3 22 47
3 23 88
3 24 78
3 25 69
3 26 18
3 27 43
3 28 41
3 29 74
3 30 18
3 31 63
3 32 2
3 33 6
3 34 59
3 35 1
3 36 32
3 37 94
3 38 10
3 39 100
3 40 15
3 41 29
3 42 72
3 43 11
3 44 53
3 45 33
3 46 34
3 47 79
3 48 33
3 49 60
3 50 52
3 51 1
3 52 46
3 53 56
3 54 86
3 55 17
3 56 37
3 57 62
3 58 80
3 59 4
3 60 73
4 5 37
4 6 50
4 7 37
4 8 99
4 9 37
4 10 18
4 11 33
4 12 17
4 13 94
4 14 88
4 15 8
4 16 12
4 17 29
4 18 64
4 19 24
4 20 61
4 21 66
4 22 58
4 23 96
4 24 70
4 25 37
4 26 87
4 27 90
4 28 68
4 29 45
4 30 71
4 31 63
4 32 31
4 33 20
4 34 66
4 35 13
4 36 86
4 37 83
4 38 73
4 39 34
4 40 2
4 41 43
4 42 3
4 43 13
4 44 78
4 45 3
4 46 83
4 47 1
4 48 62
4 49 31
4 50 21
4 51 65
4 52 84
4 53 83
4 54 31
4 55 76
4 56 79
4 57 7
4 58 97
4 59 41
4 60 82
5 6 23
5 7 19
5 8 3
5 9 33
5 10 95
5 11 34
5 12 89
5 13 87
5 14 89
5 15 85
5 16 73
5 17 22
5 18 14
5 19 14
5 20 89
5 21 21
5 22 22
5 23 90
5 24 82
5 25 56
5 26 19
5 27 73
5 28 8
5 29 100
5 30 8
5 31 81
5 32 54
5 33 1
5 34 90
5 35 17
5 36 56
5 37 100
5 38 45
5 39 91
5 40 90
5 41 77
5 42 60
5 43 12
5 44 7
5 45 5
5 46 72
5 47 25
5 48 41
5 49 10
5 50 80
5 51 7
5 52 17
5 53 86
5 54 46
5 55 14
5 56 76
5 57 97
5 58 30
5 59 4
5 60 38
6 7 79
6 8 83
6 9 55
6 10 47
6 11 80
6 12 95
6 13 99
6 14 92
6 15 99
6 16 81
6 17 83
6 18 4
6 19 35
6 20 48
6 21 71
6 22 74
6 23 79
6 24 73
6 25 59
6 26 20
6 27 88
6 28 22
6 29 16
6 30 28
6 31 2
6 32 44
6 33 42
6 34 8
6 35 17
6 36 47
6 37 45
6 38 43
6 39 80
6 40 14
6 41 24
6 42 73
6 43 71
6 44 83
6 45 54
6 46 80
6 47 94
6 48 10
6 49 38
6 50 17
6 51 27
6 52 13
6 53 16
6 54 28
6 55 16
6 56 64
6 57 46
6 58 77
6 59 5
6 60 93
7 8 50
7 9 56
7 10 59
7 11 60
7 12 85
7 13 58
7 14 41
7 15 39
7 16 78
7 17 82
7 18 91
7 19 28
7 20 87
7 21 87
7 22 77
7 23 16
7 24 73
7 25 51
7 26 98
7 27 30
7 28 97
7 29 59
7 30 60
7 31 36
7 32 73
7 33 54
7 34 70
7 35 46
7 36 28
7 37 81
7 38 59
7 39 86
7 40 70
7 41 99
7 42 33
7 43 96
7 44 97
7 45 94
7 46 20
7 47 86
7 48 97
7 49 71
7 50 33
7 51 2
7 52 53
7 53 65
7 54 19
7 55 63
7 56 88
7 57 86
7 58 50
7 59 40
7 60 57
8 9 91
8 10 93
8 11 80
8 12 22
8 13 28
8 14 16
8 15 63
8 16 75
8 17 51
8 18 83
8 19 94
8 20 89
8 21 63
8 22 82
8 23 14
8 24 19
8 25 73
8 26 74
8 27 28
8 28 37
8 29 53
8 30 22
8 31 84
8 32 48
8 33 38
8 34 55
8 35 92
8 36 4
8 37 18
8 38 67
8 39 37
8 40 89
8 41 65
8 42 41
8 43 66
8 44 56
8 45 68
8 46 70
8 47 68
8 48 71
8 49 59
8 50 38
8 51 11
8 52 24
8 53 61
8 54 86
8 55 20
8 56 17
8 57 10
8 58 94
8 59 2
8 60 67
9 10 46
9 11 31
9 12 25
9 13 37
9 14 68
9 15 1
9 16 86
9 17 92
9 18 51
9 19 99
9 20 34
9 21 33
9 22 67
9 23 14
9 24 96
9 25 55
9 26 84
9 27 56
9 28 85
9 29 3
9 30 100
9 31 100
9 32 53
9 33 22
9 34 37
9 35 63
9 36 84
9 37 51
9 38 13
9 39 87
9 40 65
9 41 3
9 42 85
9 43 40
9 44 67
9 45 41
9 46 38
9 47 16
9 48 9
9 49 47
9 50 36
9 51 78
9 52 37
9 53 14
9 54 41
9 55 79
9 56 1
9 57 66
9 58 54
9 59 39
9 60 44
10 11 32
10 12 92
10 13 25
10 14 13
10 15 52
10 16 46
10 17 4
10 18 32
10 19 31
10 20 24
10 21 43
10 22 32
10 23 81
10 24 38
10 25 98
10 26 8
10 27 99
10 28 34
10 29 48
10 30 49
10 31 81
10 32 19
10 33 9
10 34 17
10 35 5
10 36 37
10 37 50
10 38 58
10 39 24
10 40 27
10 41 77
10 42 46
10 43 75
10 44 70
10 45 25
10 46 54
10 47 32
10 48 3
10 49 29
10 50 55
10 51 8
10 52 66
10 53 48
10 54 86
10 55 100
10 56 95
10 57 20
10 58 54
10 59 75
10 60 62
11 12 47
11 13 87
11 14 92
11 15 8
11 16 63
11 17 30
11 18 72
11 19 27
11 20 82
11 21 6
11 22 82
11 23 97
11 24 3
11 25 42
11 26 59
11 27 48
11 28 6
11 29 18
11 30 33
11 31 49
11 32 82
11 33 34
11 34 70
11 35 59
11 36 51
11 37 67
11 38 26
11 39 43
11 40 92
11 41 67
11 42 34
11 43 4
11 44 88
11 45 86
11 46 22
11 47 19
11 48 29
11 49 5
11 50 37
11 51 73
11 52 21
11 53 62
11 54 93
11 55 25
11 56 58
11 57 40
11 58 87
11 59 32
11 60 66
12 13 78
12 14 59
12 15 25
12 16 19
12 17 79
12 18 91
12 19 32
12 20 59
12 21 34
12 22 47
12 23 67
12 24 29
12 25 90
12 26 13
12 27 45
12 28 67
12 29 39
12 30 66
12 31 39
12 32 78
12 33 95
12 34 24
12 35 82
12 36 84
12 37 95
12 38 13
12 39 24
12 40 12
12 41 100
12 42 36
12 43 17
12 44 85
12 45 82
12 46 83
12 47 50
12 48 95
12 49 70
12 50 93
12 51 96
12 52 86
12 53 85
12 54 7
12 55 12
12 56 62
12 57 91
12 58 6
12 59 30
12 60 77
13 14 61
13 15 83
13 16 79
13 17 39
13 18 67
13 19 81
13 20 78
13 21 35
13 22 5
13 23 50
13 24 56
13 25 38
13 26 8
13 27 84
13 28 62
13 29 4
13 30 48
13 31 32
13 32 22
13 33 54
13 34 64
13 35 93
13 36 69
13 37 80
13 38 46
13 39 6
13 40 82
13 41 10
13 42 7
13 43 32
13 44 14
13 45 20
13 46 17
13 47 50
13 48 33
13 49 71
13 50 59
13 51 49
13 52 37
13 53 41
13 54 80
13 55 90
13 56 33
13 57 89
13 58 34
13 59 22
13 60 76
14 15 83
14 16 36
14 17 42
14 18 80
14 19 59
14 20 93
14 21 74
14 22 43
14 23 40
14 24 74
14 25 59
14 26 89
14 27 21
14 28 37
14 29 15
14 30 82
14 31 96
14 32 59
14 33 21
14 34 70
14 35 80
14 36 1
14 37 68
14 38 61
14 39 64
14 40 13
14 41 44
14 42 65
14 43 25
14 44 72
14 45 63
14 46 51
14 47 84
14 48 54
14 49 61
14 50 74
14 51 61
14 52 85
14 53 83
14 54 53
14 55 82
14 56 16
14 57 10
14 58 61
14 59 79
14 60 44
15 16 66
15 17 44
15 18 89
15 19 57
15 20 61
15 21 80
15 22 57
15 23 70
15 24 86
15 25 31
15 26 38
15 27 46
15 28 63
15 29 32
15 30 73
15 31 70
15 32 84
15 33 61
15 34 27
15 35 45
15 36 72
15 37 73
15 38 56
15 39 60
15 40 75
15 41 75
15 42 17
15 43 96
15 44 60
15 45 14
15 46 27
15 47 10
15 48 96
15 49 42
15 50 44
15 51 99
15 52 71
15 53 96
15 54 57
15 55 93
15 56 37
15 57 84
15 58 30
15 59 86
15 60 86
16 17 94
16 18 60
16 19 35
16 20 19
16 21 48
16 22 98
16 23 52
16 24 84
16 25 38
16 26 34
16 27 94
16 28 89
16 29 46
16 30 67
16 31 12
16 32 21
16 33 22
16 34 88
16 35 53
16 36 1
16 37 57
16 38 90
16 39 62
16 40 58
16 41 62
16 42 96
16 43 9
16 44 56
16 45 43
16 46 27
16 47 63
16 48 97
16 49 79
16 50 14
16 51 32
16 52 28
16 53 23
16 54 10
16 55 59
16 56 28
16 57 11
16 58 97
16 59 16
16 60 39
17 18 45
17 19 52
17 20 93
17 21 95
17 22 92
17 23 35
17 24 97
17 25 30
17 26 99
17 27 51
17 28 25
17 29 31
17 30 77
17 31 67
17 32 35
17 33 15
17 34 96
17 35 15
17 36 92
17 37 96
17 38 36
17 39 36
17 40 43
17 41 97
17 42 13
17 43 27
17 44 18
17 45 58
17 46 2
17 47 59
17 48 5
17 49 8
17 50 10
17 51 91
17 52 42
17 53 90
17 54 95
17 55 56
17 56 82
17 57 79
17 58 3
17 59 10
17 60 73
18 19 1
18 20 98
18 21 36
18 22 97
18 23 28
18 24 73
18 25 28
18 26 99
18 27 83
18 28 95
18 29 2
18 30 28
18 31 93
18 32 68
18 33 3
18 34 69
18 35 50
18 36 41
18 37 75
18 38 83
18 39 83
18 40 88
18 41 78
18 42 47
18 43 14
18 44 48
18 45 85
18 46 78
18 47 11
18 48 80
18 49 44
18 50 99
18 51 98
18 52 39
18 53 52
18 54 52
18 55 53
18 56 31
18 57 53
18 58 11
18 59 68
18 60 52
19 20 6
19 21 64
19 22 14
19 23 21
19 24 78
19 25 8
19 26 73
19 27 21
19 28 79
19 29 20
19 30 14
19 31 36
19 32 17
19 33 43
19 34 38
19 35 63
19 36 2
19 37 16
19 38 57
19 39 78
19 40 25
19 41 57
19 42 9
19 43 73
19 44 65
19 45 2
19 46 39
19 47 15
19 48 73
19 49 81
19 50 82
19 51 36
19 52 77
19 53 72
19 54 2
19 55 66
19 56 71
19 57 51
19 58 94
19 59 29
19 60 31
20 21 26
20 22 60
20 23 17
20 24 77
20 25 18
20 26 59
20 27 37
20 28 84
20 29 32
20 30 63
20 31 69
20 32 36
20 33 92
20 34 39
20 35 97
20 36 35
20 37 69
20 38 74
20 39 35
20 40 7
20 41 23
20 42 53
20 43 7
20 44 28
20 45 83
20 46 94
20 47 19
20 48 69
20 49 3
20 50 55
20 51 11
20 52 21
20 53 76
20 54 77
20 55 73
20 56 75
20 57 63
20 58 69
20 59 20
20 60 67
21 22 52
21 23 5
21 24 51
21 25 45
21 26 41
21 27 23
21 28 74
21 29 93
21 30 64
21 31 41
21 32 4
21 33 22
21 34 85
21 35 47
21 36 88
21 37 87
21 38 2
21 39 20
21 40 3
21 41 17
21 42 56
21 43 81
21 44 30
21 45 4
21 46 60
21 47 3
21 48 97
21 49 38
21 50 35
21 51 15
21 52 59
21 53 80
21 54 22
21 55 28
21 56 47
21 57 50
21 58 66
21 59 48
21 60 5
22 23 2
22 24 67
22 25 31
22 26 37
22 27 55
22 28 4
22 29 27
22 30 87
22 31 40
22 32 5
22 33 91
22 34 65
22 35 68
22 36 98
22 37 37
22 38 98
22 39 25
22 40 4
22 41 72
22 42 21
22 43 86
22 44 61
22 45 21
22 46 11
22 47 6
22 48 13
22 49 24
22 50 67
22 51 19
22 52 76
22 53 4
22 54 58
22 55 83
22 56 68
22 57 2
22 58 81
22 59 85
22 60 93
23 24 88
23 25 61
23 26 33
23 27 94
23 28 79
23 29 31
23 30 78
23 31 64
23 32 91
23 33 65
23 34 14
23 35 4
23 36 24
23 37 47
23 38 90
23 39 77
23 40 57
23 41 4
23 42 76
23 43 11
23 44 25
23 45 80
23 46 24
23 47 80
23 48 56
23 49 81
23 50 68
23 51 31
23 52 44
23 53 74
23 54 28
23 55 86
23 56 37
23 57 100
23 58 56
23 59 42
23 60 17
24 25 39
24 26 78
24 27 30
24 28 22
24 29 49
24 30 73
24 31 50
24 32 81
24 33 7
24 34 86
24 35 63
24 36 54
24 37 84
24 38 37
24 39 30
24 40 95
24 41 21
24 42 45
24 43 89
24 44 28
24 45 6
24 46 63
24 47 61
24 48 87
24 49 98
24 50 38
24 51 34
24 52 54
24 53 13
24 54 54
24 55 35
24 56 50
24 57 82
24 58 87
24 59 99
24 60 11
25 26 36
25 27 58
25 28 94
25 29 69
25 30 57
25 31 98
25 32 56
25 33 99
25 34 4
25 35 28
25 36 76
25 37 96
25 38 80
25 39 2
25 40 44
25 41 51
25 42 1
25 43 3
25 44 63
25 45 16
25 46 81
25 47 66
25 48 68
25 49 17
25 50 88
25 51 43
25 52 32
25 53 36
25 54 53
25 55 26
25 56 93
25 57 28
25 58 22
25 59 57
25 60 80
26 27 83
26 28 88
26 29 17
26 30 67
26 31 67
26 32 32
26 33 45
26 34 2
26 35 52
26 36 60
26 37 6
26 38 47
26 39 13
26 40 72
26 41 49
26 42 72
26 43 2
26 44 3
26 45 44
26 46 32
26 47 42
26 48 18
26 49 40
26 50 26
26 51 71
26 52 5
26 53 42
26 54 31
26 55 98
26 56 8
26 57 36
26 58 88
26 59 11
26 60 44
27 28 31
27 29 75
27 30 98
27 31 13
27 32 6
27 33 21
27 34 27
27 35 25
27 36 22
27 37 72
27 38 49
27 39 59
27 40 78
27 41 74
27 42 56
27 43 19
27 44 69
27 45 13
27 46 79
27 47 94
27 48 75
27 49 73
27 50 21
27 51 47
27 52 89
27 53 74
27 54 67
27 55 90
27 56 59
27 57 81
27 58 99
27 59 34
27 60 81
28 29 49
28 30 25
28 31 54
28 32 8
28 33 30
28 34 25
28 35 99
28 36 54
28 37 36
28 38 29
28 39 67
28 40 59
28 41 36
28 42 11
28 43 81
28 44 79
28 45 70
28 46 43
28 47 43
28 48 94
28 49 77
28 50 14
28 51 14
28 52 23
28 53 3
28 54 46
28 55 10
28 56 21
28 57 19
28 58 77
28 59 26
28 60 17
29 30 82
29 31 70
29 32 73
29 33 46
29 34 53
29 35 96
29 36 19
29 37 6
29 38 54
29 39 73
29 40 26
29 41 56
29 42 29
29 43 43
29 44 68
29 45 49
29 46 52
29 47 96
29 48 85
29 49 86
29 50 26
29 51 82
29 52 37
29 53 4
29 54 10
29 55 9
29 56 56
29 57 89
29 58 35
29 59 84
29 60 93
30 31 98
30 32 32
30 33 99
30 34 65
30 35 28
30 36 24
30 37 98
30 38 43
30 39 87
30 40 86
30 41 57
30 42 89
30 43 39
30 44 45
30 45 17
30 46 91
30 47 5
30 48 47
30 49 99
30 50 6
30 51 66
30 52 1
30 53 12
30 54 71
30 55 69
30 56 97
30 57 65
30 58 64
30 59 11
30 60 97
31 32 21
31 33 32
31 34 7
31 35 64
31 36 28
31 37 89
31 38 45
31 39 62
31 40 77
31 41 25
31 42 44
31 43 46
31 44 87
31 45 42
31 46 44
31 47 30
31 48 60
31 49 21
31 50 36
31 51 41
31 52 43
31 53 48
31 54 56
31 55 64
31 56 49
31 57 62
31 58 15
31 59 69
31 60 36
32 33 64
32 34 55
32 35 39
32 36 85
32 37 46
32 38 71
32 39 22
32 40 96
32 41 89
32 42 88
32 43 98
32 44 66
32 45 91
32 46 7
32 47 34
32 48 76
32 49 78
32 50 52
32 51 93
32 52 50
32 53 92
32 54 62
32 55 59
32 56 18
32 57 37
32 58 38
32 59 80
32 60 46
33 34 89
33 35 93
33 36 18
33 37 66
33 38 5
33 39 31
33 40 37
33 41 29
33 42 99
33 43 65
33 44 26
33 45 3
33 46 44
33 47 94
33 48 59
33 49 53
33 50 52
33 51 77
33 52 72
33 53 75
33 54 27
33 55 9
33 56 79
33 57 76
33 58 79
33 59 77
33 60 3
34 35 4
34 36 74
34 37 31
34 38 49
34 39 53
34 40 70
34 41 49
34 42 82
34 43 43
34 44 56
34 45 87
34 46 75
34 47 9
34 48 25
34 49 62
34 50 1
34 51 83
34 52 56
34 53 21
34 54 74
34 55 68
34 56 69
34 57 52
34 58 67
34 59 72
34 60 8
35 36 84
35 37 96
35 38 30
35 39 89
35 40 91
35 41 26
35 42 26
35 43 56
35 44 2
35 45 60
35 46 8
35 47 43
35 48 39
35 49 53
35 50 77
35 51 97
35 52 10
35 53 56
35 54 98
35 55 25
35 56 23
35 57 33
35 58 43
35 59 19
35 60 30
36 37 67
36 38 89
36 39 7
36 40 42
36 41 59
36 42 1
36 43 30
36 44 28
36 45 69
36 46 37
36 47 59
36 48 6
36 49 60
36 50 59
36 51 77
36 52 91
36 53 71
36 54 69
36 55 5
36 56 74
36 57 38
36 58 86
36 59 29
36 60 17
37 38 60
37 39 97
37 40 19
37 41 72
37 42 11
37 43 49
37 44 27
37 45 7
37 46 100
37 47 74
37 48 32
37 49 90
37 50 10
37 51 75
37 52 62
37 53 74
37 54 84
37 55 43
37 56 58
37 57 10
37 58 70
37 59 10
37 60 78
38 39 73
38 40 78
38 41 95
38 42 55
38 43 14
38 44 41
38 45 52
38 46 34
38 47 57
38 48 81
38 49 11
38 50 55
38 51 97
38 52 59
38 53 87
38 54 66
38 55 16
38 56 79
38 57 96
38 58 57
38 59 79
38 60 50
39 40 79
39 41 54
39 42 19
39 43 44
39 44 15
39 45 5
39 46 5
39 47 84
39 48 99
39 49 29
39 50 85
39 51 57
39 52 67
39 53 6
39 54 66
39 55 49
39 56 43
39 57 66
39 58 59
39 59 10
39 60 30
40 41 72
40 42 34
40 43 73
40 44 42
40 45 54
40 46 38
40 47 12
40 48 71
40 49 7
40 50 3
40 51 99
40 52 52
40 53 83
40 54 10
40 55 2
40 56 71
40 57 79
40 58 72
40 59 99
40 60 46
41 42 20
41 43 3
41 44 3
41 45 92
41 46 75
41 47 48
41 48 42
41 49 60
41 50 58
41 51 38
41 52 70
41 53 89
41 54 63
41 55 37
41 56 51
41 57 74
41 58 35
41 59 9
41 60 33
42 43 3
42 44 25
42 45 45
42 46 72
42 47 42
42 48 94
42 49 48
42 50 55
42 51 49
42 52 60
42 53 24
42 54 70
42 55 72
42 56 30
42 57 84
42 58 96
42 59 66
42 60 49
43 44 89
43 45 16
43 46 14
43 47 30
43 48 15
43 49 78
43 50 22
43 51 22
43 52 58
43 53 55
43 54 95
43 55 38
43 56 13
43 57 18
43 58 7
43 59 93
43 60 88
44 45 51
44 46 84
44 47 85
44 48 14
44 49 12
44 50 88
44 51 24
44 52 12
44 53 61
44 54 68
44 55 13
44 56 69
44 57 89
44 58 46
44 59 84
44 60 96
45 46 85
45 47 94
45 48 11
45 49 26
45 50 97
45 51 1
45 52 2
45 53 61
45 54 99
45 55 3
45 56 78
45 57 65
45 58 27
45 59 90
45 60 14
46 47 50
46 48 44
46 49 36
46 50 66
46 51 35
46 52 42
46 53 2
46 54 24
46 55 6
46 56 17
46 57 42
46 58 48
46 59 11
46 60 94
47 48 89
47 49 56
47 50 26
47 51 19
47 52 45
47 53 77
47 54 39
47 55 62
47 56 88
47 57 99
47 58 80
47 59 66
47 60 64
48 49 82
48 50 47
48 51 56
48 52 75
48 53 88
48 54 65
48 55 43
48 56 48
48 57 76
48 58 90
48 59 91
48 60 20
49 50 26
49 51 57
49 52 95
49 53 73
49 54 23
49 55 28
49 56 33
49 57 23
49 58 21
49 59 28
49 60 51
50 51 16
50 52 74
50 53 15
50 54 25
50 55 13
50 56 22
50 57 23
50 58 58
50 59 40
50 60 43
51 52 14
51 53 46
51 54 96
51 55 43
51 56 1
51 57 57
51 58 85
51 59 99
51 60 37
52 53 65
52 54 78
52 55 3
52 56 10
52 57 77
52 58 11
52 59 88
52 60 92
53 54 64
53 55 77
53 56 36
53 57 78
53 58 83
53 59 85
53 60 82
54 55 49
54 56 65
54 57 24
54 58 73
54 59 22
54 60 65
55 56 71
55 57 8
55 58 80
55 59 75
55 60 82
56 57 70
56 58 56
56 59 67
56 60 56
57 58 67
57 59 55
57 60 58
58 59 70
58 60 85
59 60 54
