44 946 43
1 2 44
1 3 78
1 4 20
1 5 50
1 6 82
1 7 28
1 8 91
1 9 59
1 10 67
1 11 90
1 12 99
1 13 10
1 14 56
1 15 80
1 16 23
1 17 85
1 18 38
1 19 29
1 20 93
1 21 80
1 22 96
1 23 45
1 24 28
1 25 19
1 26 58
1 27 72
1 28 26
1 29 75
1 30 58
1 31 63
1 32 1
1 33 2
1 34 89
1 35 55
1 36 85
1 37 60
1 38 90
1 39 86
1 40 63
1 41 32
1 42 16
1 43 23
1 44 7
2 3 33
2 4 8
2 5 88
2 6 9
2 7 60
2 8 99
2 9 13
2 10 15
2 11 71
2 12 18
2 13 23
2 14 38
2 15 92
2 16 47
2 17 70
2 18 83
2 19 4
2 20 27
2 21 99
2 22 29
2 23 98
2 24 56
2 25 79
2 26 95
2 27 43
2 28 29
2 29 80
2 30 88
2 31 98
2 32 52
2 33 76
2 34 23
2 35 2
2 36 56
2 37 66
2 38 37
2 39 4
2 40 45
2 41 92
2 42 66
2 43 29
2 44 19
3 4 54
3 5 4
3 6 49
3 7 92
3 8 96
3 9 14
3 10 68
3 11 90
3 12 39
3 13 27
3 14 75
3 15 88
3 16 48
3 17 92
3 18 33
3 19 14
3 20 83
3 21 81
3 22 35
3 23 39
3 24 29
3 25 74
3 26 21
3 27 29
3 28 82
3 29 56
3 30 7
3 31 75
3 32 71
3 33 39
3 34 89
3 35 72
3 36 26
3 37 81
3 38 10
3 39 31
3 40 25
3 41 51
3 42 50
3 43 98
3 44 78
4 5 71
4 6 95
4 7 92
4 8 100
4 9 59
4 10 63
4 11 90
4 12 19
4 13 78
4 14 56
4 15 4
4 16 29
4 17 79
4 18 63
4 19 6
4 20 88
4 21 62
4 22 47
4 23 62
4 24 77
4 25 37
4 26 13
4 27 46
4 28 92
4 29 69
4 30 5
4 31 10
4 32 84
4 33 98
4 34 56
4 35 28
4 36 65
4 37 100
4 38 55
4 39 12
4 40 70
4 41 95
4 42 88
4 43 20
4 44 78
5 6 58
5 7 32
5 8 34
5 9 70
5 10 33
5 11 79
5 12 69
5 13 22
5 14 49
5 15 64
5 16 66
5 17 85
5 18 64
5 19 42
5 20 4
5 21 12
5 22 42
5 23 85
5 24 59
5 25 80
5 26 81
5 27 28
5 28 23
5 29 26
5 30 27
5 31 84
5 32 76
5 33 24
5 34 87
5 35 94
5 36 15
5 37 77
5 38 92
5 39 78
5 40 2
5 41 58
5 42 93
5 43 21
5 44 97
6 7 99
6 8 28
6 9 32
6 10 44
6 11 86
6 12 32
6 13 76
6 14 77
6 15 84
6 16 58
6 17 70
6 18 80
6 19 89
6 20 57
6 21 77
6 22 1
6 23 46
6 24 11
6 25 50
6 26 33
6 27 21
6 28 40
6 29 58
6 30 70
6 31 22
6 32 57
6 33 99
6 34 65
6 35 4
6 36 39
6 37 68
6 38 77
6 39 55
6 40 51
6 41 80
6 42 49
6 43 91
6 44 38
7 8 71
7 9 35
7 10 17
7 11 75
7 12 75
7 13 4
7 14 60
7 15 4
7 16 76
7 17 28
7 18 83
7 19 69
7 20 2
7 21 70
7 22 92
7 23 36
7 24 97
7 25 28
7 26 58
7 27 94
7 28 3
7 29 88
7 30 5
7 31 39
7 32 40
7 33 91
7 34 34
7 35 77
7 36 50
7 37 25
7 38 3
7 39 74
7 40 24
7 41 24
7 42 27
7 43 34
7 44 70
8 9 87
8 10 14
8 11 94
8 12 60
8 13 72
8 14 26
8 15 98
8 16 13
8 17 21
8 18 38
8 19 83
8 20 55
8 21 55
8 22 62
8 23 85
8 24 92
8 25 5
8 26 14
8 27 73
8 28 41
8 29 67
8 30 100
8 31 47
8 32 88
8 33 85
8 34 80
8 35 34
8 36 12
8 37 10
8 38 88
8 39 92
8 40 100
8 41 95
8 42 82
8 43 47
8 44 28
9 10 33
9 11 99
9 12 8
9 13 86
9 14 30
9 15 5
9 16 25
9 17 51
9 18 94
9 19 7
9 20 97
9 21 30
9 22 69
9 23 67
9 24 92
9 25 90
9 26 60
9 27 74
9 28 98
9 29 72
9 30 90
9 31 31
9 32 49
9 33 68
9 34 30
9 35 11
9 36 24
9 37 46
9 38 50
9 39 67
9 40 39
9 41 19
9 42 71
9 43 11
9 44 85
10 11 54
10 12 97
10 13 51
10 14 93
10 15 76
10 16 99
10 17 82
10 18 11
10 19 82
10 20 45
10 21 74
10 22 90
10 23 82
10 24 85
10 25 67
10 26 13
10 27 43
10 28 3
10 29 55
10 30 15
10 31 23
10 32 96
10 33 24
10 34 56
10 35 63
10 36 25
10 37 74
10 38 7
10 39 77
10 40 38
10 41 38
10 42 19
10 43 24
10 44 45
11 12 96
11 13 75
11 14 86
11 15 69
11 16 71
11 17 82
11 18 33
11 19 16
11 20 17
11 21 22
11 22 81
11 23 9
11 24 9
11 25 54
11 26 5
11 27 35
11 28 23
11 29 100
11 30 58
11 31 55
11 32 68
11 33 85
11 34 28
11 35 77
11 36 72
11 37 88
11 38 87
11 39 18
11 40 54
11 41 93
11 42 85
11 43 41
11 44 91
12 13 65
12 14 21
12 15 50
12 16 29
12 17 8
12 18 70
12 19 95
12 20 82
12 21 11
12 22 97
12 23 23
12 24 74
12 25 95
12 26 16
12 27 66
12 28 94
12 29 1
12 30 72
12 31 84
12 32 16
12 33 70
12 34 52
12 35 44
12 36 58
12 37 64
12 38 68
12 39 84
12 40 28
12 41 57
12 42 15
12 43 71
12 44 82
13 14 60
13 15 5
13 16 96
13 17 8
13 18 24
13 19 95
13 20 86
13 21 34
13 22 98
13 23 76
13 24 91
13 25 92
13 26 87
13 27 16
13 28 29
13 29 65
13 30 60
13 31 54
13 32 58
13 33 3
13 34 9
13 35 95
13 36 19
13 37 82
13 38 57
13 39 41
13 40 78
13 41 43
13 42 43
13 43 23
13 44 10
14 15 45
14 16 19
14 17 82
14 18 68
14 19 88
14 20 62
14 21 59
14 22 12
14 23 5
14 24 63
14 25 73
14 26 23
14 27 75
14 28 41
14 29 16
14 30 69
14 31 40
14 32 82
14 33 82
14 34 80
14 35 29
14 36 18
14 37 75
14 38 1
14 39 37
14 40 92
14 41 3
14 42 33
14 43 83
14 44 87
15 16 91
15 17 97
15 18 84
15 19 62
15 20 23
15 21 65
15 22 6
15 23 87
15 24 32
15 25 34
15 26 2
15 27 18
15 28 1
15 29 52
15 30 53
15 31 99
15 32 35
15 33 92
15 34 64
15 35 38
15 36 82
15 37 50
15 38 79
15 39 56
15 40 78
15 41 38
15 42 46
15 43 80
15 44 81
16 17 60
16 18 94
16 19 85
16 20 84
16 21 7
16 22 2
16 23 97
16 24 84
16 25 2
16 26 59
16 27 90
16 28 42
16 29 11
16 30 59
16 31 80
16 32 42
16 33 76
16 34 24
16 35 85
16 36 89
16 37 26
16 38 85
16 39 11
16 40 43
16 41 12
16 42 66
16 43 55
16 44 71
17 18 47
17 19 94
17 20 51
17 21 7
17 22 88
17 23 53
17 24 19
17 25 60
17 26 38
17 27 3
17 28 14
17 29 63
17 30 90
17 31 86
17 32 77
17 33 93
17 34 6
17 35 98
17 36 84
17 37 2
17 38 46
17 39 62
17 40 37
17 41 39
17 42 19
17 43 38
17 44 28
18 19 10
18 20 4
18 21 39
18 22 22
18 23 45
18 24 99
18 25 69
18 26 80
18 27 83
18 28 18
18 29 16
18 30 20
18 31 82
18 32 16
18 33 96
18 34 80
18 35 36
18 36 20
18 37 6
18 38 64
18 39 18
18 40 67
18 41 48
18 42 76
18 43 64
18 44 21
19 20 28
19 21 36
19 22 13
19 23 74
19 24 8
19 25 98
19 26 17
19 27 65
19 28 56
19 29 21
19 30 20
19 31 66
19 32 75
19 33 29
19 34 45
19 35 10
19 36 74
19 37 65
19 38 40
19 39 49
19 40 97
19 41 42
19 42 57
19 43 25
19 44 18
20 21 90
20 22 84
20 23 46
20 24 85
20 25 36
20 26 85
20 27 69
20 28 98
20 29 4
20 30 2
20 31 79
20 32 80
20 33 78
20 34 39
20 35 16
20 36 40
20 37 45
20 38 41
20 39 49
20 40 38
20 41 44
20 42 49
20 43 21
20 44 29
21 22 55
21 23 40
21 24 3
21 25 80
21 26 48
21 27 50
21 28 53
21 29 64
21 30 13
21 31 50
21 32 95
21 33 12
21 34 67
21 35 67
21 36 90
21 37 9
21 38 66
21 39 22
21 40 70
21 41 24
21 42 3
21 43 87
21 44 64
22 23 19
22 24 57
22 25 46
22 26 93
22 27 54
22 28 37
22 29 51
22 30 14
22 31 54
22 32 41
22 33 9
22 34 78
22 35 84
22 36 48
22 37 12
22 38 75
22 39 14
22 40 95
22 41 29
22 42 61
22 43 23
22 44 15
23 24 57
23 25 12
23 26 60
23 27 76
23 28 45
23 29 4
23 30 97
23 31 64
23 32 71
23 33 80
23 34 60
23 35 18
23 36 99
23 37 80
23 38 68
23 39 87
23 40 75
23 41 60
23 42 2
23 43 48
23 44 11
24 25 73
24 26 71
24 27 31
24 28 58
24 29 27
24 30 62
24 31 40
24 32 5
24 33 2
24 34 64
24 35 96
24 36 73
24 37 70
24 38 84
24 39 88
24 40 25
24 41 4
24 42 21
24 43 99
24 44 96
25 26 1
25 27 62
25 28 10
25 29 34
25 30 48
25 31 80
25 32 39
25 33 86
25 34 26
25 35 98
25 36 8
25 37 71
25 38 19
25 39 32
25 40 65
25 41 43
25 42 9
25 43 4
25 44 29
26 27 74
26 28 27
26 29 2
26 30 93
26 31 74
26 32 89
26 33 6
26 34 21
26 35 39
26 36 10
26 37 97
26 38 86
26 39 22
26 40 54
26 41 65
26 42 31
26 43 86
26 44 21
27 28 71
27 29 39
27 30 90
27 31 36
27 32 91
27 33 57
27 34 23
27 35 87
27 36 64
27 37 30
27 38 75
27 39 62
27 40 99
27 41 51
27 42 61
27 43 64
27 44 23
28 29 22
28 30 13
28 31 78
28 32 61
28 33 60
28 34 87
28 35 84
28 36 63
28 37 17
28 38 90
28 39 52
28 40 54
28 41 27
28 42 42
28 43 72
28 44 24
29 30 29
29 31 75
29 32 74
29 33 59
29 34 5
29 35 60
29 36 81
29 37 35
29 38 36
29 39 24
29 40 30
29 41 87
29 42 78
29 43 40
29 44 14
30 31 15
30 32 13
30 33 39
30 34 31
30 35 11
30 36 79
30 37 49
30 38 39
30 39 73
30 40 28
30 41 52
30 42 61
30 43 86
30 44 48
31 32 4
31 33 49
31 34 42
31 35 76
31 36 32
31 37 100
31 38 57
31 39 56
31 40 87
31 41 85
31 42 51
31 43 17
31 44 78
32 33 98
32 34 6
32 35 44
32 36 40
32 37 9
32 38 42
32 39 55
32 40 77
32 41 35
32 42 28
32 43 30
32 44 95
33 34 22
33 35 5
33 36 63
33 37 27
33 38 65
33 39 92
33 40 43
33 41 48
33 42 11
33 43 5
33 44 8
34 35 63
34 36 85
34 37 33
34 38 67
34 39 72
34 40 56
34 41 72
34 42 41
34 43 9
34 44 90
35 36 13
35 37 7
35 38 88
35 39 69
35 40 100
35 41 85
35 42 73
35 43 8
35 44 9
36 37 11
36 38 62
36 39 8
36 40 71
36 41 82
36 42 41
36 43 63
36 44 8
37 38 16
37 39 57
37 40 52
37 41 35
37 42 59
37 43 70
37 44 23
38 39 89
38 40 67
38 41 24
38 42 66
38 43 98
38 44 3
39 40 8
39 41 41
39 42 80
39 43 9
39 44 36
40 41 70
40 42 35
40 43 72
40 44 82
41 42 9
41 43 17
41 44 33
42 43 89
42 44 8
43 44 56
