103 5253 102
1 2 36
1 3 52
1 4 47
1 5 47
1 6 32
1 7 90
1 8 16
1 9 63
1 10 81
1 11 46
1 12 33
1 13 40
1 14 93
1 15 72
1 16 62
1 17 52
1 18 87
1 19 88
1 20 97
1 21 5
1 22 27
1 23 74
1 24 27
1 25 85
1 26 83
1 27 40
1 28 53
1 29 14
1 30 55
1 31 38
1 32 9
1 33 60
1 34 41
1 35 44
1 36 34
1 37 76
1 38 4
1 39 87
1 40 57
1 41 71
1 42 95
1 43 59
1 44 50
1 45 96
1 46 46
1 47 2
1 48 41
1 49 81
1 50 34
1 51 58
1 52 46
1 53 26
1 54 36
1 55 7
1 56 44
1 57 97
1 58 59
1 59 58
1 60 29
1 61 46
1 62 80
1 63 36
1 64 22
1 65 60
1 66 2
1 67 4
1 68 92
1 69 81
1 70 93
1 71 77
1 72 73
1 73 56
1 74 51
1 75 5
1 76 67
1 77 60
1 78 5
1 79 67
1 80 22
1 81 6
1 82 97
1 83 45
1 84 15
1 85 70
1 86 96
1 87 31
1 88 38
1 89 85
1 90 1
1 91 46
1 92 94
1 93 83
1 94 1
1 95 76
1 96 25
1 97 37
1 98 35
1 99 88
1 100 56
1 101 24
1 102 62
1 103 78
2 3 64
2 4 52
2 5 44
2 6 96
2 7 18
2 8 61
2 9 34
2 10 40
2 11 34
2 12 30
2 13 24
2 14 34
2 15 71
2 16 89
2 17 7
2 18 67
2 19 20
2 20 8
2 21 61
2 22 5
2 23 13
2 24 82
2 25 64
2 26 84
2 27 83
2 28 64
2 29 97
2 30 97
2 31 69
2 32 19
2 33 28
2 34 98
2 35 10
2 36 15
2 37 18
2 38 23
2 39 64
2 40 82
2 41 40
2 42 89
2 43 6
2 44 40
2 45 54
2 46 39
2 47 73
2 48 44
2 49 12
2 50 80
2 51 32
2 52 24
2 53 46
2 54 82
2 55 87
2 56 19
2 57 26
2 58 75
2 59 67
2 60 74
2 61 28
2 62 70
2 63 1
2 64 6
2 65 78
2 66 81
2 67 57
2 68 82
2 69 29
2 70 60
2 71 68
2 72 84
2 73 30
2 74 85
2 75 84
2 76 46
2 77 28
2 78 49
2 79 4
2 80 70
2 81 36
2 82 81
2 83 16
2 84 93
2 85 69
2 86 59
2 87 2
2 88 51
2 89 39
2 90 9
2 91 24
2 92 73
2 93 21
2 94 44
2 95 91
2 96 66
2 97 65
2 98 49
2 99 44
2 100 73
2 101 70
2 102 13
2 103 46
3 4 87
3 5 7
3 6 26
3 7 22
3 8 32
3 9 38
3 10 60
3 11 76
3 12 24
3 13 84
3 14 91
3 15 18
3 16 17
3 17 69
3 18 61
3 19 3
3 20 36
3 21 15
3 22 33
3 23 24
3 24 91
3 25 56
3 26 95
3 27 92
3 28 32
3 29 14
3 30 25
3 31 72
3 32 65
3 33 100
3 34 43
3 35 32
3 36 71
3 37 45
3 38 3
3 39 40
3 40 21
3 41 83
3 42 61
3 43 83
3 44 70
3 45 66
3 46 47
3 47 73
3 48 4
3 49 39
3 50 89
3 51 40
3 52 88
3 53 49
3 54 28
3 55 30
3 56 22
3 57 62
3 58 36
3 59 83
3 60 38
3 61 40
3 62 53
3 63 39
3 64 5
3 65 6
3 66 79
3 67 29
3 68 27
3 69 75
3 70 8
3 71 50
3 72 51
3 73 49
3 74 12
3 75 54
3 76 89
3 77 21
3 78 95
3 79 14
3 80 83
3 81 95
3 82 88
3 83 88
3 84 47
3 85 68
3 86 24
3 87 72
3 88 74
3 89 52
3 90 30
3 91 73
3 92 54
3 93 96
3 94 35
3 95 94
3 96 61
3 97 100
3 98 63
3 99 93
3 100 8
3 101 34
3 102 53
3 103 20
4 5 82
4 6 61
4 7 66
4 8 32
4 9 67
4 10 8
4 11 18
4 12 4
4 13 79
4 14 28
4 15 21
4 16 94
4 17 8
4 18 49
4 19 58
4 20 59
4 21 23
4 22 68
4 23 73
4 24 38
4 25 49
4 26 11
4 27 45
4 28 53
4 29 14
4 30 39
4 31 45
4 32 65
4 33 29
4 34 79
4 35 63
4 36 21
4 37 51
4 38 35
4 39 85
4 40 66
4 41 78
4 42 48
4 43 92
4 44 25
4 45 77
4 46 87
4 47 58
4 48 47
4 49 5
4 50 9
4 51 11
4 52 34
4 53 13
4 54 73
4 55 79
4 56 52
4 57 84
4 58 20
4 59 38
4 60 1
4 61 22
4 62 38
4 63 32
4 64 46
4 65 96
4 66 96
4 67 44
4 68 53
4 69 73
4 70 69
4 71 54
4 72 71
4 73 87
4 74 87
4 75 83
4 76 24
4 77 12
4 78 80
4 79 44
4 80 14
4 81 41
4 82 88
4 83 3
4 84 1
4 85 41
4 86 70
4 87 65
4 88 44
4 89 76
4 90 43
4 91 1
4 92 78
4 93 1
4 94 54
4 95 20
4 96 54
4 97 33
4 98 79
4 99 84
4 100 82
4 101 74
4 102 56
4 103 81
5 6 59
5 7 54
5 8 71
5 9 95
5 10 56
5 11 80
5 12 16
5 13 49
5 14 43
5 15 26
5 16 82
5 17 18
5 18 91
5 19 10
5 20 7
5 21 16
5 22 72
5 23 37
5 24 92
5 25 49
5 26 8
5 27 49
5 28 34
5 29 56
5 30 48
5 31 64
5 32 44
5 33 31
5 34 72
5 35 86
5 36 85
5 37 39
5 38 85
5 39 99
5 40 23
5 41 5
5 42 19
5 43 98
5 44 68
5 45 61
5 46 85
5 47 19
5 48 55
5 49 71
5 50 44
5 51 49
5 52 41
5 53 31
5 54 66
5 55 78
5 56 96
5 57 36
5 58 4
5 59 6
5 60 17
5 61 34
5 62 22
5 63 54
5 64 14
5 65 26
5 66 69
5 67 86
5 68 69
5 69 44
5 70 33
5 71 58
5 72 74
5 73 34
5 74 99
5 75 65
5 76 44
5 77 35
5 78 98
5 79 33
5 80 77
5 81 64
5 82 93
5 83 6
5 84 24
5 85 29
5 86 88
5 87 10
5 88 25
5 89 35
5 90 67
5 91 46
5 92 81
5 93 53
5 94 62
5 95 30
5 96 9
5 97 98
5 98 7
5 99 95
5 100 70
5 101 20
5 102 61
5 103 75
6 7 31
6 8 97
6 9 80
6 10 6
6 11 81
6 12 57
6 13 25
6 14 9
6 15 24
6 16 76
6 17 3
6 18 97
6 19 76
6 20 5
6 21 14
6 22 83
6 23 80
6 24 88
6 25 81
6 26 3
6 27 23
6 28 40
6 29 5
6 30 80
6 31 55
6 32 86
6 33 70
6 34 45
6 35 33
6 36 9
6 37 5
6 38 66
6 39 97
6 40 53
6 41 21
6 42 41
6 43 55
6 44 35
6 45 33
6 46 93
6 47 70
6 48 82
6 49 13
6 50 31
6 51 11
6 52 57
6 53 19
6 54 55
6 55 68
6 56 78
6 57 32
6 58 52
6 59 8
6 60 25
6 61 7
6 62 93
6 63 12
6 64 89
6 65 62
6 66 12
6 67 84
6 68 7
6 69 22
6 70 68
6 71 40
6 72 98
6 73 4
6 74 38
6 75 20
6 76 31
6 77 75
6 78 91
6 79 5
6 80 86
6 81 32
6 82 80
6 83 18
6 84 12
6 85 73
6 86 83
6 87 24
6 88 66
6 89 69
6 90 14
6 91 7
6 92 90
6 93 22
6 94 63
6 95 99
6 96 10
6 97 96
6 98 29
6 99 39
6 100 85
6 101 86
6 102 86
6 103 8
7 8 27
7 9 4
7 10 65
7 11 40
7 12 60
7 13 62
7 14 80
7 15 93
7 16 98
7 17 25
7 18 98
7 19 25
7 20 31
7 21 37
7 22 59
7 23 67
7 24 14
7 25 16
7 26 16
7 27 54
7 28 79
7 29 82
7 30 30
7 31 50
7 32 1
7 33 96
7 34 43
7 35 27
7 36 13
7 37 49
7 38 83
7 39 41
7 40 41
7 41 78
7 42 42
7 43 73
7 44 29
7 45 51
7 46 23
7 47 76
7 48 23
7 49 24
7 50 62
7 51 86
7 52 83
7 53 24
7 54 2
7 55 77
7 56 88
7 57 68
7 58 56
7 59 11
7 60 53
7 61 96
7 62 72
7 63 82
7 64 5
7 65 11
7 66 100
7 67 7
7 68 91
7 69 34
7 70 28
7 71 75
7 72 79
7 73 61
7 74 37
7 75 42
7 76 41
7 77 42
7 78 34
7 79 100
7 80 30
7 81 56
7 82 31
7 83 68
7 84 13
7 85 35
7 86 50
7 87 24
7 88 90
7 89 75
7 90 6
7 91 75
7 92 4
7 93 96
7 94 2
7 95 14
7 96 85
7 97 69
7 98 49
7 99 86
7 100 33
7 101 14
7 102 5
7 103 22
8 9 27
8 10 60
8 11 71
8 12 36
8 13 12
8 14 83
8 15 7
8 16 72
8 17 33
8 18 90
8 19 56
8 20 12
8 21 40
8 22 5
8 23 79
8 24 4
8 25 89
8 26 23
8 27 24
8 28 37
8 29 52
8 30 44
8 31 73
8 32 61
8 33 62
8 34 87
8 35 44
8 36 28
8 37 84
8 38 79
8 39 95
8 40 97
8 41 8
8 42 72
8 43 43
8 44 32
8 45 13
8 46 85
8 47 92
8 48 9
8 49 81
8 50 79
8 51 63
8 52 40
8 53 40
8 54 94
8 55 13
8 56 63
8 57 79
8 58 39
8 59 3
8 60 28
8 61 98
8 62 13
8 63 87
8 64 77
8 65 3
8 66 39
8 67 26
8 68 60
8 69 17
8 70 34
8 71 77
8 72 100
8 73 14
8 74 61
8 75 1
8 76 33
8 77 24
8 78 37
8 79 26
8 80 13
8 81 51
8 82 79
8 83 37
8 84 38
8 85 49
8 86 66
8 87 53
8 88 53
8 89 5
8 90 82
8 91 73
8 92 79
8 93 57
8 94 74
8 95 22
8 96 8
8 97 57
8 98 52
8 99 42
8 100 92
8 101 62
8 102 3
8 103 6
9 10 24
9 11 20
9 12 44
9 13 83
9 14 50
9 15 66
9 16 6
9 17 74
9 18 4
9 19 70
9 20 6
9 21 11
9 22 85
9 23 86
9 24 84
9 25 57
9 26 13
9 27 71
9 28 62
9 29 54
9 30 98
9 31 16
9 32 33
9 33 2
9 34 57
9 35 14
9 36 48
9 37 53
9 38 92
9 39 17
9 40 56
9 41 66
9 42 27
9 43 49
9 44 98
9 45 60
9 46 38
9 47 47
9 48 84
9 49 64
9 50 25
9 51 49
9 52 30
9 53 68
9 54 89
9 55 94
9 56 60
9 57 71
9 58 15
9 59 66
9 60 95
9 61 60
9 62 79
9 63 5
9 64 65
9 65 15
9 66 20
9 67 63
9 68 88
9 69 97
9 70 51
9 71 28
9 72 34
9 73 56
9 74 87
9 75 18
9 76 35
9 77 79
9 78 90
9 79 71
9 80 51
9 81 72
9 82 6
9 83 72
9 84 98
9 85 47
9 86 83
9 87 27
9 88 58
9 89 25
9 90 94
9 91 49
9 92 79
9 93 69
9 94 52
9 95 19
9 96 65
9 97 49
9 98 77
9 99 68
9 100 55
9 101 61
9 102 75
9 103 18
10 11 14
10 12 11
10 13 60
10 14 94
10 15 81
10 16 11
10 17 43
10 18 40
10 19 22
10 20 87
10 21 28
10 22 57
10 23 42
10 24 64
10 25 78
10 26 34
10 27 36
10 28 11
10 29 98
10 30 41
10 31 43
10 32 95
10 33 29
10 34 33
10 35 28
10 36 34
10 37 52
10 38 71
10 39 100
10 40 25
10 41 86
10 42 29
10 43 20
10 44 75
10 45 1
10 46 3
10 47 49
10 48 31
10 49 79
10 50 98
10 51 11
10 52 1
10 53 15
10 54 1
10 55 6
10 56 29
10 57 67
10 58 50
10 59 90
10 60 76
10 61 100
10 62 16
10 63 18
10 64 75
10 65 69
10 66 25
10 67 54
10 68 18
10 69 98
10 70 16
10 71 99
10 72 65
10 73 11
10 74 95
10 75 20
10 76 41
10 77 56
10 78 11
10 79 72
10 80 5
10 81 55
10 82 51
10 83 15
10 84 59
10 85 10
10 86 95
10 87 11
10 88 10
10 89 66
10 90 58
10 91 55
10 92 88
10 93 18
10 94 61
10 95 14
10 96 80
10 97 74
10 98 61
10 99 13
10 100 54
10 101 93
10 102 95
10 103 17
11 12 44
11 13 100
11 14 45
11 15 91
11 16 37
11 17 66
11 18 10
11 19 38
11 20 3
11 21 6
11 22 29
11 23 31
11 24 13
11 25 1
11 26 28
11 27 39
11 28 57
11 29 57
11 30 90
11 31 24
11 32 33
11 33 55
11 34 34
11 35 14
11 36 91
11 37 79
11 38 88
11 39 13
11 40 94
11 41 12
11 42 82
11 43 6
11 44 42
11 45 3
11 46 31
11 47 36
11 48 36
11 49 8
11 50 88
11 51 7
11 52 21
11 53 55
11 54 37
11 55 13
11 56 5
11 57 62
11 58 79
11 59 57
11 60 89
11 61 52
11 62 29
11 63 71
11 64 4
11 65 76
11 66 66
11 67 69
11 68 51
11 69 50
11 70 35
11 71 74
11 72 97
11 73 30
11 74 33
11 75 31
11 76 41
11 77 53
11 78 41
11 79 47
11 80 13
11 81 100
11 82 78
11 83 32
11 84 57
11 85 53
11 86 75
11 87 56
11 88 65
11 89 5
11 90 63
11 91 65
11 92 43
11 93 4
11 94 56
11 95 36
11 96 12
11 97 30
11 98 40
11 99 60
11 100 48
11 101 13
11 102 72
11 103 60
12 13 63
12 14 16
12 15 71
12 16 2
12 17 40
12 18 14
12 19 36
12 20 70
12 21 41
12 22 43
12 23 84
12 24 42
12 25 65
12 26 65
12 27 11
12 28 84
12 29 68
12 30 65
12 31 19
12 32 24
12 33 81
12 34 60
12 35 78
12 36 98
12 37 51
12 38 91
12 39 3
12 40 31
12 41 63
12 42 26
12 43 95
12 44 57
12 45 62
12 46 79
12 47 76
12 48 13
12 49 60
12 50 77
12 51 30
12 52 2
12 53 89
12 54 26
12 55 92
12 56 79
12 57 84
12 58 23
12 59 42
12 60 62
12 61 86
12 62 31
12 63 22
12 64 10
12 65 2
12 66 71
12 67 47
12 68 27
12 69 25
12 70 55
12 71 23
12 72 71
12 73 37
12 74 6
12 75 15
12 76 68
12 77 16
12 78 19
12 79 97
12 80 50
12 81 54
12 82 96
12 83 12
12 84 19
12 85 48
12 86 75
12 87 58
12 88 80
12 89 64
12 90 6
12 91 40
12 92 9
12 93 94
12 94 25
12 95 26
12 96 7
12 97 10
12 98 12
12 99 37
12 100 52
12 101 20
12 102 20
12 103 32
13 14 52
13 15 83
13 16 100
13 17 16
13 18 37
13 19 30
13 20 31
13 21 95
13 22 28
13 23 38
13 24 66
13 25 36
13 26 43
13 27 95
13 28 30
13 29 83
13 30 90
13 31 24
13 32 62
13 33 83
13 34 73
13 35 43
13 36 58
13 37 7
13 38 51
13 39 22
13 40 25
13 41 78
13 42 69
13 43 86
13 44 44
13 45 42
13 46 52
13 47 47
13 48 46
13 49 93
13 50 49
13 51 90
13 52 9
13 53 52
13 54 58
13 55 31
13 56 8
13 57 58
13 58 8
13 59 90
13 60 84
13 61 38
13 62 12
13 63 64
13 64 99
13 65 8
13 66 80
13 67 89
13 68 85
13 69 1
13 70 10
13 71 59
13 72 93
13 73 2
13 74 67
13 75 17
13 76 64
13 77 43
13 78 94
13 79 87
13 80 18
13 81 82
13 82 72
13 83 3
13 84 30
13 85 92
13 86 47
13 87 13
13 88 32
13 89 27
13 90 12
13 91 43
13 92 31
13 93 100
13 94 6
13 95 49
13 96 42
13 97 47
13 98 75
13 99 81
13 100 29
13 101 61
13 102 29
13 103 54
14 15 98
14 16 64
14 17 2
14 18 68
14 19 15
14 20 19
14 21 91
14 22 62
14 23 56
14 24 8
14 25 81
14 26 6
14 27 39
14 28 76
14 29 79
14 30 30
14 31 93
14 32 100
14 33 91
14 34 59
14 35 37
14 36 47
14 37 78
14 38 79
14 39 10
14 40 15
14 41 38
14 42 36
14 43 100
14 44 18
14 45 4
14 46 75
14 47 55
14 48 24
14 49 64
14 50 53
14 51 84
14 52 40
14 53 61
14 54 39
14 55 92
14 56 53
14 57 30
14 58 59
14 59 86
14 60 22
14 61 15
14 62 24
14 63 50
14 64 7
14 65 37
14 66 15
14 67 83
14 68 45
14 69 4
14 70 19
14 71 60
14 72 92
14 73 56
14 74 51
14 75 89
14 76 25
14 77 96
14 78 72
14 79 6
14 80 63
14 81 45
14 82 35
14 83 84
14 84 56
14 85 32
14 86 72
14 87 41
14 88 64
14 89 29
14 90 100
14 91 57
14 92 65
14 93 98
14 94 2
14 95 78
14 96 11
14 97 12
14 98 79
14 99 21
14 100 1
14 101 34
14 102 45
14 103 48
15 16 72
15 17 23
15 18 71
15 19 49
15 20 30
15 21 59
15 22 82
15 23 20
15 24 15
15 25 1
15 26 79
15 27 93
15 28 99
15 29 28
15 30 45
15 31 68
15 32 58
15 33 79
15 34 39
15 35 53
15 36 25
15 37 62
15 38 70
15 39 4
15 40 13
15 41 40
15 42 33
15 43 40
15 44 11
15 45 91
15 46 27
15 47 13
15 48 1
15 49 48
15 50 100
15 51 90
15 52 79
15 53 24
15 54 11
15 55 32
15 56 62
15 57 49
15 58 53
15 59 14
15 60 85
15 61 55
15 62 99
15 63 80
15 64 83
15 65 61
15 66 61
15 67 62
15 68 16
15 69 68
15 70 93
15 71 89
15 72 43
15 73 67
15 74 45
15 75 4
15 76 4
15 77 25
15 78 96
15 79 54
15 80 74
15 81 23
15 82 59
15 83 56
15 84 96
15 85 57
15 86 89
15 87 65
15 88 82
15 89 61
15 90 79
15 91 15
15 92 28
15 93 37
15 94 29
15 95 73
15 96 86
15 97 45
15 98 36
15 99 11
15 100 33
15 101 65
15 102 17
15 103 3
16 17 56
16 18 57
16 19 78
16 20 55
16 21 72
16 22 91
16 23 89
16 24 15
16 25 97
16 26 9
16 27 62
16 28 8
16 29 61
16 30 3
16 31 11
16 32 71
16 33 91
16 34 46
16 35 68
16 36 71
16 37 50
16 38 83
16 39 16
16 40 12
16 41 89
16 42 95
16 43 10
16 44 35
16 45 44
16 46 48
16 47 72
16 48 63
16 49 26
16 50 42
16 51 9
16 52 6
16 53 49
16 54 5
16 55 34
16 56 11
16 57 5
16 58 87
16 59 80
16 60 50
16 61 90
16 62 14
16 63 34
16 64 35
16 65 4
16 66 59
16 67 98
16 68 23
16 69 66
16 70 54
16 71 56
16 72 68
16 73 82
16 74 72
16 75 51
16 76 54
16 77 85
16 78 79
16 79 33
16 80 34
16 81 13
16 82 45
16 83 86
16 84 91
16 85 60
16 86 24
16 87 2
16 88 7
16 89 47
16 90 32
16 91 46
16 92 23
16 93 49
16 94 38
16 95 2
16 96 33
16 97 26
16 98 4
16 99 4
16 100 46
16 101 83
16 102 56
16 103 6
17 18 94
17 19 17
17 20 44
17 21 82
17 22 85
17 23 16
17 24 64
17 25 73
17 26 40
17 27 93
17 28 65
17 29 94
17 30 6
17 31 55
17 32 38
17 33 82
17 34 92
17 35 83
17 36 90
17 37 68
17 38 98
17 39 40
17 40 63
17 41 7
17 42 71
17 43 90
17 44 58
17 45 91
17 46 71
17 47 96
17 48 87
17 49 91
17 50 71
17 51 100
17 52 14
17 53 98
17 54 27
17 55 8
17 56 55
17 57 20
17 58 61
17 59 5
17 60 50
17 61 51
17 62 42
17 63 86
17 64 42
17 65 43
17 66 24
17 67 11
17 68 73
17 69 1
17 70 72
17 71 93
17 72 98
17 73 65
17 74 27
17 75 100
17 76 80
17 77 34
17 78 31
17 79 55
17 80 10
17 81 7
17 82 55
17 83 96
17 84 17
17 85 33
17 86 55
17 87 71
17 88 3
17 89 42
17 90 69
17 91 70
17 92 76
17 93 60
17 94 76
17 95 29
17 96 49
17 97 79
17 98 35
17 99 26
17 100 63
17 101 78
17 102 51
17 103 39
18 19 7
18 20 63
18 21 9
18 22 7
18 23 8
18 24 14
18 25 49
18 26 66
18 27 49
18 28 10
18 29 81
18 30 21
18 31 17
18 32 7
18 33 41
18 34 66
18 35 91
18 36 18
18 37 3
18 38 46
18 39 16
18 40 45
18 41 11
18 42 48
18 43 100
18 44 3
18 45 48
18 46 6
18 47 71
18 48 72
18 49 39
18 50 92
18 51 66
18 52 13
18 53 12
18 54 97
18 55 94
18 56 65
18 57 66
18 58 8
18 59 95
18 60 64
18 61 66
18 62 90
18 63 47
18 64 70
18 65 10
18 66 30
18 67 18
18 68 74
18 69 47
18 70 77
18 71 87
18 72 37
18 73 46
18 74 21
18 75 59
18 76 3
18 77 15
18 78 26
18 79 38
18 80 22
18 81 9
18 82 86
18 83 29
18 84 95
18 85 82
18 86 51
18 87 50
18 88 34
18 89 86
18 90 18
18 91 75
18 92 40
18 93 48
18 94 30
18 95 41
18 96 65
18 97 72
18 98 45
18 99 98
18 100 62
18 101 37
18 102 4
18 103 37
19 20 27
19 21 3
19 22 29
19 23 27
19 24 55
19 25 14
19 26 41
19 27 40
19 28 48
19 29 22
19 30 3
19 31 3
19 32 86
19 33 2
19 34 89
19 35 16
19 36 31
19 37 22
19 38 91
19 39 44
19 40 41
19 41 18
19 42 3
19 43 34
19 44 87
19 45 16
19 46 25
19 47 93
19 48 83
19 49 15
19 50 43
19 51 40
19 52 11
19 53 82
19 54 90
19 55 75
19 56 61
19 57 52
19 58 44
19 59 69
19 60 20
19 61 89
19 62 75
19 63 87
19 64 24
19 65 73
19 66 47
19 67 76
19 68 6
19 69 79
19 70 30
19 71 65
19 72 75
19 73 28
19 74 17
19 75 61
19 76 35
19 77 53
19 78 49
19 79 42
19 80 66
19 81 46
19 82 7
19 83 40
19 84 46
19 85 86
19 86 71
19 87 91
19 88 77
19 89 93
19 90 22
19 91 23
19 92 85
19 93 13
19 94 10
19 95 46
19 96 25
19 97 78
19 98 9
19 99 80
19 100 11
19 101 78
19 102 23
19 103 31
20 21 77
20 22 63
20 23 15
20 24 58
20 25 6
20 26 91
20 27 43
20 28 25
20 29 86
20 30 75
20 31 91
20 32 53
20 33 5
20 34 56
20 35 33
20 36 29
20 37 79
20 38 52
20 39 6
20 40 55
20 41 13
20 42 90
20 43 63
20 44 77
20 45 91
20 46 5
20 47 38
20 48 96
20 49 88
20 50 30
20 51 90
20 52 32
20 53 78
20 54 1
20 55 91
20 56 98
20 57 99
20 58 84
20 59 33
20 60 67
20 61 61
20 62 32
20 63 97
20 64 5
20 65 10
20 66 55
20 67 81
20 68 46
20 69 22
20 70 53
20 71 67
20 72 14
20 73 23
20 74 50
20 75 54
20 76 74
20 77 63
20 78 19
20 79 4
20 80 85
20 81 5
20 82 2
20 83 18
20 84 29
20 85 83
20 86 57
20 87 60
20 88 23
20 89 57
20 90 39
20 91 17
20 92 92
20 93 97
20 94 11
20 95 61
20 96 16
20 97 63
20 98 24
20 99 3
20 100 50
20 101 13
20 102 46
20 103 96
21 22 4
21 23 59
21 24 2
21 25 8
21 26 26
21 27 69
21 28 91
21 29 41
21 30 4
21 31 49
21 32 18
21 33 11
21 34 38
21 35 56
21 36 17
21 37 59
21 38 3
21 39 19
21 40 18
21 41 2
21 42 18
21 43 91
21 44 4
21 45 56
21 46 29
21 47 88
21 48 46
21 49 37
21 50 83
21 51 89
21 52 12
21 53 45
21 54 21
21 55 16
21 56 51
21 57 80
21 58 17
21 59 5
21 60 34
21 61 59
21 62 12
21 63 48
21 64 14
21 65 64
21 66 95
21 67 52
21 68 76
21 69 1
21 70 22
21 71 60
21 72 21
21 73 67
21 74 57
21 75 98
21 76 82
21 77 76
21 78 14
21 79 35
21 80 91
21 81 28
21 82 94
21 83 51
21 84 10
21 85 88
21 86 26
21 87 49
21 88 49
21 89 32
21 90 28
21 91 74
21 92 15
21 93 50
21 94 45
21 95 42
21 96 87
21 97 19
21 98 66
21 99 81
21 100 59
21 101 43
21 102 21
21 103 10
22 23 86
22 24 8
22 25 53
22 26 18
22 27 14
22 28 33
22 29 24
22 30 78
22 31 52
22 32 25
22 33 7
22 34 19
22 35 56
22 36 60
22 37 58
22 38 74
22 39 97
22 40 96
22 41 34
22 42 56
22 43 19
22 44 24
22 45 41
22 46 50
22 47 2
22 48 20
22 49 1
22 50 45
22 51 44
22 52 96
22 53 55
22 54 83
22 55 65
22 56 31
22 57 38
22 58 86
22 59 85
22 60 55
22 61 67
22 62 32
22 63 21
22 64 65
22 65 18
22 66 28
22 67 7
22 68 84
22 69 2
22 70 76
22 71 36
22 72 41
22 73 96
22 74 47
22 75 9
22 76 90
22 77 41
22 78 88
22 79 63
22 80 3
22 81 76
22 82 10
22 83 21
22 84 40
22 85 6
22 86 13
22 87 9
22 88 10
22 89 89
22 90 17
22 91 67
22 92 2
22 93 83
22 94 55
22 95 96
22 96 95
22 97 63
22 98 14
22 99 44
22 100 40
22 101 59
22 102 7
22 103 59
23 24 17
23 25 44
23 26 48
23 27 50
23 28 82
23 29 100
23 30 22
23 31 1
23 32 98
23 33 19
23 34 16
23 35 14
23 36 42
23 37 8
23 38 98
23 39 2
23 40 13
23 41 14
23 42 17
23 43 14
23 44 82
23 45 46
23 46 2
23 47 13
23 48 38
23 49 96
23 50 83
23 51 68
23 52 67
23 53 8
23 54 69
23 55 36
23 56 95
23 57 33
23 58 23
23 59 88
23 60 51
23 61 74
23 62 67
23 63 11
23 64 95
23 65 71
23 66 98
23 67 6
23 68 14
23 69 19
23 70 46
23 71 95
23 72 81
23 73 75
23 74 41
23 75 46
23 76 88
23 77 37
23 78 32
23 79 86
23 80 69
23 81 51
23 82 56
23 83 57
23 84 92
23 85 96
23 86 64
23 87 100
23 88 73
23 89 2
23 90 64
23 91 29
23 92 25
23 93 46
23 94 95
23 95 32
23 96 28
23 97 48
23 98 1
23 99 15
23 100 92
23 101 91
23 102 10
23 103 100
24 25 93
24 26 91
24 27 21
24 28 61
24 29 24
24 30 83
24 31 44
24 32 57
24 33 66
24 34 100
24 35 99
24 36 77
24 37 95
24 38 77
24 39 18
24 40 24
24 41 72
24 42 51
24 43 27
24 44 59
24 45 47
24 46 43
24 47 18
24 48 14
24 49 47
24 50 97
24 51 44
24 52 53
24 53 35
24 54 71
24 55 9
24 56 34
24 57 94
24 58 48
24 59 75
24 60 95
24 61 29
24 62 71
24 63 19
24 64 67
24 65 99
24 66 21
24 67 4
24 68 12
24 69 64
24 70 85
24 71 55
24 72 39
24 73 86
24 74 62
24 75 82
24 76 73
24 77 90
24 78 96
24 79 32
24 80 33
24 81 58
24 82 18
24 83 51
24 84 90
24 85 56
24 86 83
24 87 65
24 88 64
24 89 98
24 90 69
24 91 100
24 92 1
24 93 56
24 94 1
24 95 38
24 96 21
24 97 44
24 98 100
24 99 89
24 100 26
24 101 97
24 102 53
24 103 45
25 26 8
25 27 72
25 28 64
25 29 52
25 30 80
25 31 27
25 32 85
25 33 87
25 34 98
25 35 42
25 36 82
25 37 20
25 38 11
25 39 2
25 40 4
25 41 89
25 42 92
25 43 14
25 44 81
25 45 70
25 46 29
25 47 12
25 48 93
25 49 15
25 50 74
25 51 74
25 52 42
25 53 7
25 54 88
25 55 10
25 56 89
25 57 5
25 58 53
25 59 73
25 60 87
25 61 60
25 62 7
25 63 95
25 64 86
25 65 19
25 66 14
25 67 22
25 68 88
25 69 71
25 70 42
25 71 20
25 72 22
25 73 59
25 74 70
25 75 90
25 76 46
25 77 72
25 78 31
25 79 63
25 80 91
25 81 44
25 82 25
25 83 95
25 84 61
25 85 98
25 86 10
25 87 38
25 88 49
25 89 29
25 90 98
25 91 50
25 92 38
25 93 32
25 94 62
25 95 45
25 96 98
25 97 22
25 98 89
25 99 85
25 100 18
25 101 50
25 102 44
25 103 4
26 27 4
26 28 23
26 29 70
26 30 75
26 31 90
26 32 98
26 33 90
26 34 18
26 35 1
26 36 63
26 37 22
26 38 37
26 39 79
26 40 28
26 41 78
26 42 1
26 43 59
26 44 41
26 45 59
26 46 13
26 47 52
26 48 76
26 49 47
26 50 4
26 51 83
26 52 74
26 53 28
26 54 49
26 55 84
26 56 94
26 57 52
26 58 84
26 59 23
26 60 19
26 61 60
26 62 92
26 63 91
26 64 44
26 65 46
26 66 48
26 67 85
26 68 65
26 69 8
26 70 77
26 71 100
26 72 88
26 73 73
26 74 97
26 75 84
26 76 82
26 77 81
26 78 31
26 79 73
26 80 21
26 81 45
26 82 55
26 83 73
26 84 46
26 85 22
26 86 12
26 87 38
26 88 18
26 89 57
26 90 20
26 91 40
26 92 18
26 93 99
26 94 86
26 95 100
26 96 76
26 97 68
26 98 7
26 99 20
26 100 3
26 101 37
26 102 69
26 103 4
27 28 6
27 29 10
27 30 45
27 31 66
27 32 58
27 33 91
27 34 64
27 35 75
27 36 16
27 37 26
27 38 45
27 39 23
27 40 10
27 41 42
27 42 88
27 43 25
27 44 99
27 45 90
27 46 24
27 47 84
27 48 10
27 49 1
27 50 84
27 51 36
27 52 72
27 53 97
27 54 37
27 55 69
27 56 99
27 57 44
27 58 1
27 59 58
27 60 50
27 61 21
27 62 26
27 63 55
27 64 78
27 65 48
27 66 21
27 67 47
27 68 19
27 69 57
27 70 80
27 71 20
27 72 63
27 73 84
27 74 62
27 75 70
27 76 98
27 77 51
27 78 4
27 79 56
27 80 27
27 81 36
27 82 81
27 83 37
27 84 6
27 85 48
27 86 82
27 87 60
27 88 15
27 89 22
27 90 69
27 91 86
27 92 44
27 93 92
27 94 64
27 95 17
27 96 19
27 97 8
27 98 52
27 99 12
27 100 23
27 101 28
27 102 91
27 103 80
28 29 7
28 30 84
28 31 5
28 32 71
28 33 20
28 34 31
28 35 82
28 36 92
28 37 30
28 38 27
28 39 79
28 40 84
28 41 48
28 42 30
28 43 90
28 44 30
28 45 52
28 46 7
28 47 97
28 48 66
28 49 34
28 50 62
28 51 58
28 52 40
28 53 93
28 54 30
28 55 66
28 56 77
28 57 30
28 58 88
28 59 17
28 60 76
28 61 78
28 62 38
28 63 18
28 64 77
28 65 50
28 66 33
28 67 77
28 68 59
28 69 1
28 70 71
28 71 36
28 72 21
28 73 1
28 74 24
28 75 58
28 76 88
28 77 33
28 78 58
28 79 89
28 80 92
28 81 74
28 82 42
28 83 47
28 84 72
28 85 13
28 86 91
28 87 61
28 88 56
28 89 33
28 90 72
28 91 20
28 92 43
28 93 74
28 94 13
28 95 68
28 96 82
28 97 4
28 98 27
28 99 20
28 100 7
28 101 43
28 102 6
28 103 84
29 30 81
29 31 23
29 32 92
29 33 12
29 34 74
29 35 34
29 36 48
29 37 56
29 38 36
29 39 62
29 40 63
29 41 37
29 42 47
29 43 35
29 44 70
29 45 43
29 46 1
29 47 41
29 48 65
29 49 100
29 50 40
29 51 28
29 52 33
29 53 93
29 54 71
29 55 32
29 56 26
29 57 51
29 58 61
29 59 32
29 60 88
29 61 17
29 62 11
29 63 60
29 64 49
29 65 26
29 66 45
29 67 5
29 68 98
29 69 83
29 70 12
29 71 1
29 72 50
29 73 18
29 74 99
29 75 80
29 76 46
29 77 17
29 78 39
29 79 91
29 80 12
29 81 51
29 82 71
29 83 60
29 84 91
29 85 15
29 86 88
29 87 26
29 88 45
29 89 34
29 90 56
29 91 57
29 92 87
29 93 62
29 94 18
29 95 86
29 96 42
29 97 12
29 98 51
29 99 26
29 100 46
29 101 92
29 102 59
29 103 26
30 31 78
30 32 94
30 33 99
30 34 89
30 35 45
30 36 55
30 37 15
30 38 83
30 39 84
30 40 79
30 41 63
30 42 6
30 43 52
30 44 63
30 45 37
30 46 86
30 47 85
30 48 15
30 49 87
30 50 76
30 51 65
30 52 2
30 53 56
30 54 24
30 55 36
30 56 67
30 57 58
30 58 81
30 59 64
30 60 86
30 61 60
30 62 48
30 63 4
30 64 88
30 65 48
30 66 79
30 67 96
30 68 31
30 69 91
30 70 75
30 71 90
30 72 79
30 73 8
30 74 61
30 75 36
30 76 18
30 77 18
30 78 26
30 79 63
30 80 30
30 81 66
30 82 27
30 83 27
30 84 70
30 85 49
30 86 78
30 87 87
30 88 80
30 89 41
30 90 55
30 91 17
30 92 39
30 93 22
30 94 90
30 95 76
30 96 7
30 97 72
30 98 86
30 99 73
30 100 21
30 101 20
30 102 18
30 103 76
31 32 26
31 33 80
31 34 16
31 35 95
31 36 95
31 37 37
31 38 27
31 39 33
31 40 64
31 41 8
31 42 13
31 43 67
31 44 11
31 45 60
31 46 76
31 47 59
31 48 99
31 49 79
31 50 48
31 51 62
31 52 84
31 53 63
31 54 68
31 55 2
31 56 54
31 57 64
31 58 22
31 59 99
31 60 29
31 61 41
31 62 1
31 63 41
31 64 17
31 65 69
31 66 64
31 67 62
31 68 56
31 69 98
31 70 95
31 71 93
31 72 92
31 73 50
31 74 85
31 75 39
31 76 1
31 77 23
31 78 30
31 79 73
31 80 86
31 81 47
31 82 41
31 83 99
31 84 10
31 85 77
31 86 55
31 87 23
31 88 24
31 89 30
31 90 81
31 91 67
31 92 13
31 93 99
31 94 43
31 95 90
31 96 36
31 97 35
31 98 42
31 99 35
31 100 11
31 101 12
31 102 99
31 103 43
32 33 73
32 34 21
32 35 44
32 36 73
32 37 91
32 38 50
32 39 51
32 40 11
32 41 58
32 42 88
32 43 51
32 44 1
32 45 88
32 46 9
32 47 1
32 48 10
32 49 15
32 50 22
32 51 19
32 52 95
32 53 74
32 54 69
32 55 52
32 56 9
32 57 63
32 58 77
32 59 98
32 60 59
32 61 85
32 62 46
32 63 60
32 64 71
32 65 92
32 66 64
32 67 36
32 68 52
32 69 11
32 70 100
32 71 12
32 72 62
32 73 36
32 74 3
32 75 38
32 76 12
32 77 84
32 78 30
32 79 49
32 80 59
32 81 81
32 82 43
32 83 94
32 84 67
32 85 11
32 86 99
32 87 91
32 88 18
32 89 1
32 90 50
32 91 4
32 92 36
32 93 16
32 94 32
32 95 43
32 96 98
32 97 81
32 98 40
32 99 92
32 100 92
32 101 59
32 102 87
32 103 45
33 34 56
33 35 20
33 36 18
33 37 18
33 38 43
33 39 51
33 40 5
33 41 100
33 42 76
33 43 84
33 44 42
33 45 77
33 46 12
33 47 30
33 48 5
33 49 84
33 50 74
33 51 25
33 52 61
33 53 87
33 54 51
33 55 77
33 56 51
33 57 17
33 58 100
33 59 87
33 60 93
33 61 46
33 62 47
33 63 58
33 64 91
33 65 68
33 66 72
33 67 53
33 68 52
33 69 80
33 70 87
33 71 76
33 72 71
33 73 73
33 74 84
33 75 83
33 76 93
33 77 8
33 78 63
33 79 62
33 80 55
33 81 52
33 82 14
33 83 19
33 84 83
33 85 20
33 86 89
33 87 56
33 88 69
33 89 34
33 90 94
33 91 94
33 92 84
33 93 51
33 94 51
33 95 56
33 96 65
33 97 96
33 98 77
33 99 33
33 100 82
33 101 75
33 102 17
33 103 86
34 35 100
34 36 61
34 37 95
34 38 9
34 39 8
34 40 40
34 41 48
34 42 21
34 43 36
34 44 8
34 45 92
34 46 21
34 47 33
34 48 99
34 49 67
34 50 26
34 51 45
34 52 14
34 53 14
34 54 4
34 55 85
34 56 21
34 57 14
34 58 82
34 59 14
34 60 23
34 61 87
34 62 2
34 63 40
34 64 89
34 65 47
34 66 60
34 67 50
34 68 60
34 69 74
34 70 36
34 71 51
34 72 89
34 73 90
34 74 90
34 75 49
34 76 17
34 77 94
34 78 58
34 79 87
34 80 28
34 81 37
34 82 76
34 83 50
34 84 84
34 85 59
34 86 7
34 87 20
34 88 84
34 89 63
34 90 55
34 91 49
34 92 26
34 93 48
34 94 22
34 95 25
34 96 83
34 97 26
34 98 60
34 99 85
34 100 3
34 101 19
34 102 81
34 103 62
35 36 55
35 37 37
35 38 41
35 39 51
35 40 95
35 41 29
35 42 86
35 43 74
35 44 53
35 45 49
35 46 17
35 47 55
35 48 100
35 49 77
35 50 78
35 51 91
35 52 36
35 53 45
35 54 73
35 55 56
35 56 97
35 57 45
35 58 30
35 59 72
35 60 85
35 61 18
35 62 15
35 63 38
35 64 37
35 65 74
35 66 83
35 67 17
35 68 56
35 69 73
35 70 24
35 71 59
35 72 68
35 73 47
35 74 20
35 75 84
35 76 63
35 77 73
35 78 19
35 79 81
35 80 85
35 81 55
35 82 9
35 83 45
35 84 52
35 85 54
35 86 5
35 87 99
35 88 86
35 89 100
35 90 66
35 91 4
35 92 46
35 93 60
35 94 29
35 95 26
35 96 8
35 97 14
35 98 7
35 99 62
35 100 76
35 101 99
35 102 51
35 103 43
36 37 93
36 38 74
36 39 44
36 40 79
36 41 70
36 42 75
36 43 82
36 44 17
36 45 66
36 46 67
36 47 46
36 48 14
36 49 88
36 50 10
36 51 20
36 52 30
36 53 59
36 54 15
36 55 47
36 56 76
36 57 36
36 58 31
36 59 60
36 60 7
36 61 55
36 62 23
36 63 97
36 64 91
36 65 22
36 66 66
36 67 66
36 68 1
36 69 21
36 70 75
36 71 63
36 72 54
36 73 81
36 74 35
36 75 30
36 76 58
36 77 72
36 78 30
36 79 15
36 80 91
36 81 39
36 82 24
36 83 68
36 84 55
36 85 28
36 86 91
36 87 21
36 88 6
36 89 81
36 90 6
36 91 27
36 92 81
36 93 11
36 94 30
36 95 73
36 96 9
36 97 6
36 98 46
36 99 69
36 100 90
36 101 58
36 102 48
36 103 96
37 38 43
37 39 27
37 40 67
37 41 58
37 42 37
37 43 41
37 44 89
37 45 54
37 46 7
37 47 81
37 48 43
37 49 51
37 50 71
37 51 74
37 52 94
37 53 37
37 54 53
37 55 23
37 56 65
37 57 81
37 58 26
37 59 14
37 60 85
37 61 54
37 62 60
37 63 65
37 64 89
37 65 38
37 66 37
37 67 42
37 68 23
37 69 78
37 70 15
37 71 45
37 72 42
37 73 70
37 74 16
37 75 57
37 76 59
37 77 61
37 78 82
37 79 66
37 80 88
37 81 46
37 82 63
37 83 60
37 84 75
37 85 45
37 86 54
37 87 68
37 88 72
37 89 75
37 90 45
37 91 2
37 92 34
37 93 31
37 94 86
37 95 100
37 96 87
37 97 13
37 98 44
37 99 28
37 100 45
37 101 41
37 102 34
37 103 45
38 39 38
38 40 46
38 41 35
38 42 21
38 43 80
38 44 90
38 45 73
38 46 32
38 47 84
38 48 82
38 49 75
38 50 93
38 51 44
38 52 83
38 53 27
38 54 17
38 55 32
38 56 67
38 57 98
38 58 56
38 59 29
38 60 29
38 61 50
38 62 90
38 63 95
38 64 9
38 65 22
38 66 43
38 67 76
38 68 66
38 69 87
38 70 92
38 71 22
38 72 71
38 73 52
38 74 45
38 75 70
38 76 27
38 77 63
38 78 60
38 79 30
38 80 11
38 81 84
38 82 81
38 83 27
38 84 36
38 85 81
38 86 81
38 87 10
38 88 67
38 89 5
38 90 16
38 91 28
38 92 86
38 93 55
38 94 76
38 95 74
38 96 90
38 97 68
38 98 52
38 99 90
38 100 4
38 101 84
38 102 38
38 103 82
39 40 44
39 41 85
39 42 40
39 43 46
39 44 85
39 45 48
39 46 51
39 47 18
39 48 71
39 49 77
39 50 88
39 51 61
39 52 100
39 53 7
39 54 51
39 55 84
39 56 92
39 57 61
39 58 67
39 59 76
39 60 74
39 61 49
39 62 75
39 63 50
39 64 41
39 65 10
39 66 40
39 67 24
39 68 79
39 69 63
39 70 93
39 71 36
39 72 66
39 73 30
39 74 49
39 75 61
39 76 53
39 77 70
39 78 11
39 79 82
39 80 30
39 81 16
39 82 43
39 83 29
39 84 29
39 85 52
39 86 79
39 87 67
39 88 59
39 89 68
39 90 89
39 91 92
39 92 22
39 93 11
39 94 28
39 95 76
39 96 76
39 97 37
39 98 37
39 99 86
39 100 48
39 101 65
39 102 48
39 103 7
40 41 22
40 42 24
40 43 10
40 44 60
40 45 1
40 46 52
40 47 49
40 48 45
40 49 38
40 50 91
40 51 48
40 52 9
40 53 47
40 54 39
40 55 77
40 56 7
40 57 31
40 58 61
40 59 36
40 60 8
40 61 94
40 62 10
40 63 43
40 64 62
40 65 93
40 66 25
40 67 54
40 68 79
40 69 86
40 70 80
40 71 43
40 72 85
40 73 31
40 74 72
40 75 99
40 76 75
40 77 97
40 78 39
40 79 70
40 80 59
40 81 79
40 82 36
40 83 27
40 84 12
40 85 60
40 86 28
40 87 45
40 88 90
40 89 93
40 90 7
40 91 97
40 92 31
40 93 59
40 94 49
40 95 43
40 96 55
40 97 76
40 98 82
40 99 68
40 100 16
40 101 93
40 102 61
40 103 20
41 42 90
41 43 32
41 44 8
41 45 16
41 46 57
41 47 90
41 48 26
41 49 90
41 50 16
41 51 46
41 52 18
41 53 99
41 54 26
41 55 53
41 56 59
41 57 13
41 58 29
41 59 82
41 60 54
41 61 95
41 62 13
41 63 3
41 64 67
41 65 22
41 66 77
41 67 26
41 68 76
41 69 16
41 70 71
41 71 18
41 72 92
41 73 50
41 74 65
41 75 43
41 76 26
41 77 27
41 78 74
41 79 54
41 80 72
41 81 91
41 82 9
41 83 9
41 84 35
41 85 55
41 86 95
41 87 88
41 88 58
41 89 27
41 90 64
41 91 68
41 92 58
41 93 53
41 94 94
41 95 46
41 96 54
41 97 59
41 98 7
41 99 46
41 100 86
41 101 94
41 102 71
41 103 54
42 43 69
42 44 99
42 45 19
42 46 82
42 47 76
42 48 23
42 49 42
42 50 33
42 51 66
42 52 41
42 53 44
42 54 88
42 55 73
42 56 83
42 57 57
42 58 75
42 59 15
42 60 29
42 61 27
42 62 52
42 63 98
42 64 10
42 65 6
42 66 17
42 67 79
42 68 10
42 69 6
42 70 43
42 71 63
42 72 34
42 73 46
42 74 35
42 75 31
42 76 14
42 77 16
42 78 38
42 79 72
42 80 61
42 81 64
42 82 38
42 83 22
42 84 25
42 85 32
42 86 62
42 87 78
42 88 38
42 89 11
42 90 5
42 91 1
42 92 3
42 93 13
42 94 15
42 95 32
42 96 63
42 97 9
42 98 33
42 99 50
42 100 3
42 101 84
42 102 83
42 103 10
43 44 76
43 45 26
43 46 6
43 47 53
43 48 4
43 49 77
43 50 19
43 51 79
43 52 95
43 53 52
43 54 53
43 55 94
43 56 86
43 57 23
43 58 29
43 59 12
43 60 94
43 61 1
43 62 18
43 63 26
43 64 60
43 65 7
43 66 13
43 67 77
43 68 52
43 69 34
43 70 73
43 71 13
43 72 91
43 73 80
43 74 44
43 75 84
43 76 25
43 77 68
43 78 78
43 79 51
43 80 58
43 81 24
43 82 32
43 83 68
43 84 94
43 85 36
43 86 65
43 87 100
43 88 64
43 89 61
43 90 56
43 91 97
43 92 4
43 93 23
43 94 62
43 95 22
43 96 10
43 97 19
43 98 26
43 99 66
43 100 2
43 101 17
43 102 22
43 103 48
44 45 63
44 46 49
44 47 70
44 48 20
44 49 11
44 50 50
44 51 97
44 52 81
44 53 66
44 54 18
44 55 5
44 56 29
44 57 89
44 58 28
44 59 28
44 60 31
44 61 89
44 62 25
44 63 58
44 64 98
44 65 32
44 66 80
44 67 37
44 68 20
44 69 60
44 70 99
44 71 6
44 72 47
44 73 18
44 74 78
44 75 2
44 76 48
44 77 72
44 78 55
44 79 58
44 80 15
44 81 80
44 82 78
44 83 42
44 84 40
44 85 15
44 86 83
44 87 59
44 88 51
44 89 29
44 90 96
44 91 85
44 92 2
44 93 26
44 94 8
44 95 53
44 96 10
44 97 32
44 98 96
44 99 23
44 100 78
44 101 56
44 102 32
44 103 73
45 46 54
45 47 8
45 48 56
45 49 23
45 50 69
45 51 52
45 52 34
45 53 17
45 54 65
45 55 61
45 56 16
45 57 36
45 58 83
45 59 40
45 60 67
45 61 94
45 62 57
45 63 27
45 64 44
45 65 50
45 66 15
45 67 12
45 68 9
45 69 93
45 70 1
45 71 23
45 72 3
45 73 48
45 74 47
45 75 73
45 76 79
45 77 21
45 78 62
45 79 67
45 80 50
45 81 68
45 82 8
45 83 53
45 84 56
45 85 94
45 86 34
45 87 64
45 88 47
45 89 31
45 90 9
45 91 10
45 92 33
45 93 62
45 94 94
45 95 66
45 96 59
45 97 47
45 98 9
45 99 1
45 100 47
45 101 79
45 102 28
45 103 79
46 47 28
46 48 72
46 49 42
46 50 63
46 51 84
46 52 24
46 53 83
46 54 45
46 55 32
46 56 54
46 57 78
46 58 32
46 59 22
46 60 44
46 61 83
46 62 60
46 63 46
46 64 47
46 65 57
46 66 60
46 67 41
46 68 52
46 69 55
46 70 8
46 71 76
46 72 75
46 73 3
46 74 56
46 75 64
46 76 2
46 77 19
46 78 33
46 79 70
46 80 80
46 81 100
46 82 70
46 83 71
46 84 17
46 85 98
46 86 78
46 87 39
46 88 49
46 89 60
46 90 58
46 91 34
46 92 88
46 93 64
46 94 6
46 95 78
46 96 37
46 97 5
46 98 25
46 99 69
46 100 77
46 101 95
46 102 4
46 103 83
47 48 35
47 49 94
47 50 64
47 51 79
47 52 56
47 53 76
47 54 47
47 55 82
47 56 88
47 57 22
47 58 85
47 59 69
47 60 95
47 61 35
47 62 74
47 63 86
47 64 95
47 65 90
47 66 40
47 67 64
47 68 4
47 69 88
47 70 60
47 71 96
47 72 76
47 73 31
47 74 49
47 75 6
47 76 61
47 77 9
47 78 8
47 79 45
47 80 53
47 81 32
47 82 36
47 83 35
47 84 23
47 85 53
47 86 65
47 87 37
47 88 68
47 89 58
47 90 91
47 91 54
47 92 3
47 93 28
47 94 76
47 95 7
47 96 29
47 97 85
47 98 90
47 99 2
47 100 31
47 101 78
47 102 73
47 103 39
48 49 28
48 50 32
48 51 62
48 52 36
48 53 88
48 54 89
48 55 88
48 56 85
48 57 95
48 58 82
48 59 68
48 60 5
48 61 43
48 62 87
48 63 89
48 64 93
48 65 92
48 66 73
48 67 20
48 68 59
48 69 34
48 70 46
48 71 14
48 72 52
48 73 73
48 74 62
48 75 2
48 76 89
48 77 100
48 78 86
48 79 57
48 80 97
48 81 11
48 82 10
48 83 5
48 84 23
48 85 100
48 86 44
48 87 75
48 88 14
48 89 46
48 90 66
48 91 30
48 92 42
48 93 93
48 94 3
48 95 14
48 96 36
48 97 7
48 98 11
48 99 38
48 100 96
48 101 92
48 102 44
48 103 53
49 50 79
49 51 44
49 52 42
49 53 41
49 54 58
49 55 60
49 56 47
49 57 58
49 58 88
49 59 36
49 60 87
49 61 55
49 62 22
49 63 80
49 64 81
49 65 35
49 66 57
49 67 5
49 68 48
49 69 100
49 70 36
49 71 96
49 72 15
49 73 71
49 74 9
49 75 35
49 76 21
49 77 64
49 78 15
49 79 22
49 80 71
49 81 42
49 82 97
49 83 86
49 84 24
49 85 87
49 86 26
49 87 98
49 88 68
49 89 6
49 90 96
49 91 34
49 92 77
49 93 77
49 94 10
49 95 76
49 96 66
49 97 84
49 98 83
49 99 98
49 100 42
49 101 46
49 102 39
49 103 4
50 51 54
50 52 73
50 53 54
50 54 1
50 55 32
50 56 13
50 57 37
50 58 23
50 59 99
50 60 52
50 61 9
50 62 20
50 63 85
50 64 53
50 65 10
50 66 13
50 67 94
50 68 64
50 69 98
50 70 98
50 71 99
50 72 65
50 73 48
50 74 26
50 75 93
50 76 5
50 77 89
50 78 83
50 79 89
50 80 65
50 81 2
50 82 1
50 83 73
50 84 69
50 85 34
50 86 4
50 87 5
50 88 65
50 89 56
50 90 74
50 91 6
50 92 94
50 93 31
50 94 54
50 95 73
50 96 17
50 97 16
50 98 3
50 99 81
50 100 28
50 101 71
50 102 36
50 103 12
51 52 93
51 53 33
51 54 41
51 55 83
51 56 40
51 57 54
51 58 41
51 59 25
51 60 52
51 61 80
51 62 81
51 63 15
51 64 100
51 65 1
51 66 71
51 67 39
51 68 4
51 69 30
51 70 73
51 71 82
51 72 51
51 73 40
51 74 54
51 75 19
51 76 4
51 77 94
51 78 72
51 79 93
51 80 19
51 81 28
51 82 82
51 83 74
51 84 20
51 85 31
51 86 14
51 87 33
51 88 33
51 89 44
51 90 82
51 91 75
51 92 85
51 93 74
51 94 56
51 95 50
51 96 76
51 97 25
51 98 43
51 99 89
51 100 3
51 101 66
51 102 51
51 103 81
52 53 56
52 54 80
52 55 95
52 56 7
52 57 39
52 58 69
52 59 9
52 60 9
52 61 99
52 62 36
52 63 10
52 64 46
52 65 59
52 66 47
52 67 33
52 68 93
52 69 59
52 70 63
52 71 48
52 72 23
52 73 39
52 74 50
52 75 32
52 76 98
52 77 79
52 78 48
52 79 31
52 80 41
52 81 91
52 82 46
52 83 91
52 84 39
52 85 77
52 86 48
52 87 70
52 88 20
52 89 75
52 90 85
52 91 4
52 92 48
52 93 7
52 94 64
52 95 73
52 96 67
52 97 22
52 98 61
52 99 39
52 100 68
52 101 90
52 102 67
52 103 66
53 54 17
53 55 66
53 56 97
53 57 33
53 58 8
53 59 1
53 60 51
53 61 76
53 62 49
53 63 40
53 64 26
53 65 86
53 66 93
53 67 84
53 68 45
53 69 42
53 70 89
53 71 56
53 72 66
53 73 22
53 74 48
53 75 6
53 76 19
53 77 3
53 78 24
53 79 28
53 80 56
53 81 99
53 82 46
53 83 38
53 84 36
53 85 80
53 86 85
53 87 13
53 88 97
53 89 58
53 90 48
53 91 37
53 92 25
53 93 33
53 94 81
53 95 93
53 96 33
53 97 5
53 98 69
53 99 11
53 100 83
53 101 94
53 102 30
53 103 57
54 55 62
54 56 13
54 57 8
54 58 8
54 59 81
54 60 88
54 61 17
54 62 43
54 63 72
54 64 29
54 65 49
54 66 30
54 67 37
54 68 87
54 69 49
54 70 82
54 71 57
54 72 15
54 73 81
54 74 40
54 75 80
54 76 79
54 77 46
54 78 44
54 79 25
54 80 19
54 81 14
54 82 100
54 83 39
54 84 82
54 85 70
54 86 2
54 87 83
54 88 80
54 89 70
54 90 33
54 91 51
54 92 42
54 93 98
54 94 42
54 95 62
54 96 48
54 97 25
54 98 69
54 99 58
54 100 42
54 101 80
54 102 97
54 103 52
55 56 87
55 57 80
55 58 93
55 59 32
55 60 60
55 61 27
55 62 3
55 63 28
55 64 5
55 65 13
55 66 36
55 67 41
55 68 96
55 69 15
55 70 2
55 71 91
55 72 100
55 73 2
55 74 56
55 75 52
55 76 83
55 77 66
55 78 65
55 79 42
55 80 92
55 81 64
55 82 82
55 83 4
55 84 88
55 85 50
55 86 71
55 87 46
55 88 77
55 89 99
55 90 26
55 91 40
55 92 22
55 93 24
55 94 5
55 95 20
55 96 98
55 97 81
55 98 71
55 99 44
55 100 22
55 101 99
55 102 54
55 103 63
56 57 95
56 58 5
56 59 1
56 60 8
56 61 92
56 62 20
56 63 99
56 64 42
56 65 22
56 66 18
56 67 6
56 68 45
56 69 83
56 70 28
56 71 33
56 72 64
56 73 75
56 74 45
56 75 9
56 76 86
56 77 1
56 78 72
56 79 23
56 80 25
56 81 15
56 82 48
56 83 47
56 84 100
56 85 78
56 86 48
56 87 76
56 88 100
56 89 19
56 90 77
56 91 31
56 92 76
56 93 83
56 94 4
56 95 51
56 96 32
56 97 40
56 98 63
56 99 6
56 100 39
56 101 79
56 102 81
56 103 93
57 58 75
57 59 65
57 60 20
57 61 84
57 62 60
57 63 14
57 64 48
57 65 17
57 66 93
57 67 4
57 68 58
57 69 89
57 70 41
57 71 81
57 72 39
57 73 2
57 74 71
57 75 32
57 76 27
57 77 31
57 78 28
57 79 86
57 80 89
57 81 19
57 82 59
57 83 52
57 84 71
57 85 3
57 86 93
57 87 73
57 88 73
57 89 59
57 90 7
57 91 7
57 92 86
57 93 14
57 94 46
57 95 80
57 96 36
57 97 62
57 98 43
57 99 90
57 100 20
57 101 65
57 102 86
57 103 27
58 59 13
58 60 100
58 61 5
58 62 4
58 63 18
58 64 55
58 65 55
58 66 65
58 67 2
58 68 88
58 69 77
58 70 23
58 71 48
58 72 5
58 73 33
58 74 67
58 75 3
58 76 77
58 77 34
58 78 62
58 79 3
58 80 24
58 81 99
58 82 10
58 83 24
58 84 31
58 85 41
58 86 40
58 87 69
58 88 20
58 89 4
58 90 15
58 91 67
58 92 92
58 93 16
58 94 73
58 95 38
58 96 79
58 97 78
58 98 24
58 99 10
58 100 2
58 101 49
58 102 85
58 103 90
59 60 84
59 61 42
59 62 47
59 63 18
59 64 88
59 65 69
59 66 17
59 67 73
59 68 79
59 69 78
59 70 7
59 71 60
59 72 66
59 73 48
59 74 43
59 75 15
59 76 2
59 77 84
59 78 63
59 79 72
59 80 60
59 81 93
59 82 66
59 83 25
59 84 1
59 85 96
59 86 39
59 87 1
59 88 24
59 89 27
59 90 2
59 91 69
59 92 48
59 93 29
59 94 100
59 95 88
59 96 76
59 97 30
59 98 30
59 99 48
59 100 15
59 101 16
59 102 29
59 103 48
60 61 93
60 62 41
60 63 83
60 64 4
60 65 52
60 66 19
60 67 51
60 68 91
60 69 10
60 70 87
60 71 76
60 72 56
60 73 52
60 74 14
60 75 12
60 76 97
60 77 94
60 78 30
60 79 57
60 80 86
60 81 88
60 82 87
60 83 27
60 84 75
60 85 45
60 86 97
60 87 67
60 88 92
60 89 19
60 90 29
60 91 57
60 92 43
60 93 37
60 94 9
60 95 37
60 96 71
60 97 12
60 98 72
60 99 22
60 100 87
60 101 73
60 102 25
60 103 76
61 62 90
61 63 5
61 64 65
61 65 77
61 66 55
61 67 90
61 68 58
61 69 64
61 70 23
61 71 80
61 72 13
61 73 70
61 74 45
61 75 75
61 76 79
61 77 25
61 78 72
61 79 46
61 80 57
61 81 5
61 82 25
61 83 14
61 84 98
61 85 7
61 86 7
61 87 24
61 88 89
61 89 11
61 90 48
61 91 76
61 92 16
61 93 59
61 94 53
61 95 17
61 96 19
61 97 89
61 98 35
61 99 52
61 100 88
61 101 17
61 102 51
61 103 66
62 63 88
62 64 86
62 65 8
62 66 53
62 67 90
62 68 48
62 69 41
62 70 21
62 71 19
62 72 95
62 73 26
62 74 69
62 75 37
62 76 58
62 77 99
62 78 56
62 79 89
62 80 66
62 81 30
62 82 25
62 83 84
62 84 84
62 85 73
62 86 41
62 87 1
62 88 67
62 89 100
62 90 30
62 91 40
62 92 53
62 93 68
62 94 73
62 95 32
62 96 97
62 97 52
62 98 47
62 99 35
62 100 44
62 101 62
62 102 48
62 103 55
63 64 73
63 65 57
63 66 92
63 67 19
63 68 83
63 69 15
63 70 4
63 71 37
63 72 45
63 73 49
63 74 9
63 75 52
63 76 6
63 77 65
63 78 89
63 79 4
63 80 2
63 81 45
63 82 47
63 83 35
63 84 19
63 85 44
63 86 16
63 87 10
63 88 33
63 89 54
63 90 41
63 91 16
63 92 96
63 93 79
63 94 22
63 95 45
63 96 91
63 97 95
63 98 67
63 99 60
63 100 64
63 101 83
63 102 49
63 103 34
64 65 87
64 66 43
64 67 99
64 68 67
64 69 18
64 70 28
64 71 45
64 72 52
64 73 70
64 74 45
64 75 4
64 76 21
64 77 84
64 78 57
64 79 33
64 80 36
64 81 43
64 82 57
64 83 20
64 84 62
64 85 58
64 86 29
64 87 9
64 88 66
64 89 6
64 90 62
64 91 14
64 92 24
64 93 31
64 94 47
64 95 1
64 96 81
64 97 92
64 98 39
64 99 8
64 100 21
64 101 39
64 102 98
64 103 21
65 66 83
65 67 37
65 68 66
65 69 6
65 70 60
65 71 64
65 72 13
65 73 47
65 74 72
65 75 40
65 76 24
65 77 92
65 78 60
65 79 95
65 80 79
65 81 43
65 82 85
65 83 10
65 84 12
65 85 80
65 86 7
65 87 38
65 88 17
65 89 40
65 90 80
65 91 16
65 92 22
65 93 29
65 94 51
65 95 80
65 96 8
65 97 80
65 98 96
65 99 34
65 100 44
65 101 98
65 102 14
65 103 90
66 67 10
66 68 87
66 69 91
66 70 42
66 71 49
66 72 54
66 73 79
66 74 21
66 75 26
66 76 65
66 77 57
66 78 54
66 79 38
66 80 11
66 81 44
66 82 13
66 83 7
66 84 16
66 85 8
66 86 66
66 87 77
66 88 48
66 89 84
66 90 69
66 91 87
66 92 31
66 93 9
66 94 75
66 95 90
66 96 75
66 97 33
66 98 89
66 99 40
66 100 71
66 101 5
66 102 30
66 103 68
67 68 32
67 69 42
67 70 2
67 71 12
67 72 97
67 73 33
67 74 19
67 75 60
67 76 21
67 77 46
67 78 55
67 79 95
67 80 30
67 81 74
67 82 33
67 83 50
67 84 87
67 85 47
67 86 44
67 87 12
67 88 63
67 89 44
67 90 51
67 91 43
67 92 96
67 93 47
67 94 35
67 95 56
67 96 56
67 97 46
67 98 100
67 99 86
67 100 33
67 101 34
67 102 86
67 103 11
68 69 2
68 70 44
68 71 71
68 72 92
68 73 19
68 74 27
68 75 60
68 76 83
68 77 52
68 78 27
68 79 75
68 80 89
68 81 29
68 82 72
68 83 78
68 84 79
68 85 5
68 86 51
68 87 4
68 88 90
68 89 11
68 90 84
68 91 94
68 92 64
68 93 83
68 94 95
68 95 13
68 96 41
68 97 66
68 98 75
68 99 77
68 100 68
68 101 25
68 102 32
68 103 93
69 70 95
69 71 59
69 72 75
69 73 51
69 74 16
69 75 51
69 76 67
69 77 83
69 78 91
69 79 40
69 80 52
69 81 57
69 82 84
69 83 55
69 84 19
69 85 72
69 86 56
69 87 1
69 88 29
69 89 14
69 90 49
69 91 97
69 92 75
69 93 98
69 94 81
69 95 19
69 96 37
69 97 23
69 98 38
69 99 29
69 100 22
69 101 95
69 102 74
69 103 80
70 71 25
70 72 63
70 73 14
70 74 74
70 75 73
70 76 50
70 77 87
70 78 81
70 79 72
70 80 84
70 81 93
70 82 79
70 83 63
70 84 56
70 85 14
70 86 95
70 87 70
70 88 85
70 89 74
70 90 27
70 91 59
70 92 59
70 93 25
70 94 34
70 95 95
70 96 2
70 97 96
70 98 73
70 99 35
70 100 55
70 101 78
70 102 61
70 103 28
71 72 12
71 73 100
71 74 28
71 75 78
71 76 33
71 77 53
71 78 42
71 79 23
71 80 33
71 81 49
71 82 48
71 83 85
71 84 32
71 85 48
71 86 61
71 87 85
71 88 43
71 89 55
71 90 1
71 91 46
71 92 11
71 93 89
71 94 43
71 95 74
71 96 32
71 97 90
71 98 87
71 99 27
71 100 26
71 101 10
71 102 57
71 103 57
72 73 85
72 74 28
72 75 13
72 76 50
72 77 12
72 78 8
72 79 91
72 80 75
72 81 46
72 82 86
72 83 43
72 84 19
72 85 25
72 86 21
72 87 72
72 88 30
72 89 83
72 90 89
72 91 82
72 92 85
72 93 37
72 94 53
72 95 52
72 96 8
72 97 65
72 98 73
72 99 68
72 100 78
72 101 98
72 102 55
72 103 61
73 74 47
73 75 58
73 76 36
73 77 4
73 78 86
73 79 86
73 80 40
73 81 66
73 82 7
73 83 22
73 84 28
73 85 55
73 86 8
73 87 55
73 88 31
73 89 52
73 90 66
73 91 10
73 92 54
73 93 55
73 94 36
73 95 11
73 96 41
73 97 27
73 98 15
73 99 69
73 100 72
73 101 31
73 102 5
73 103 32
74 75 44
74 76 87
74 77 76
74 78 82
74 79 71
74 80 72
74 81 10
74 82 85
74 83 4
74 84 83
74 85 50
74 86 19
74 87 10
74 88 94
74 89 55
74 90 47
74 91 28
74 92 95
74 93 32
74 94 54
74 95 53
74 96 49
74 97 38
74 98 90
74 99 15
74 100 59
74 101 36
74 102 16
74 103 45
75 76 75
75 77 31
75 78 17
75 79 10
75 80 58
75 81 39
75 82 21
75 83 62
75 84 36
75 85 70
75 86 61
75 87 99
75 88 72
75 89 68
75 90 43
75 91 74
75 92 72
75 93 6
75 94 75
75 95 37
75 96 38
75 97 15
75 98 56
75 99 42
75 100 72
75 101 30
75 102 58
75 103 41
76 77 76
76 78 49
76 79 32
76 80 85
76 81 36
76 82 93
76 83 52
76 84 14
76 85 4
76 86 62
76 87 74
76 88 67
76 89 31
76 90 93
76 91 22
76 92 62
76 93 4
76 94 2
76 95 65
76 96 41
76 97 79
76 98 95
76 99 52
76 100 40
76 101 72
76 102 99
76 103 2
77 78 3
77 79 71
77 80 64
77 81 26
77 82 2
77 83 43
77 84 88
77 85 85
77 86 84
77 87 97
77 88 39
77 89 49
77 90 8
77 91 3
77 92 43
77 93 18
77 94 70
77 95 63
77 96 70
77 97 42
77 98 61
77 99 1
77 100 43
77 101 42
77 102 81
77 103 31
78 79 22
78 80 72
78 81 47
78 82 25
78 83 75
78 84 87
78 85 79
78 86 73
78 87 6
78 88 71
78 89 9
78 90 9
78 91 61
78 92 78
78 93 68
78 94 71
78 95 61
78 96 40
78 97 88
78 98 32
78 99 70
78 100 70
78 101 90
78 102 19
78 103 19
79 80 10
79 81 73
79 82 36
79 83 68
79 84 36
79 85 75
79 86 95
79 87 89
79 88 21
79 89 81
79 90 64
79 91 42
79 92 18
79 93 51
79 94 48
79 95 3
79 96 22
79 97 43
79 98 60
79 99 30
79 100 46
79 101 6
79 102 17
79 103 16
80 81 57
80 82 85
80 83 29
80 84 48
80 85 9
80 86 9
80 87 2
80 88 67
80 89 81
80 90 13
80 91 18
80 92 21
80 93 44
80 94 96
80 95 46
80 96 71
80 97 5
80 98 64
80 99 65
80 100 55
80 101 42
80 102 15
80 103 75
81 82 98
81 83 96
81 84 90
81 85 93
81 86 51
81 87 73
81 88 78
81 89 23
81 90 8
81 91 57
81 92 86
81 93 38
81 94 46
81 95 58
81 96 29
81 97 15
81 98 92
81 99 59
81 100 29
81 101 92
81 102 27
81 103 40
82 83 32
82 84 16
82 85 42
82 86 63
82 87 37
82 88 21
82 89 99
82 90 73
82 91 75
82 92 18
82 93 12
82 94 99
82 95 62
82 96 32
82 97 35
82 98 96
82 99 13
82 100 34
82 101 10
82 102 34
82 103 62
83 84 98
83 85 1
83 86 28
83 87 6
83 88 3
83 89 68
83 90 61
83 91 76
83 92 54
83 93 35
83 94 8
83 95 48
83 96 18
83 97 55
83 98 34
83 99 9
83 100 6
83 101 48
83 102 44
83 103 43
84 85 16
84 86 16
84 87 49
84 88 14
84 89 11
84 90 37
84 91 34
84 92 69
84 93 27
84 94 95
84 95 84
84 96 8
84 97 68
84 98 72
84 99 40
84 100 32
84 101 30
84 102 61
84 103 84
85 86 80
85 87 14
85 88 43
85 89 56
85 90 57
85 91 18
85 92 58
85 93 58
85 94 24
85 95 48
85 96 29
85 97 47
85 98 96
85 99 14
85 100 26
85 101 32
85 102 21
85 103 57
86 87 94
86 88 63
86 89 11
86 90 58
86 91 23
86 92 13
86 93 77
86 94 36
86 95 92
86 96 13
86 97 40
86 98 23
86 99 51
86 100 77
86 101 89
86 102 6
86 103 94
87 88 30
87 89 18
87 90 100
87 91 45
87 92 78
87 93 15
87 94 80
87 95 87
87 96 77
87 97 95
87 98 18
87 99 19
87 100 27
87 101 73
87 102 81
87 103 51
88 89 48
88 90 91
88 91 98
88 92 29
88 93 76
88 94 75
88 95 80
88 96 89
88 97 65
88 98 56
88 99 37
88 100 81
88 101 31
88 102 43
88 103 25
89 90 70
89 91 99
89 92 11
89 93 24
89 94 14
89 95 19
89 96 49
89 97 77
89 98 42
89 99 52
89 100 29
89 101 68
89 102 39
89 103 21
90 91 83
90 92 16
90 93 46
90 94 90
90 95 12
90 96 48
90 97 46
90 98 76
90 99 32
90 100 41
90 101 20
90 102 88
90 103 80
91 92 2
91 93 62
91 94 60
91 95 89
91 96 6
91 97 80
91 98 34
91 99 41
91 100 25
91 101 81
91 102 63
91 103 26
92 93 88
92 94 28
92 95 47
92 96 83
92 97 57
92 98 66
92 99 64
92 100 85
92 101 72
92 102 81
92 103 1
93 94 77
93 95 20
93 96 37
93 97 25
93 98 80
93 99 8
93 100 79
93 101 51
93 102 75
93 103 32
94 95 66
94 96 47
94 97 92
94 98 2
94 99 67
94 100 99
94 101 18
94 102 79
94 103 37
95 96 63
95 97 97
95 98 66
95 99 57
95 100 23
95 101 95
95 102 41
95 103 71
96 97 50
96 98 20
96 99 10
96 100 26
96 101 12
96 102 91
96 103 60
97 98 1
97 99 92
97 100 35
97 101 15
97 102 33
97 103 93
98 99 19
98 100 66
98 101 79
98 102 24
98 103 93
99 100 83
99 101 50
99 102 3
99 103 64
100 101 96
100 102 63
100 103 25
101 102 39
101 103 40
102 103 18
