69 2346 68
1 2 98
1 3 62
1 4 49
1 5 60
1 6 40
1 7 4
1 8 74
1 9 36
1 10 95
1 11 50
1 12 59
1 13 99
1 14 43
1 15 29
1 16 1
1 17 27
1 18 44
1 19 9
1 20 43
1 21 82
1 22 35
1 23 91
1 24 13
1 25 29
1 26 80
1 27 3
1 28 40
1 29 87
1 30 28
1 31 8
1 32 37
1 33 84
1 34 82
1 35 11
1 36 58
1 37 68
1 38 11
1 39 68
1 40 62
1 41 80
1 42 66
1 43 2
1 44 14
1 45 66
1 46 97
1 47 83
1 48 1
1 49 5
1 50 2
1 51 74
1 52 58
1 53 57
1 54 74
1 55 41
1 56 71
1 57 61
1 58 86
1 59 47
1 60 4
1 61 93
1 62 34
1 63 42
1 64 65
1 65 4
1 66 53
1 67 38
1 68 16
1 69 90
2 3 51
2 4 15
2 5 44
2 6 82
2 7 35
2 8 38
2 9 55
2 10 53
2 11 77
2 12 65
2 13 20
2 14 22
2 15 34
2 16 49
2 17 86
2 18 5
2 19 6
2 20 50
2 21 51
2 22 78
2 23 18
2 24 42
2 25 44
2 26 45
2 27 47
2 28 53
2 29 16
2 30 95
2 31 88
2 32 50
2 33 96
2 34 15
2 35 36
2 36 75
2 37 82
2 38 89
2 39 35
2 40 99
2 41 75
2 42 94
2 43 97
2 44 40
2 45 3
2 46 56
2 47 53
2 48 51
2 49 31
2 50 72
2 51 6
2 52 85
2 53 9
2 54 85
2 55 41
2 56 6
2 57 9
2 58 82
2 59 70
2 60 18
2 61 64
2 62 62
2 63 55
2 64 8
2 65 32
2 66 73
2 67 37
2 68 1
2 69 34
3 4 75
3 5 81
3 6 95
3 7 9
3 8 83
3 9 65
3 10 52
3 11 65
3 12 26
3 13 65
3 14 87
3 15 92
3 16 30
3 17 24
3 18 87
3 19 85
3 20 84
3 21 99
3 22 29
3 23 83
3 24 70
3 25 55
3 26 29
3 27 2
3 28 62
3 29 6
3 30 15
3 31 92
3 32 61
3 33 10
3 34 58
3 35 42
3 36 87
3 37 71
3 38 34
3 39 66
3 40 90
3 41 46
3 42 9
3 43 93
3 44 95
3 45 56
3 46 64
3 47 62
3 48 94
3 49 48
3 50 24
3 51 64
3 52 25
3 53 3
3 54 63
3 55 54
3 56 66
3 57 4
3 58 52
3 59 89
3 60 42
3 61 14
3 62 18
3 63 15
3 64 92
3 65 81
3 66 37
3 67 5
3 68 80
3 69 55
4 5 82
4 6 13
4 7 2
4 8 56
4 9 65
4 10 63
4 11 11
4 12 62
4 13 31
4 14 88
4 15 77
4 16 35
4 17 31
4 18 35
4 19 83
4 20 96
4 21 81
4 22 4
4 23 19
4 24 10
4 25 60
4 26 36
4 27 45
4 28 89
4 29 36
4 30 9
4 31 87
4 32 97
4 33 33
4 34 12
4 35 40
4 36 41
4 37 87
4 38 84
4 39 6
4 40 38
4 41 77
4 42 92
4 43 33
4 44 40
4 45 21
4 46 26
4 47 21
4 48 46
4 49 44
4 50 35
4 51 93
4 52 87
4 53 72
4 54 70
4 55 14
4 56 24
4 57 70
4 58 62
4 59 94
4 60 23
4 61 93
4 62 73
4 63 33
4 64 61
4 65 56
4 66 75
4 67 7
4 68 92
4 69 54
5 6 76
5 7 37
5 8 87
5 9 8
5 10 68
5 11 22
5 12 89
5 13 73
5 14 42
5 15 75
5 16 4
5 17 40
5 18 49
5 19 33
5 20 37
5 21 6
5 22 16
5 23 69
5 24 79
5 25 74
5 26 80
5 27 73
5 28 7
5 29 51
5 30 18
5 31 33
5 32 58
5 33 89
5 34 91
5 35 17
5 36 42
5 37 22
5 38 79
5 39 55
5 40 72
5 41 32
5 42 48
5 43 5
5 44 27
5 45 100
5 46 69
5 47 2
5 48 54
5 49 60
5 50 24
5 51 46
5 52 99
5 53 1
5 54 50
5 55 12
5 56 41
5 57 80
5 58 6
5 59 63
5 60 56
5 61 67
5 62 62
5 63 52
5 64 5
5 65 73
5 66 3
5 67 73
5 68 66
5 69 37
6 7 66
6 8 58
6 9 17
6 10 87
6 11 86
6 12 77
6 13 43
6 14 31
6 15 1
6 16 29
6 17 71
6 18 73
6 19 55
6 20 79
6 21 66
6 22 10
6 23 82
6 24 14
6 25 36
6 26 68
6 27 38
6 28 86
6 29 38
6 30 13
6 31 55
6 32 79
6 33 91
6 34 9
6 35 41
6 36 55
6 37 95
6 38 15
6 39 49
6 40 53
6 41 90
6 42 7
6 43 36
6 44 79
6 45 72
6 46 31
6 47 19
6 48 8
6 49 81
6 50 24
6 51 32
6 52 76
6 53 88
6 54 62
6 55 63
6 56 49
6 57 10
6 58 13
6 59 100
6 60 76
6 61 64
6 62 44
6 63 35
6 64 93
6 65 41
6 66 3
6 67 23
6 68 6
6 69 62
7 8 17
7 9 19
7 10 56
7 11 29
7 12 92
7 13 62
7 14 19
7 15 51
7 16 57
7 17 11
7 18 11
7 19 83
7 20 49
7 21 32
7 22 37
7 23 92
7 24 82
7 25 71
7 26 50
7 27 7
7 28 64
7 29 14
7 30 53
7 31 81
7 32 33
7 33 97
7 34 71
7 35 81
7 36 69
7 37 74
7 38 31
7 39 1
7 40 19
7 41 83
7 42 10
7 43 86
7 44 74
7 45 84
7 46 18
7 47 96
7 48 12
7 49 10
7 50 9
7 51 7
7 52 42
7 53 40
7 54 38
7 55 18
7 56 44
7 57 94
7 58 4
7 59 57
7 60 56
7 61 53
7 62 97
7 63 25
7 64 22
7 65 41
7 66 66
7 67 47
7 68 7
7 69 29
8 9 3
8 10 48
8 11 36
8 12 6
8 13 96
8 14 16
8 15 66
8 16 1
8 17 21
8 18 80
8 19 82
8 20 13
8 21 40
8 22 100
8 23 57
8 24 27
8 25 56
8 26 11
8 27 48
8 28 39
8 29 39
8 30 17
8 31 13
8 32 37
8 33 9
8 34 93
8 35 20
8 36 74
8 37 42
8 38 43
8 39 39
8 40 90
8 41 23
8 42 82
8 43 62
8 44 85
8 45 64
8 46 2
8 47 66
8 48 58
8 49 10
8 50 92
8 51 3
8 52 66
8 53 81
8 54 88
8 55 26
8 56 67
8 57 34
8 58 70
8 59 23
8 60 59
8 61 84
8 62 74
8 63 69
8 64 58
8 65 49
8 66 62
8 67 75
8 68 9
8 69 77
9 10 73
9 11 81
9 12 22
9 13 75
9 14 9
9 15 5
9 16 10
9 17 41
9 18 80
9 19 71
9 20 73
9 21 60
9 22 9
9 23 5
9 24 76
9 25 86
9 26 92
9 27 48
9 28 64
9 29 60
9 30 3
9 31 98
9 32 69
9 33 33
9 34 78
9 35 53
9 36 60
9 37 79
9 38 27
9 39 83
9 40 69
9 41 21
9 42 77
9 43 37
9 44 15
9 45 2
9 46 24
9 47 81
9 48 23
9 49 3
9 50 46
9 51 27
9 52 56
9 53 64
9 54 75
9 55 76
9 56 65
9 57 9
9 58 13
9 59 11
9 60 57
9 61 2
9 62 13
9 63 60
9 64 12
9 65 42
9 66 14
9 67 65
9 68 7
9 69 92
10 11 54
10 12 12
10 13 15
10 14 6
10 15 23
10 16 18
10 17 40
10 18 11
10 19 84
10 20 41
10 21 24
10 22 87
10 23 45
10 24 86
10 25 92
10 26 17
10 27 17
10 28 5
10 29 97
10 30 89
10 31 44
10 32 70
10 33 31
10 34 16
10 35 39
10 36 95
10 37 64
10 38 9
10 39 70
10 40 31
10 41 97
10 42 62
10 43 87
10 44 73
10 45 27
10 46 4
10 47 22
10 48 65
10 49 34
10 50 71
10 51 98
10 52 85
10 53 26
10 54 85
10 55 7
10 56 21
10 57 2
10 58 9
10 59 49
10 60 48
10 61 29
10 62 10
10 63 88
10 64 78
10 65 33
10 66 32
10 67 3
10 68 22
10 69 8
11 12 7
11 13 3
11 14 3
11 15 25
11 16 91
11 17 19
11 18 22
11 19 3
11 20 51
11 21 18
11 22 17
11 23 84
11 24 61
11 25 82
11 26 47
11 27 27
11 28 52
11 29 25
11 30 95
11 31 11
11 32 51
11 33 75
11 34 80
11 35 98
11 36 52
11 37 27
11 38 6
11 39 16
11 40 7
11 41 28
11 42 2
11 43 68
11 44 90
11 45 50
11 46 41
11 47 46
11 48 85
11 49 92
11 50 82
11 51 41
11 52 58
11 53 71
11 54 99
11 55 62
11 56 25
11 57 91
11 58 84
11 59 14
11 60 90
11 61 27
11 62 5
11 63 14
11 64 3
11 65 50
11 66 87
11 67 2
11 68 9
11 69 34
12 13 64
12 14 91
12 15 15
12 16 46
12 17 98
12 18 88
12 19 23
12 20 47
12 21 5
12 22 89
12 23 38
12 24 53
12 25 58
12 26 95
12 27 38
12 28 88
12 29 16
12 30 74
12 31 73
12 32 57
12 33 78
12 34 63
12 35 35
12 36 43
12 37 6
12 38 39
12 39 18
12 40 97
12 41 37
12 42 33
12 43 73
12 44 11
12 45 85
12 46 35
12 47 68
12 48 77
12 49 73
12 50 52
12 51 82
12 52 15
12 53 56
12 54 81
12 55 92
12 56 16
12 57 84
12 58 99
12 59 60
12 60 9
12 61 18
12 62 54
12 63 47
12 64 4
12 65 40
12 66 83
12 67 70
12 68 67
12 69 43
13 14 69
13 15 62
13 16 30
13 17 47
13 18 86
13 19 57
13 20 5
13 21 80
13 22 60
13 23 89
13 24 40
13 25 64
13 26 86
13 27 55
13 28 44
13 29 80
13 30 77
13 31 2
13 32 91
13 33 61
13 34 19
13 35 36
13 36 2
13 37 54
13 38 79
13 39 36
13 40 45
13 41 56
13 42 49
13 43 87
13 44 100
13 45 93
13 46 34
13 47 47
13 48 22
13 49 90
13 50 16
13 51 35
13 52 67
13 53 88
13 54 72
13 55 86
13 56 57
13 57 19
13 58 6
13 59 62
13 60 39
13 61 3
13 62 36
13 63 96
13 64 82
13 65 65
13 66 34
13 67 23
13 68 17
13 69 15
14 15 50
14 16 95
14 17 69
14 18 92
14 19 41
14 20 32
14 21 99
14 22 88
14 23 97
14 24 77
14 25 97
14 26 25
14 27 83
14 28 54
14 29 55
14 30 89
14 31 65
14 32 100
14 33 9
14 34 28
14 35 5
14 36 73
14 37 91
14 38 38
14 39 100
14 40 32
14 41 36
14 42 6
14 43 49
14 44 1
14 45 55
14 46 85
14 47 100
14 48 80
14 49 73
14 50 63
14 51 54
14 52 90
14 53 55
14 54 75
14 55 89
14 56 72
14 57 55
14 58 11
14 59 70
14 60 11
14 61 64
14 62 6
14 63 87
14 64 21
14 65 76
14 66 98
14 67 14
14 68 6
14 69 15
15 16 1
15 17 13
15 18 95
15 19 35
15 20 44
15 21 56
15 22 100
15 23 30
15 24 75
15 25 30
15 26 90
15 27 94
15 28 44
15 29 60
15 30 37
15 31 44
15 32 76
15 33 4
15 34 79
15 35 8
15 36 59
15 37 21
15 38 99
15 39 79
15 40 61
15 41 14
15 42 99
15 43 94
15 44 41
15 45 66
15 46 71
15 47 99
15 48 64
15 49 56
15 50 18
15 51 76
15 52 87
15 53 65
15 54 72
15 55 53
15 56 87
15 57 46
15 58 7
15 59 11
15 60 35
15 61 58
15 62 12
15 63 84
15 64 48
15 65 61
15 66 44
15 67 51
15 68 90
15 69 1
16 17 90
16 18 17
16 19 91
16 20 32
16 21 24
16 22 83
16 23 63
16 24 18
16 25 58
16 26 42
16 27 29
16 28 1
16 29 13
16 30 29
16 31 16
16 32 29
16 33 52
16 34 8
16 35 53
16 36 1
16 37 98
16 38 76
16 39 72
16 40 40
16 41 94
16 42 29
16 43 68
16 44 93
16 45 36
16 46 25
16 47 84
16 48 70
16 49 35
16 50 73
16 51 79
16 52 46
16 53 31
16 54 98
16 55 97
16 56 76
16 57 50
16 58 43
16 59 37
16 60 74
16 61 78
16 62 95
16 63 76
16 64 17
16 65 35
16 66 3
16 67 27
16 68 91
16 69 41
17 18 6
17 19 87
17 20 2
17 21 99
17 22 43
17 23 4
17 24 84
17 25 66
17 26 72
17 27 100
17 28 87
17 29 22
17 30 17
17 31 8
17 32 35
17 33 55
17 34 93
17 35 19
17 36 84
17 37 24
17 38 28
17 39 67
17 40 19
17 41 32
17 42 32
17 43 49
17 44 70
17 45 33
17 46 28
17 47 95
17 48 59
17 49 2
17 50 24
17 51 66
17 52 82
17 53 81
17 54 59
17 55 72
17 56 67
17 57 14
17 58 35
17 59 31
17 60 45
17 61 45
17 62 34
17 63 58
17 64 86
17 65 47
17 66 48
17 67 73
17 68 56
17 69 40
18 19 24
18 20 37
18 21 67
18 22 78
18 23 89
18 24 17
18 25 37
18 26 83
18 27 90
18 28 6
18 29 87
18 30 12
18 31 4
18 32 39
18 33 37
18 34 93
18 35 88
18 36 9
18 37 88
18 38 45
18 39 54
18 40 39
18 41 25
18 42 1
18 43 79
18 44 92
18 45 82
18 46 34
18 47 74
18 48 33
18 49 53
18 50 55
18 51 27
18 52 69
18 53 80
18 54 82
18 55 67
18 56 78
18 57 76
18 58 50
18 59 69
18 60 88
18 61 21
18 62 37
18 63 50
18 64 5
18 65 3
18 66 11
18 67 97
18 68 61
18 69 20
19 20 5
19 21 12
19 22 21
19 23 15
19 24 84
19 25 16
19 26 89
19 27 27
19 28 53
19 29 62
19 30 92
19 31 23
19 32 21
19 33 31
19 34 13
19 35 32
19 36 35
19 37 38
19 38 10
19 39 66
19 40 40
19 41 27
19 42 90
19 43 65
19 44 89
19 45 11
19 46 80
19 47 41
19 48 60
19 49 81
19 50 88
19 51 46
19 52 39
19 53 11
19 54 38
19 55 46
19 56 7
19 57 32
19 58 46
19 59 32
19 60 7
19 61 44
19 62 79
19 63 4
19 64 73
19 65 33
19 66 9
19 67 57
19 68 3
19 69 13
20 21 64
20 22 84
20 23 90
20 24 46
20 25 98
20 26 78
20 27 3
20 28 92
20 29 17
20 30 99
20 31 69
20 32 96
20 33 12
20 34 86
20 35 39
20 36 24
20 37 43
20 38 43
20 39 10
20 40 18
20 41 99
20 42 30
20 43 59
20 44 37
20 45 99
20 46 54
20 47 88
20 48 25
20 49 11
20 50 61
20 51 88
20 52 20
20 53 64
20 54 96
20 55 81
20 56 92
20 57 32
20 58 66
20 59 89
20 60 9
20 61 46
20 62 15
20 63 78
20 64 37
20 65 23
20 66 36
20 67 63
20 68 47
20 69 13
21 22 30
21 23 48
21 24 48
21 25 19
21 26 97
21 27 29
21 28 52
21 29 90
21 30 94
21 31 55
21 32 83
21 33 6
21 34 89
21 35 38
21 36 30
21 37 77
21 38 69
21 39 80
21 40 71
21 41 17
21 42 51
21 43 31
21 44 31
21 45 91
21 46 37
21 47 23
21 48 65
21 49 67
21 50 54
21 51 77
21 52 9
21 53 14
21 54 73
21 55 90
21 56 3
21 57 98
21 58 30
21 59 48
21 60 70
21 61 82
21 62 1
21 63 32
21 64 63
21 65 26
21 66 84
21 67 90
21 68 27
21 69 1
22 23 73
22 24 6
22 25 70
22 26 72
22 27 98
22 28 77
22 29 42
22 30 19
22 31 86
22 32 72
22 33 93
22 34 18
22 35 86
22 36 13
22 37 63
22 38 67
22 39 43
22 40 75
22 41 90
22 42 28
22 43 12
22 44 50
22 45 15
22 46 54
22 47 17
22 48 42
22 49 43
22 50 76
22 51 1
22 52 9
22 53 21
22 54 8
22 55 24
22 56 43
22 57 39
22 58 35
22 59 16
22 60 28
22 61 30
22 62 17
22 63 56
22 64 47
22 65 82
22 66 65
22 67 92
22 68 35
22 69 20
23 24 98
23 25 5
23 26 99
23 27 35
23 28 13
23 29 13
23 30 34
23 31 42
23 32 61
23 33 85
23 34 8
23 35 87
23 36 10
23 37 40
23 38 59
23 39 9
23 40 26
23 41 93
23 42 71
23 43 66
23 44 87
23 45 61
23 46 75
23 47 79
23 48 67
23 49 10
23 50 87
23 51 71
23 52 60
23 53 70
23 54 50
23 55 27
23 56 100
23 57 86
23 58 53
23 59 26
23 60 49
23 61 78
23 62 56
23 63 50
23 64 18
23 65 48
23 66 39
23 67 10
23 68 75
23 69 22
24 25 73
24 26 89
24 27 96
24 28 81
24 29 88
24 30 6
24 31 47
24 32 37
24 33 14
24 34 68
24 35 9
24 36 51
24 37 64
24 38 28
24 39 48
24 40 4
24 41 22
24 42 61
24 43 25
24 44 28
24 45 50
24 46 68
24 47 25
24 48 60
24 49 71
24 50 28
24 51 40
24 52 100
24 53 43
24 54 56
24 55 54
24 56 3
24 57 29
24 58 51
24 59 9
24 60 63
24 61 24
24 62 9
24 63 89
24 64 59
24 65 55
24 66 38
24 67 35
24 68 31
24 69 18
25 26 21
25 27 82
25 28 53
25 29 89
25 30 83
25 31 72
25 32 80
25 33 21
25 34 42
25 35 79
25 36 16
25 37 35
25 38 98
25 39 61
25 40 67
25 41 2
25 42 96
25 43 37
25 44 19
25 45 47
25 46 48
25 47 25
25 48 87
25 49 4
25 50 42
25 51 80
25 52 24
25 53 92
25 54 76
25 55 51
25 56 54
25 57 64
25 58 76
25 59 75
25 60 72
25 61 6
25 62 84
25 63 60
25 64 12
25 65 91
25 66 53
25 67 86
25 68 95
25 69 39
26 27 15
26 28 83
26 29 23
26 30 9
26 31 88
26 32 2
26 33 12
26 34 73
26 35 91
26 36 91
26 37 20
26 38 27
26 39 81
26 40 66
26 41 48
26 42 47
26 43 79
26 44 76
26 45 14
26 46 41
26 47 79
26 48 3
26 49 36
26 50 11
26 51 70
26 52 53
26 53 81
26 54 41
26 55 81
26 56 24
26 57 96
26 58 67
26 59 30
26 60 44
26 61 39
26 62 60
26 63 81
26 64 87
26 65 63
26 66 34
26 67 36
26 68 56
26 69 46
27 28 100
27 29 44
27 30 27
27 31 99
27 32 72
27 33 6
27 34 61
27 35 5
27 36 14
27 37 79
27 38 45
27 39 37
27 40 23
27 41 8
27 42 61
27 43 5
27 44 46
27 45 61
27 46 81
27 47 94
27 48 96
27 49 88
27 50 33
27 51 93
27 52 12
27 53 63
27 54 76
27 55 63
27 56 64
27 57 32
27 58 66
27 59 24
27 60 39
27 61 11
27 62 54
27 63 65
27 64 25
27 65 27
27 66 65
27 67 43
27 68 95
27 69 31
28 29 83
28 30 96
28 31 69
28 32 16
28 33 72
28 34 74
28 35 44
28 36 31
28 37 91
28 38 40
28 39 98
28 40 17
28 41 83
28 42 73
28 43 70
28 44 46
28 45 78
28 46 77
28 47 40
28 48 70
28 49 49
28 50 90
28 51 54
28 52 51
28 53 26
28 54 27
28 55 31
28 56 14
28 57 25
28 58 47
28 59 62
28 60 21
28 61 36
28 62 52
28 63 64
28 64 5
28 65 72
28 66 37
28 67 66
28 68 78
28 69 14
29 30 79
29 31 24
29 32 32
29 33 52
29 34 35
29 35 45
29 36 20
29 37 26
29 38 17
29 39 25
29 40 60
29 41 74
29 42 74
29 43 92
29 44 72
29 45 30
29 46 47
29 47 20
29 48 25
29 49 40
29 50 56
29 51 80
29 52 100
29 53 34
29 54 83
29 55 14
29 56 68
29 57 65
29 58 87
29 59 31
29 60 27
29 61 40
29 62 45
29 63 94
29 64 63
29 65 41
29 66 69
29 67 48
29 68 30
29 69 66
30 31 54
30 32 27
30 33 88
30 34 99
30 35 34
30 36 1
30 37 15
30 38 95
30 39 85
30 40 100
30 41 8
30 42 8
30 43 85
30 44 1
30 45 7
30 46 60
30 47 43
30 48 50
30 49 57
30 50 1
30 51 18
30 52 27
30 53 40
30 54 81
30 55 66
30 56 25
30 57 97
30 58 95
30 59 24
30 60 11
30 61 10
30 62 75
30 63 4
30 64 5
30 65 98
30 66 89
30 67 54
30 68 97
30 69 92
31 32 95
31 33 65
31 34 19
31 35 67
31 36 82
31 37 92
31 38 59
31 39 19
31 40 59
31 41 40
31 42 33
31 43 53
31 44 63
31 45 95
31 46 80
31 47 57
31 48 48
31 49 50
31 50 98
31 51 79
31 52 66
31 53 78
31 54 9
31 55 64
31 56 92
31 57 70
31 58 83
31 59 45
31 60 85
31 61 61
31 62 26
31 63 69
31 64 29
31 65 24
31 66 33
31 67 90
31 68 65
31 69 65
32 33 16
32 34 26
32 35 3
32 36 99
32 37 39
32 38 10
32 39 83
32 40 12
32 41 59
32 42 26
32 43 70
32 44 66
32 45 15
32 46 93
32 47 4
32 48 20
32 49 76
32 50 4
32 51 38
32 52 24
32 53 28
32 54 76
32 55 61
32 56 32
32 57 96
32 58 22
32 59 69
32 60 6
32 61 4
32 62 59
32 63 75
32 64 100
32 65 29
32 66 3
32 67 89
32 68 12
32 69 94
33 34 25
33 35 85
33 36 66
33 37 57
33 38 9
33 39 85
33 40 77
33 41 67
33 42 13
33 43 36
33 44 51
33 45 58
33 46 37
33 47 79
33 48 20
33 49 15
33 50 52
33 51 61
33 52 32
33 53 27
33 54 72
33 55 31
33 56 39
33 57 20
33 58 85
33 59 81
33 60 85
33 61 100
33 62 98
33 63 6
33 64 75
33 65 98
33 66 5
33 67 4
33 68 50
33 69 36
34 35 41
34 36 58
34 37 26
34 38 8
34 39 34
34 40 82
34 41 17
34 42 65
34 43 2
34 44 81
34 45 82
34 46 54
34 47 54
34 48 57
34 49 56
34 50 46
34 51 63
34 52 71
34 53 10
34 54 64
34 55 48
34 56 67
34 57 15
34 58 30
34 59 27
34 60 2
34 61 30
34 62 24
34 63 10
34 64 4
34 65 89
34 66 3
34 67 78
34 68 21
34 69 25
35 36 70
35 37 57
35 38 47
35 39 55
35 40 29
35 41 88
35 42 45
35 43 42
35 44 72
35 45 60
35 46 61
35 47 56
35 48 1
35 49 4
35 50 85
35 51 23
35 52 1
35 53 45
35 54 74
35 55 48
35 56 16
35 57 51
35 58 1
35 59 5
35 60 76
35 61 77
35 62 41
35 63 12
35 64 26
35 65 42
35 66 69
35 67 17
35 68 19
35 69 27
36 37 29
36 38 76
36 39 1
36 40 13
36 41 18
36 42 25
36 43 42
36 44 9
36 45 18
36 46 49
36 47 62
36 48 88
36 49 58
36 50 63
36 51 80
36 52 16
36 53 31
36 54 87
36 55 7
36 56 95
36 57 91
36 58 36
36 59 17
36 60 95
36 61 92
36 62 45
36 63 38
36 64 23
36 65 17
36 66 33
36 67 53
36 68 75
36 69 85
37 38 73
37 39 76
37 40 35
37 41 70
37 42 64
37 43 52
37 44 95
37 45 71
37 46 74
37 47 100
37 48 62
37 49 69
37 50 93
37 51 71
37 52 21
37 53 67
37 54 8
37 55 57
37 56 100
37 57 75
37 58 43
37 59 21
37 60 30
37 61 59
37 62 84
37 63 67
37 64 24
37 65 9
37 66 97
37 67 44
37 68 53
37 69 7
38 39 56
38 40 83
38 41 72
38 42 56
38 43 50
38 44 24
38 45 41
38 46 50
38 47 45
38 48 99
38 49 46
38 50 25
38 51 23
38 52 52
38 53 65
38 54 52
38 55 65
38 56 89
38 57 80
38 58 70
38 59 24
38 60 21
38 61 50
38 62 93
38 63 85
38 64 51
38 65 46
38 66 55
38 67 89
38 68 23
38 69 13
39 40 85
39 41 91
39 42 98
39 43 43
39 44 1
39 45 66
39 46 49
39 47 95
39 48 79
39 49 91
39 50 6
39 51 76
39 52 65
39 53 53
39 54 80
39 55 84
39 56 96
39 57 21
39 58 88
39 59 65
39 60 46
39 61 17
39 62 99
39 63 8
39 64 40
39 65 45
39 66 7
39 67 89
39 68 64
39 69 66
40 41 60
40 42 39
40 43 18
40 44 97
40 45 69
40 46 30
40 47 29
40 48 11
40 49 64
40 50 23
40 51 38
40 52 18
40 53 24
40 54 1
40 55 79
40 56 80
40 57 21
40 58 25
40 59 89
40 60 91
40 61 85
40 62 80
40 63 12
40 64 2
40 65 19
40 66 78
40 67 2
40 68 55
40 69 44
41 42 90
41 43 25
41 44 73
41 45 85
41 46 3
41 47 26
41 48 39
41 49 29
41 50 93
41 51 50
41 52 20
41 53 43
41 54 98
41 55 48
41 56 57
41 57 64
41 58 100
41 59 90
41 60 64
41 61 24
41 62 85
41 63 62
41 64 70
41 65 68
41 66 53
41 67 52
41 68 79
41 69 17
42 43 34
42 44 28
42 45 72
42 46 37
42 47 58
42 48 20
42 49 26
42 50 59
42 51 31
42 52 23
42 53 31
42 54 97
42 55 64
42 56 14
42 57 48
42 58 27
42 59 51
42 60 78
42 61 21
42 62 33
42 63 93
42 64 57
42 65 57
42 66 38
42 67 17
42 68 87
42 69 17
43 44 93
43 45 47
43 46 62
43 47 53
43 48 3
43 49 67
43 50 3
43 51 77
43 52 25
43 53 9
43 54 36
43 55 16
43 56 32
43 57 83
43 58 55
43 59 66
43 60 33
43 61 10
43 62 17
43 63 15
43 64 47
43 65 88
43 66 60
43 67 85
43 68 8
43 69 47
44 45 70
44 46 49
44 47 51
44 48 48
44 49 98
44 50 14
44 51 77
44 52 82
44 53 74
44 54 23
44 55 10
44 56 78
44 57 18
44 58 63
44 59 3
44 60 97
44 61 10
44 62 5
44 63 15
44 64 33
44 65 73
44 66 58
44 67 38
44 68 82
44 69 31
45 46 1
45 47 43
45 48 62
45 49 35
45 50 94
45 51 90
45 52 71
45 53 9
45 54 82
45 55 90
45 56 71
45 57 77
45 58 74
45 59 48
45 60 70
45 61 8
45 62 73
45 63 43
45 64 96
45 65 51
45 66 3
45 67 4
45 68 55
45 69 10
46 47 22
46 48 56
46 49 85
46 50 40
46 51 28
46 52 37
46 53 13
46 54 84
46 55 16
46 56 40
46 57 42
46 58 38
46 59 58
46 60 47
46 61 79
46 62 100
46 63 46
46 64 21
46 65 58
46 66 33
46 67 82
46 68 74
46 69 85
47 48 14
47 49 83
47 50 2
47 51 37
47 52 30
47 53 28
47 54 21
47 55 89
47 56 46
47 57 4
47 58 34
47 59 76
47 60 39
47 61 89
47 62 32
47 63 32
47 64 78
47 65 78
47 66 9
47 67 21
47 68 20
47 69 66
48 49 4
48 50 38
48 51 97
48 52 2
48 53 24
48 54 5
48 55 47
48 56 31
48 57 25
48 58 45
48 59 26
48 60 8
48 61 35
48 62 92
48 63 30
48 64 7
48 65 96
48 66 7
48 67 49
48 68 14
48 69 10
49 50 56
49 51 33
49 52 86
49 53 70
49 54 62
49 55 63
49 56 1
49 57 69
49 58 6
49 59 74
49 60 2
49 61 5
49 62 90
49 63 16
49 64 45
49 65 6
49 66 100
49 67 10
49 68 74
49 69 97
50 51 3
50 52 20
50 53 91
50 54 91
50 55 91
50 56 93
50 57 25
50 58 6
50 59 3
50 60 48
50 61 90
50 62 61
50 63 100
50 64 13
50 65 66
50 66 99
50 67 1
50 68 70
50 69 11
51 52 26
51 53 71
51 54 22
51 55 53
51 56 33
51 57 40
51 58 74
51 59 61
51 60 44
51 61 90
51 62 67
51 63 4
51 64 29
51 65 68
51 66 23
51 67 17
51 68 89
51 69 29
52 53 95
52 54 16
52 55 34
52 56 88
52 57 9
52 58 32
52 59 78
52 60 65
52 61 99
52 62 22
52 63 77
52 64 32
52 65 44
52 66 84
52 67 93
52 68 89
52 69 82
53 54 4
53 55 100
53 56 61
53 57 99
53 58 27
53 59 14
53 60 86
53 61 19
53 62 69
53 63 26
53 64 59
53 65 24
53 66 48
53 67 46
53 68 22
53 69 51
54 55 65
54 56 70
54 57 71
54 58 96
54 59 23
54 60 16
54 61 32
54 62 46
54 63 1
54 64 75
54 65 76
54 66 31
54 67 24
54 68 45
54 69 19
55 56 79
55 57 44
55 58 35
55 59 43
55 60 6
55 61 89
55 62 88
55 63 15
55 64 62
55 65 53
55 66 19
55 67 38
55 68 32
55 69 80
56 57 64
56 58 97
56 59 34
56 60 9
56 61 25
56 62 26
56 63 6
56 64 59
56 65 65
56 66 50
56 67 27
56 68 58
56 69 41
57 58 27
57 59 14
57 60 85
57 61 14
57 62 75
57 63 23
57 64 37
57 65 48
57 66 69
57 67 59
57 68 74
57 69 31
58 59 37
58 60 57
58 61 83
58 62 60
58 63 38
58 64 15
58 65 40
58 66 9
58 67 3
58 68 6
58 69 72
59 60 16
59 61 64
59 62 50
59 63 34
59 64 89
59 65 3
59 66 68
59 67 52
59 68 25
59 69 97
60 61 4
60 62 93
60 63 43
60 64 57
60 65 51
60 66 35
60 67 27
60 68 10
60 69 2
61 62 22
61 63 44
61 64 10
61 65 26
61 66 87
61 67 88
61 68 34
61 69 41
62 63 52
62 64 74
62 65 59
62 66 45
62 67 42
62 68 62
62 69 30
63 64 37
63 65 42
63 66 85
63 67 44
63 68 37
63 69 19
64 65 46
64 66 87
64 67 44
64 68 43
64 69 9
65 66 71
65 67 43
65 68 25
65 69 70
66 67 3
66 68 41
66 69 56
67 68 79
67 69 16
68 69 68
