61 1830 60
1 2 16
1 3 78
1 4 90
1 5 99
1 6 81
1 7 33
1 8 74
1 9 60
1 10 36
1 11 62
1 12 16
1 13 100
1 14 62
1 15 60
1 16 65
1 17 37
1 18 32
1 19 79
1 20 77
1 21 13
1 22 100
1 23 12
1 24 21
1 25 54
1 26 84
1 27 43
1 28 37
1 29 19
1 30 65
1 31 60
1 32 77
1 33 100
1 34 79
1 35 93
1 36 5
1 37 74
1 38 27
1 39 19
1 40 3
1 41 15
1 42 1
1 43 41
1 44 65
1 45 65
1 46 55
1 47 7
1 48 10
1 49 52
1 50 26
1 51 50
1 52 44
1 53 21
1 54 85
1 55 22
1 56 71
1 57 5
1 58 87
1 59 59
1 60 13
1 61 66
2 3 40
2 4 21
2 5 54
2 6 72
2 7 60
2 8 10
2 9 57
2 10 79
2 11 27
2 12 14
2 13 46
2 14 31
2 15 22
2 16 92
2 17 70
2 18 68
2 19 79
2 20 9
2 21 23
2 22 46
2 23 29
2 24 45
2 25 38
2 26 25
2 27 16
2 28 6
2 29 50
2 30 42
2 31 90
2 32 79
2 33 40
2 34 70
2 35 30
2 36 7
2 37 55
2 38 37
2 39 82
2 40 49
2 41 12
2 42 16
2 43 77
2 44 67
2 45 41
2 46 81
2 47 26
2 48 57
2 49 94
2 50 85
2 51 52
2 52 87
2 53 35
2 54 59
2 55 61
2 56 22
2 57 94
2 58 62
2 59 97
2 60 58
2 61 38
3 4 53
3 5 36
3 6 52
3 7 22
3 8 27
3 9 85
3 10 96
3 11 24
3 12 57
3 13 86
3 14 92
3 15 18
3 16 37
3 17 9
3 18 30
3 19 11
3 20 16
3 21 31
3 22 5
3 23 99
3 24 47
3 25 28
3 26 10
3 27 11
3 28 65
3 29 24
3 30 27
3 31 18
3 32 72
3 33 31
3 34 24
3 35 72
3 36 41
3 37 47
3 38 8
3 39 95
3 40 14
3 41 89
3 42 76
3 43 52
3 44 10
3 45 49
3 46 62
3 47 60
3 48 66
3 49 54
3 50 18
3 51 96
3 52 12
3 53 63
3 54 54
3 55 81
3 56 99
3 57 43
3 58 56
3 59 47
3 60 28
3 61 50
4 5 33
4 6 98
4 7 88
4 8 6
4 9 26
4 10 71
4 11 21
4 12 4
4 13 64
4 14 51
4 15 16
4 16 80
4 17 12
4 18 39
4 19 71
4 20 37
4 21 41
4 22 78
4 23 5
4 24 9
4 25 49
4 26 78
4 27 96
4 28 90
4 29 59
4 30 76
4 31 42
4 32 24
4 33 56
4 34 21
4 35 60
4 36 27
4 37 44
4 38 22
4 39 78
4 40 78
4 41 15
4 42 26
4 43 2
4 44 67
4 45 89
4 46 37
4 47 86
4 48 61
4 49 59
4 50 19
4 51 19
4 52 42
4 53 48
4 54 27
4 55 54
4 56 90
4 57 80
4 58 26
4 59 18
4 60 8
4 61 26
5 6 23
5 7 26
5 8 48
5 9 51
5 10 29
5 11 72
5 12 83
5 13 48
5 14 45
5 15 37
5 16 3
5 17 39
5 18 85
5 19 18
5 20 84
5 21 14
5 22 15
5 23 2
5 24 70
5 25 16
5 26 6
5 27 53
5 28 26
5 29 84
5 30 25
5 31 22
5 32 79
5 33 57
5 34 53
5 35 90
5 36 58
5 37 26
5 38 70
5 39 76
5 40 95
5 41 53
5 42 56
5 43 14
5 44 67
5 45 36
5 46 69
5 47 79
5 48 57
5 49 59
5 50 88
5 51 67
5 52 96
5 53 12
5 54 95
5 55 73
5 56 76
5 57 59
5 58 23
5 59 46
5 60 34
5 61 26
6 7 22
6 8 52
6 9 75
6 10 33
6 11 85
6 12 16
6 13 12
6 14 95
6 15 34
6 16 20
6 17 57
6 18 43
6 19 32
6 20 36
6 21 23
6 22 99
6 23 67
6 24 57
6 25 89
6 26 47
6 27 74
6 28 31
6 29 23
6 30 36
6 31 55
6 32 77
6 33 42
6 34 19
6 35 73
6 36 13
6 37 15
6 38 78
6 39 20
6 40 16
6 41 51
6 42 59
6 43 76
6 44 49
6 45 92
6 46 85
6 47 75
6 48 30
6 49 29
6 50 24
6 51 25
6 52 17
6 53 21
6 54 75
6 55 55
6 56 54
6 57 56
6 58 42
6 59 81
6 60 68
6 61 81
7 8 35
7 9 49
7 10 32
7 11 25
7 12 24
7 13 46
7 14 97
7 15 39
7 16 69
7 17 4
7 18 23
7 19 92
7 20 64
7 21 45
7 22 86
7 23 99
7 24 27
7 25 42
7 26 59
7 27 25
7 28 79
7 29 78
7 30 84
7 31 80
7 32 79
7 33 24
7 34 71
7 35 35
7 36 14
7 37 4
7 38 71
7 39 74
7 40 12
7 41 79
7 42 19
7 43 85
7 44 52
7 45 88
7 46 68
7 47 9
7 48 78
7 49 5
7 50 77
7 51 12
7 52 27
7 53 86
7 54 26
7 55 2
7 56 69
7 57 23
7 58 100
7 59 21
7 60 56
7 61 77
8 9 73
8 10 97
8 11 68
8 12 25
8 13 81
8 14 66
8 15 80
8 16 32
8 17 65
8 18 58
8 19 14
8 20 37
8 21 90
8 22 40
8 23 15
8 24 52
8 25 18
8 26 9
8 27 61
8 28 57
8 29 68
8 30 52
8 31 86
8 32 80
8 33 68
8 34 56
8 35 54
8 36 79
8 37 75
8 38 53
8 39 85
8 40 82
8 41 76
8 42 89
8 43 87
8 44 72
8 45 32
8 46 23
8 47 8
8 48 32
8 49 93
8 50 45
8 51 12
8 52 19
8 53 13
8 54 65
8 55 48
8 56 73
8 57 92
8 58 21
8 59 42
8 60 84
8 61 53
9 10 89
9 11 75
9 12 49
9 13 46
9 14 13
9 15 30
9 16 41
9 17 33
9 18 11
9 19 60
9 20 16
9 21 45
9 22 31
9 23 26
9 24 18
9 25 30
9 26 69
9 27 8
9 28 29
9 29 31
9 30 50
9 31 84
9 32 79
9 33 57
9 34 60
9 35 24
9 36 11
9 37 48
9 38 100
9 39 85
9 40 95
9 41 18
9 42 30
9 43 20
9 44 22
9 45 19
9 46 28
9 47 79
9 48 4
9 49 94
9 50 44
9 51 55
9 52 73
9 53 24
9 54 50
9 55 70
9 56 19
9 57 74
9 58 43
9 59 98
9 60 72
9 61 52
10 11 5
10 12 28
10 13 8
10 14 41
10 15 59
10 16 77
10 17 30
10 18 20
10 19 4
10 20 36
10 21 51
10 22 76
10 23 95
10 24 76
10 25 30
10 26 50
10 27 45
10 28 84
10 29 41
10 30 55
10 31 50
10 32 27
10 33 9
10 34 42
10 35 3
10 36 19
10 37 99
10 38 2
10 39 64
10 40 25
10 41 17
10 42 29
10 43 30
10 44 5
10 45 64
10 46 94
10 47 38
10 48 19
10 49 50
10 50 31
10 51 14
10 52 36
10 53 49
10 54 79
10 55 78
10 56 11
10 57 59
10 58 77
10 59 88
10 60 45
10 61 15
11 12 17
11 13 12
11 14 24
11 15 75
11 16 76
11 17 72
11 18 2
11 19 32
11 20 34
11 21 21
11 22 68
11 23 84
11 24 71
11 25 83
11 26 76
11 27 87
11 28 64
11 29 18
11 30 74
11 31 79
11 32 59
11 33 11
11 34 48
11 35 51
11 36 76
11 37 81
11 38 1
11 39 46
11 40 45
11 41 79
11 42 45
11 43 35
11 44 10
11 45 48
11 46 60
11 47 76
11 48 69
11 49 13
11 50 3
11 51 9
11 52 65
11 53 63
11 54 28
11 55 27
11 56 75
11 57 40
11 58 100
11 59 54
11 60 93
11 61 31
12 13 94
12 14 91
12 15 94
12 16 66
12 17 91
12 18 38
12 19 89
12 20 82
12 21 71
12 22 15
12 23 77
12 24 76
12 25 53
12 26 88
12 27 46
12 28 61
12 29 34
12 30 69
12 31 26
12 32 25
12 33 14
12 34 36
12 35 81
12 36 84
12 37 6
12 38 69
12 39 4
12 40 17
12 41 58
12 42 28
12 43 11
12 44 44
12 45 23
12 46 85
12 47 84
12 48 20
12 49 37
12 50 60
12 51 85
12 52 9
12 53 57
12 54 36
12 55 81
12 56 68
12 57 18
12 58 49
12 59 47
12 60 5
12 61 73
13 14 21
13 15 69
13 16 17
13 17 88
13 18 46
13 19 29
13 20 84
13 21 66
13 22 97
13 23 5
13 24 86
13 25 67
13 26 42
13 27 99
13 28 27
13 29 52
13 30 66
13 31 46
13 32 4
13 33 5
13 34 12
13 35 12
13 36 70
13 37 9
13 38 93
13 39 37
13 40 8
13 41 65
13 42 11
13 43 12
13 44 82
13 45 54
13 46 24
13 47 62
13 48 6
13 49 36
13 50 13
13 51 5
13 52 97
13 53 35
13 54 68
13 55 94
13 56 45
13 57 59
13 58 72
13 59 83
13 60 89
13 61 67
14 15 33
14 16 69
14 17 93
14 18 99
14 19 19
14 20 11
14 21 13
14 22 85
14 23 64
14 24 34
14 25 50
14 26 50
14 27 2
14 28 20
14 29 69
14 30 12
14 31 40
14 32 3
14 33 23
14 34 51
14 35 75
14 36 42
14 37 13
14 38 12
14 39 12
14 40 95
14 41 60
14 42 24
14 43 42
14 44 91
14 45 21
14 46 89
14 47 99
14 48 11
14 49 87
14 50 89
14 51 91
14 52 35
14 53 62
14 54 18
14 55 24
14 56 2
14 57 56
14 58 63
14 59 67
14 60 92
14 61 20
15 16 64
15 17 39
15 18 11
15 19 89
15 20 10
15 21 71
15 22 3
15 23 10
15 24 36
15 25 91
15 26 66
15 27 97
15 28 53
15 29 76
15 30 59
15 31 92
15 32 20
15 33 27
15 34 55
15 35 74
15 36 20
15 37 70
15 38 20
15 39 9
15 40 39
15 41 52
15 42 95
15 43 94
15 44 77
15 45 87
15 46 62
15 47 27
15 48 93
15 49 50
15 50 68
15 51 31
15 52 28
15 53 73
15 54 6
15 55 90
15 56 34
15 57 53
15 58 25
15 59 3
15 60 69
15 61 43
16 17 17
16 18 4
16 19 45
16 20 13
16 21 28
16 22 26
16 23 54
16 24 10
16 25 91
16 26 28
16 27 57
16 28 75
16 29 37
16 30 18
16 31 41
16 32 96
16 33 11
16 34 71
16 35 26
16 36 13
16 37 86
16 38 75
16 39 55
16 40 12
16 41 68
16 42 67
16 43 65
16 44 100
16 45 82
16 46 89
16 47 51
16 48 87
16 49 30
16 50 8
16 51 10
16 52 9
16 53 59
16 54 72
16 55 61
16 56 75
16 57 64
16 58 63
16 59 91
16 60 23
16 61 2
17 18 75
17 19 83
17 20 49
17 21 89
17 22 3
17 23 31
17 24 45
17 25 68
17 26 44
17 27 29
17 28 31
17 29 41
17 30 63
17 31 6
17 32 87
17 33 72
17 34 38
17 35 40
17 36 56
17 37 26
17 38 14
17 39 36
17 40 30
17 41 43
17 42 42
17 43 92
17 44 36
17 45 18
17 46 94
17 47 11
17 48 67
17 49 58
17 50 100
17 51 71
17 52 60
17 53 94
17 54 51
17 55 66
17 56 29
17 57 83
17 58 13
17 59 54
17 60 94
17 61 85
18 19 54
18 20 61
18 21 74
18 22 37
18 23 42
18 24 34
18 25 55
18 26 46
18 27 22
18 28 43
18 29 82
18 30 16
18 31 83
18 32 1
18 33 45
18 34 25
18 35 72
18 36 69
18 37 68
18 38 57
18 39 29
18 40 95
18 41 94
18 42 38
18 43 50
18 44 70
18 45 30
18 46 85
18 47 35
18 48 73
18 49 18
18 50 76
18 51 46
18 52 38
18 53 31
18 54 91
18 55 21
18 56 35
18 57 67
18 58 58
18 59 21
18 60 68
18 61 86
19 20 35
19 21 14
19 22 7
19 23 91
19 24 91
19 25 48
19 26 5
19 27 63
19 28 17
19 29 46
19 30 11
19 31 100
19 32 55
19 33 73
19 34 6
19 35 94
19 36 82
19 37 98
19 38 91
19 39 74
19 40 14
19 41 93
19 42 17
19 43 17
19 44 17
19 45 59
19 46 40
19 47 7
19 48 76
19 49 15
19 50 53
19 51 53
19 52 72
19 53 45
19 54 36
19 55 5
19 56 46
19 57 59
19 58 11
19 59 57
19 60 51
19 61 81
20 21 47
20 22 22
20 23 68
20 24 70
20 25 55
20 26 67
20 27 24
20 28 7
20 29 89
20 30 42
20 31 69
20 32 25
20 33 74
20 34 74
20 35 83
20 36 45
20 37 65
20 38 42
20 39 72
20 40 10
20 41 10
20 42 19
20 43 8
20 44 45
20 45 61
20 46 35
20 47 10
20 48 97
20 49 87
20 50 68
20 51 93
20 52 89
20 53 24
20 54 31
20 55 13
20 56 2
20 57 64
20 58 48
20 59 83
20 60 71
20 61 99
21 22 70
21 23 58
21 24 47
21 25 67
21 26 13
21 27 66
21 28 58
21 29 9
21 30 37
21 31 25
21 32 24
21 33 64
21 34 88
21 35 34
21 36 93
21 37 87
21 38 26
21 39 16
21 40 65
21 41 24
21 42 36
21 43 47
21 44 60
21 45 56
21 46 31
21 47 57
21 48 78
21 49 53
21 50 12
21 51 20
21 52 38
21 53 48
21 54 45
21 55 4
21 56 75
21 57 86
21 58 93
21 59 75
21 60 2
21 61 16
22 23 9
22 24 34
22 25 2
22 26 47
22 27 15
22 28 59
22 29 78
22 30 18
22 31 88
22 32 61
22 33 42
22 34 12
22 35 29
22 36 21
22 37 89
22 38 28
22 39 50
22 40 8
22 41 39
22 42 57
22 43 15
22 44 31
22 45 49
22 46 80
22 47 99
22 48 61
22 49 96
22 50 87
22 51 14
22 52 2
22 53 82
22 54 60
22 55 48
22 56 1
22 57 45
22 58 97
22 59 9
22 60 92
22 61 71
23 24 62
23 25 52
23 26 2
23 27 69
23 28 91
23 29 70
23 30 54
23 31 100
23 32 87
23 33 35
23 34 66
23 35 94
23 36 20
23 37 21
23 38 98
23 39 1
23 40 20
23 41 18
23 42 36
23 43 20
23 44 86
23 45 92
23 46 17
23 47 72
23 48 23
23 49 48
23 50 39
23 51 25
23 52 52
23 53 33
23 54 88
23 55 24
23 56 40
23 57 2
23 58 65
23 59 52
23 60 100
23 61 91
24 25 84
24 26 44
24 27 48
24 28 41
24 29 68
24 30 32
24 31 14
24 32 75
24 33 5
24 34 91
24 35 93
24 36 92
24 37 18
24 38 1
24 39 92
24 40 77
24 41 32
24 42 86
24 43 43
24 44 95
24 45 99
24 46 85
24 47 33
24 48 13
24 49 61
24 50 23
24 51 92
24 52 26
24 53 67
24 54 75
24 55 90
24 56 14
24 57 43
24 58 16
24 59 36
24 60 47
24 61 49
25 26 43
25 27 90
25 28 99
25 29 74
25 30 38
25 31 80
25 32 65
25 33 74
25 34 36
25 35 68
25 36 17
25 37 94
25 38 88
25 39 8
25 40 51
25 41 96
25 42 70
25 43 65
25 44 76
25 45 77
25 46 43
25 47 42
25 48 68
25 49 78
25 50 83
25 51 95
25 52 25
25 53 98
25 54 41
25 55 39
25 56 30
25 57 14
25 58 60
25 59 91
25 60 22
25 61 18
26 27 94
26 28 66
26 29 67
26 30 28
26 31 11
26 32 92
26 33 92
26 34 22
26 35 91
26 36 88
26 37 75
26 38 92
26 39 93
26 40 2
26 41 14
26 42 5
26 43 23
26 44 96
26 45 95
26 46 8
26 47 81
26 48 37
26 49 74
26 50 75
26 51 38
26 52 28
26 53 2
26 54 86
26 55 6
26 56 88
26 57 25
26 58 69
26 59 94
26 60 6
26 61 97
27 28 9
27 29 23
27 30 93
27 31 10
27 32 58
27 33 100
27 34 20
27 35 81
27 36 13
27 37 9
27 38 97
27 39 42
27 40 36
27 41 18
27 42 40
27 43 37
27 44 24
27 45 35
27 46 18
27 47 68
27 48 83
27 49 77
27 50 80
27 51 67
27 52 8
27 53 84
27 54 67
27 55 15
27 56 39
27 57 18
27 58 28
27 59 54
27 60 34
27 61 20
28 29 1
28 30 47
28 31 95
28 32 89
28 33 79
28 34 89
28 35 58
28 36 92
28 37 77
28 38 36
28 39 71
28 40 90
28 41 15
28 42 92
28 43 26
28 44 81
28 45 42
28 46 3
28 47 30
28 48 64
28 49 41
28 50 2
28 51 55
28 52 58
28 53 95
28 54 9
28 55 100
28 56 93
28 57 83
28 58 34
28 59 6
28 60 83
28 61 37
29 30 61
29 31 91
29 32 33
29 33 54
29 34 92
29 35 38
29 36 80
29 37 28
29 38 96
29 39 49
29 40 28
29 41 3
29 42 53
29 43 63
29 44 29
29 45 28
29 46 49
29 47 90
29 48 85
29 49 36
29 50 20
29 51 45
29 52 63
29 53 19
29 54 4
29 55 83
29 56 74
29 57 33
29 58 59
29 59 39
29 60 53
29 61 67
30 31 61
30 32 36
30 33 58
30 34 18
30 35 42
30 36 42
30 37 89
30 38 16
30 39 14
30 40 74
30 41 69
30 42 93
30 43 57
30 44 82
30 45 4
30 46 13
30 47 90
30 48 13
30 49 25
30 50 36
30 51 39
30 52 9
30 53 22
30 54 68
30 55 8
30 56 37
30 57 20
30 58 11
30 59 16
30 60 48
30 61 66
31 32 29
31 33 13
31 34 24
31 35 7
31 36 25
31 37 83
31 38 51
31 39 59
31 40 13
31 41 24
31 42 34
31 43 47
31 44 24
31 45 3
31 46 27
31 47 91
31 48 92
31 49 41
31 50 43
31 51 34
31 52 11
31 53 59
31 54 67
31 55 33
31 56 56
31 57 88
31 58 90
31 59 76
31 60 41
31 61 28
32 33 14
32 34 94
32 35 70
32 36 88
32 37 7
32 38 25
32 39 60
32 40 9
32 41 22
32 42 14
32 43 10
32 44 28
32 45 74
32 46 13
32 47 96
32 48 31
32 49 38
32 50 6
32 51 79
32 52 94
32 53 44
32 54 84
32 55 80
32 56 36
32 57 1
32 58 90
32 59 80
32 60 59
32 61 64
33 34 99
33 35 72
33 36 66
33 37 69
33 38 64
33 39 69
33 40 52
33 41 4
33 42 3
33 43 51
33 44 90
33 45 24
33 46 71
33 47 72
33 48 65
33 49 64
33 50 100
33 51 80
33 52 19
33 53 43
33 54 59
33 55 95
33 56 90
33 57 26
33 58 93
33 59 88
33 60 36
33 61 28
34 35 75
34 36 46
34 37 70
34 38 1
34 39 53
34 40 95
34 41 29
34 42 36
34 43 53
34 44 86
34 45 46
34 46 61
34 47 14
34 48 85
34 49 38
34 50 16
34 51 15
34 52 80
34 53 5
34 54 45
34 55 46
34 56 72
34 57 60
34 58 57
34 59 28
34 60 51
34 61 7
35 36 16
35 37 68
35 38 25
35 39 60
35 40 33
35 41 86
35 42 44
35 43 57
35 44 49
35 45 2
35 46 38
35 47 10
35 48 22
35 49 88
35 50 50
35 51 51
35 52 81
35 53 93
35 54 68
35 55 74
35 56 92
35 57 32
35 58 28
35 59 90
35 60 93
35 61 48
36 37 62
36 38 68
36 39 3
36 40 21
36 41 12
36 42 26
36 43 99
36 44 19
36 45 54
36 46 36
36 47 56
36 48 80
36 49 89
36 50 85
36 51 10
36 52 27
36 53 61
36 54 70
36 55 63
36 56 33
36 57 57
36 58 52
36 59 70
36 60 26
36 61 97
37 38 63
37 39 85
37 40 77
37 41 6
37 42 65
37 43 30
37 44 57
37 45 38
37 46 77
37 47 99
37 48 57
37 49 59
37 50 47
37 51 46
37 52 29
37 53 87
37 54 40
37 55 73
37 56 34
37 57 31
37 58 34
37 59 73
37 60 34
37 61 71
38 39 65
38 40 61
38 41 11
38 42 16
38 43 56
38 44 30
38 45 52
38 46 25
38 47 81
38 48 59
38 49 38
38 50 5
38 51 93
38 52 36
38 53 6
38 54 4
38 55 46
38 56 34
38 57 8
38 58 12
38 59 68
38 60 55
38 61 14
39 40 77
39 41 58
39 42 9
39 43 74
39 44 99
39 45 4
39 46 14
39 47 45
39 48 86
39 49 22
39 50 35
39 51 47
39 52 11
39 53 24
39 54 41
39 55 17
39 56 85
39 57 82
39 58 63
39 59 30
39 60 47
39 61 49
40 41 19
40 42 10
40 43 37
40 44 40
40 45 62
40 46 42
40 47 16
40 48 22
40 49 53
40 50 60
40 51 45
40 52 63
40 53 83
40 54 82
40 55 38
40 56 6
40 57 92
40 58 50
40 59 86
40 60 22
40 61 96
41 42 80
41 43 49
41 44 7
41 45 78
41 46 94
41 47 24
41 48 86
41 49 20
41 50 53
41 51 18
41 52 94
41 53 88
41 54 89
41 55 35
41 56 26
41 57 44
41 58 94
41 59 50
41 60 38
41 61 81
42 43 16
42 44 81
42 45 89
42 46 2
42 47 94
42 48 1
42 49 56
42 50 15
42 51 94
42 52 96
42 53 67
42 54 91
42 55 36
42 56 45
42 57 74
42 58 11
42 59 22
42 60 80
42 61 72
43 44 82
43 45 11
43 46 79
43 47 86
43 48 4
43 49 49
43 50 34
43 51 4
43 52 60
43 53 6
43 54 35
43 55 50
43 56 24
43 57 67
43 58 69
43 59 38
43 60 64
43 61 39
44 45 76
44 46 59
44 47 64
44 48 69
44 49 4
44 50 96
44 51 80
44 52 70
44 53 71
44 54 7
44 55 14
44 56 19
44 57 5
44 58 80
44 59 37
44 60 31
44 61 16
45 46 2
45 47 77
45 48 99
45 49 98
45 50 24
45 51 43
45 52 33
45 53 99
45 54 41
45 55 44
45 56 22
45 57 29
45 58 91
45 59 49
45 60 86
45 61 28
46 47 17
46 48 100
46 49 60
46 50 82
46 51 97
46 52 5
46 53 98
46 54 59
46 55 60
46 56 57
46 57 74
46 58 82
46 59 15
46 60 24
46 61 100
47 48 63
47 49 4
47 50 53
47 51 67
47 52 23
47 53 4
47 54 25
47 55 90
47 56 78
47 57 32
47 58 34
47 59 47
47 60 19
47 61 31
48 49 61
48 50 90
48 51 84
48 52 28
48 53 70
48 54 23
48 55 2
48 56 2
48 57 74
48 58 47
48 59 34
48 60 78
48 61 39
49 50 3
49 51 69
49 52 39
49 53 55
49 54 9
49 55 77
49 56 12
49 57 58
49 58 90
49 59 43
49 60 46
49 61 76
50 51 86
50 52 18
50 53 77
50 54 98
50 55 34
50 56 45
50 57 43
50 58 18
50 59 81
50 60 59
50 61 86
51 52 7
51 53 88
51 54 17
51 55 67
51 56 20
51 57 23
51 58 62
51 59 26
51 60 7
51 61 64
52 53 17
52 54 20
52 55 75
52 56 74
52 57 32
52 58 75
52 59 38
52 60 53
52 61 84
53 54 24
53 55 54
53 56 12
53 57 13
53 58 53
53 59 86
53 60 67
53 61 22
54 55 71
54 56 89
54 57 13
54 58 77
54 59 88
54 60 54
54 61 96
55 56 90
55 57 15
55 58 24
55 59 40
55 60 94
55 61 83
56 57 81
56 58 38
56 59 100
56 60 29
56 61 42
57 58 54
57 59 61
57 60 15
57 61 60
58 59 88
58 60 81
58 61 90
59 60 33
59 61 25
60 61 21
