48 1128 47
1 2 73
1 3 5
1 4 98
1 5 29
1 6 51
1 7 61
1 8 51
1 9 86
1 10 71
1 11 74
1 12 91
1 13 34
1 14 30
1 15 26
1 16 96
1 17 56
1 18 97
1 19 36
1 20 89
1 21 15
1 22 34
1 23 89
1 24 86
1 25 52
1 26 47
1 27 11
1 28 2
1 29 36
1 30 16
1 31 28
1 32 17
1 33 94
1 34 95
1 35 83
1 36 80
1 37 60
1 38 58
1 39 44
1 40 37
1 41 94
1 42 69
1 43 2
1 44 9
1 45 10
1 46 19
1 47 82
1 48 91
2 3 43
2 4 20
2 5 96
2 6 43
2 7 16
2 8 67
2 9 90
2 10 18
2 11 29
2 12 52
2 13 78
2 14 38
2 15 90
2 16 72
2 17 37
2 18 2
2 19 64
2 20 75
2 21 81
2 22 100
2 23 21
2 24 49
2 25 25
2 26 46
2 27 65
2 28 31
2 29 47
2 30 42
2 31 23
2 32 46
2 33 51
2 34 15
2 35 82
2 36 23
2 37 36
2 38 32
2 39 3
2 40 55
2 41 35
2 42 10
2 43 65
2 44 63
2 45 89
2 46 78
2 47 84
2 48 91
3 4 13
3 5 5
3 6 78
3 7 25
3 8 11
3 9 54
3 10 45
3 11 41
3 12 72
3 13 95
3 14 19
3 15 49
3 16 90
3 17 29
3 18 13
3 19 24
3 20 75
3 21 18
3 22 91
3 23 36
3 24 13
3 25 57
3 26 55
3 27 12
3 28 65
3 29 55
3 30 2
3 31 22
3 32 23
3 33 40
3 34 14
3 35 76
3 36 69
3 37 53
3 38 18
3 39 43
3 40 94
3 41 6
3 42 33
3 43 16
3 44 57
3 45 56
3 46 19
3 47 1
3 48 88
4 5 35
4 6 80
4 7 98
4 8 57
4 9 49
4 10 38
4 11 94
4 12 48
4 13 83
4 14 25
4 15 11
4 16 25
4 17 16
4 18 64
4 19 69
4 20 19
4 21 6
4 22 43
4 23 69
4 24 91
4 25 20
4 26 28
4 27 55
4 28 75
4 29 28
4 30 44
4 31 50
4 32 96
4 33 49
4 34 31
4 35 46
4 36 93
4 37 96
4 38 52
4 39 6
4 40 72
4 41 23
4 42 55
4 43 99
4 44 77
4 45 2
4 46 23
4 47 92
4 48 83
5 6 12
5 7 100
5 8 99
5 9 43
5 10 12
5 11 68
5 12 68
5 13 70
5 14 43
5 15 68
5 16 34
5 17 83
5 18 54
5 19 35
5 20 38
5 21 25
5 22 33
5 23 89
5 24 15
5 25 10
5 26 61
5 27 26
5 28 90
5 29 48
5 30 51
5 31 92
5 32 41
5 33 69
5 34 26
5 35 62
5 36 8
5 37 55
5 38 5
5 39 77
5 40 73
5 41 88
5 42 99
5 43 10
5 44 41
5 45 28
5 46 5
5 47 28
5 48 43
6 7 37
6 8 80
6 9 35
6 10 75
6 11 1
6 12 90
6 13 37
6 14 11
6 15 59
6 16 63
6 17 85
6 18 56
6 19 85
6 20 52
6 21 43
6 22 59
6 23 8
6 24 29
6 25 39
6 26 31
6 27 78
6 28 33
6 29 38
6 30 55
6 31 84
6 32 28
6 33 31
6 34 5
6 35 84
6 36 90
6 37 53
6 38 78
6 39 31
6 40 72
6 41 76
6 42 98
6 43 88
6 44 72
6 45 15
6 46 4
6 47 40
6 48 73
7 8 20
7 9 100
7 10 41
7 11 21
7 12 10
7 13 100
7 14 86
7 15 75
7 16 95
7 17 51
7 18 8
7 19 90
7 20 63
7 21 7
7 22 30
7 23 79
7 24 90
7 25 54
7 26 99
7 27 68
7 28 21
7 29 80
7 30 71
7 31 15
7 32 4
7 33 99
7 34 62
7 35 15
7 36 9
7 37 81
7 38 38
7 39 3
7 40 30
7 41 24
7 42 6
7 43 47
7 44 98
7 45 20
7 46 13
7 47 41
7 48 98
8 9 92
8 10 82
8 11 44
8 12 24
8 13 20
8 14 25
8 15 32
8 16 22
8 17 60
8 18 74
8 19 31
8 20 32
8 21 59
8 22 57
8 23 98
8 24 81
8 25 55
8 26 52
8 27 4
8 28 14
8 29 82
8 30 9
8 31 29
8 32 94
8 33 97
8 34 49
8 35 50
8 36 17
8 37 86
8 38 88
8 39 51
8 40 1
8 41 96
8 42 70
8 43 13
8 44 74
8 45 4
8 46 26
8 47 7
8 48 84
9 10 21
9 11 18
9 12 7
9 13 41
9 14 33
9 15 70
9 16 71
9 17 85
9 18 51
9 19 53
9 20 63
9 21 64
9 22 26
9 23 69
9 24 45
9 25 62
9 26 30
9 27 47
9 28 60
9 29 7
9 30 45
9 31 58
9 32 78
9 33 44
9 34 43
9 35 56
9 36 92
9 37 81
9 38 82
9 39 68
9 40 67
9 41 57
9 42 95
9 43 50
9 44 38
9 45 89
9 46 56
9 47 53
9 48 78
10 11 4
10 12 9
10 13 38
10 14 63
10 15 88
10 16 41
10 17 55
10 18 3
10 19 36
10 20 24
10 21 38
10 22 49
10 23 75
10 24 87
10 25 10
10 26 8
10 27 16
10 28 2
10 29 58
10 30 83
10 31 41
10 32 87
10 33 1
10 34 22
10 35 66
10 36 8
10 37 56
10 38 46
10 39 27
10 40 50
10 41 87
10 42 4
10 43 63
10 44 18
10 45 2
10 46 60
10 47 15
10 48 7
11 12 90
11 13 48
11 14 34
11 15 37
11 16 79
11 17 23
11 18 79
11 19 46
11 20 49
11 21 4
11 22 11
11 23 92
11 24 76
11 25 92
11 26 7
11 27 4
11 28 78
11 29 79
11 30 72
11 31 51
11 32 36
11 33 54
11 34 6
11 35 33
11 36 52
11 37 8
11 38 69
11 39 60
11 40 91
11 41 1
11 42 38
11 43 85
11 44 76
11 45 42
11 46 85
11 47 33
11 48 34
12 13 37
12 14 94
12 15 3
12 16 24
12 17 38
12 18 46
12 19 25
12 20 24
12 21 21
12 22 50
12 23 1
12 24 43
12 25 59
12 26 71
12 27 42
12 28 57
12 29 23
12 30 19
12 31 30
12 32 66
12 33 16
12 34 34
12 35 84
12 36 62
12 37 91
12 38 6
12 39 57
12 40 25
12 41 61
12 42 80
12 43 61
12 44 91
12 45 20
12 46 41
12 47 59
12 48 45
13 14 64
13 15 79
13 16 82
13 17 36
13 18 5
13 19 85
13 20 6
13 21 71
13 22 54
13 23 68
13 24 34
13 25 14
13 26 2
13 27 99
13 28 47
13 29 92
13 30 64
13 31 84
13 32 7
13 33 93
13 34 5
13 35 84
13 36 73
13 37 44
13 38 22
13 39 56
13 40 39
13 41 21
13 42 36
13 43 94
13 44 11
13 45 15
13 46 74
13 47 88
13 48 53
14 15 20
14 16 12
14 17 98
14 18 38
14 19 93
14 20 46
14 21 68
14 22 27
14 23 70
14 24 71
14 25 64
14 26 80
14 27 85
14 28 27
14 29 7
14 30 97
14 31 74
14 32 93
14 33 88
14 34 7
14 35 48
14 36 76
14 37 15
14 38 85
14 39 8
14 40 92
14 41 90
14 42 64
14 43 94
14 44 74
14 45 11
14 46 27
14 47 26
14 48 46
15 16 15
15 17 65
15 18 90
15 19 70
15 20 92
15 21 56
15 22 43
15 23 60
15 24 12
15 25 45
15 26 91
15 27 24
15 28 39
15 29 11
15 30 72
15 31 61
15 32 32
15 33 99
15 34 62
15 35 60
15 36 44
15 37 42
15 38 14
15 39 76
15 40 81
15 41 5
15 42 87
15 43 65
15 44 13
15 45 63
15 46 96
15 47 49
15 48 90
16 17 95
16 18 67
16 19 65
16 20 4
16 21 74
16 22 91
16 23 46
16 24 1
16 25 11
16 26 53
16 27 97
16 28 86
16 29 32
16 30 83
16 31 58
16 32 66
16 33 57
16 34 40
16 35 42
16 36 59
16 37 14
16 38 47
16 39 30
16 40 98
16 41 32
16 42 36
16 43 68
16 44 10
16 45 62
16 46 76
16 47 61
16 48 44
17 18 90
17 19 51
17 20 63
17 21 60
17 22 16
17 23 24
17 24 37
17 25 43
17 26 40
17 27 31
17 28 100
17 29 72
17 30 76
17 31 31
17 32 54
17 33 93
17 34 1
17 35 84
17 36 46
17 37 10
17 38 33
17 39 99
17 40 66
17 41 61
17 42 8
17 43 85
17 44 100
17 45 55
17 46 1
17 47 37
17 48 74
18 19 90
18 20 13
18 21 50
18 22 50
18 23 97
18 24 5
18 25 1
18 26 3
18 27 19
18 28 72
18 29 75
18 30 80
18 31 79
18 32 38
18 33 5
18 34 27
18 35 42
18 36 86
18 37 4
18 38 95
18 39 83
18 40 59
18 41 52
18 42 62
18 43 24
18 44 68
18 45 80
18 46 63
18 47 74
18 48 3
19 20 4
19 21 89
19 22 61
19 23 9
19 24 39
19 25 39
19 26 38
19 27 58
19 28 68
19 29 83
19 30 5
19 31 23
19 32 15
19 33 24
19 34 92
19 35 98
19 36 73
19 37 1
19 38 38
19 39 68
19 40 12
19 41 33
19 42 4
19 43 80
19 44 90
19 45 77
19 46 13
19 47 46
19 48 1
20 21 73
20 22 61
20 23 18
20 24 64
20 25 94
20 26 50
20 27 68
20 28 64
20 29 27
20 30 41
20 31 49
20 32 40
20 33 75
20 34 44
20 35 53
20 36 42
20 37 30
20 38 15
20 39 22
20 40 81
20 41 75
20 42 56
20 43 76
20 44 85
20 45 71
20 46 58
20 47 50
20 48 96
21 22 60
21 23 36
21 24 96
21 25 53
21 26 56
21 27 9
21 28 88
21 29 20
21 30 28
21 31 56
21 32 86
21 33 78
21 34 28
21 35 77
21 36 46
21 37 32
21 38 2
21 39 30
21 40 35
21 41 2
21 42 3
21 43 2
21 44 47
21 45 2
21 46 21
21 47 80
21 48 22
22 23 35
22 24 42
22 25 46
22 26 4
22 27 96
22 28 65
22 29 1
22 30 22
22 31 80
22 32 11
22 33 26
22 34 41
22 35 36
22 36 39
22 37 58
22 38 36
22 39 50
22 40 1
22 41 76
22 42 8
22 43 14
22 44 21
22 45 51
22 46 69
22 47 62
22 48 49
23 24 93
23 25 7
23 26 37
23 27 96
23 28 95
23 29 85
23 30 47
23 31 14
23 32 38
23 33 90
23 34 34
23 35 39
23 36 6
23 37 30
23 38 37
23 39 2
23 40 86
23 41 70
23 42 83
23 43 15
23 44 48
23 45 29
23 46 82
23 47 55
23 48 79
24 25 72
24 26 81
24 27 34
24 28 8
24 29 72
24 30 36
24 31 63
24 32 55
24 33 54
24 34 42
24 35 51
24 36 13
24 37 16
24 38 90
24 39 90
24 40 87
24 41 3
24 42 76
24 43 43
24 44 39
24 45 99
24 46 44
24 47 98
24 48 38
25 26 91
25 27 33
25 28 28
25 29 57
25 30 47
25 31 87
25 32 57
25 33 74
25 34 79
25 35 48
25 36 38
25 37 44
25 38 92
25 39 35
25 40 40
25 41 66
25 42 7
25 43 69
25 44 95
25 45 96
25 46 42
25 47 87
25 48 8
26 27 71
26 28 93
26 29 67
26 30 31
26 31 35
26 32 9
26 33 4
26 34 54
26 35 79
26 36 53
26 37 65
26 38 11
26 39 25
26 40 81
26 41 33
26 42 54
26 43 44
26 44 23
26 45 67
26 46 4
26 47 27
26 48 48
27 28 11
27 29 97
27 30 95
27 31 71
27 32 35
27 33 10
27 34 38
27 35 33
27 36 34
27 37 42
27 38 8
27 39 86
27 40 89
27 41 60
27 42 25
27 43 51
27 44 96
27 45 56
27 46 71
27 47 20
27 48 85
28 29 28
28 30 4
28 31 6
28 32 79
28 33 26
28 34 14
28 35 40
28 36 9
28 37 15
28 38 50
28 39 16
28 40 43
28 41 97
28 42 58
28 43 87
28 44 57
28 45 97
28 46 54
28 47 46
28 48 53
29 30 58
29 31 60
29 32 57
29 33 53
29 34 70
29 35 79
29 36 87
29 37 12
29 38 12
29 39 69
29 40 45
29 41 16
29 42 79
29 43 74
29 44 94
29 45 18
29 46 18
29 47 23
29 48 64
30 31 67
30 32 69
30 33 41
30 34 65
30 35 91
30 36 84
30 37 29
30 38 67
30 39 7
30 40 95
30 41 62
30 42 92
30 43 62
30 44 26
30 45 96
30 46 35
30 47 39
30 48 65
31 32 83
31 33 89
31 34 88
31 35 27
31 36 2
31 37 38
31 38 54
31 39 80
31 40 48
31 41 52
31 42 2
31 43 49
31 44 32
31 45 34
31 46 67
31 47 47
31 48 3
32 33 11
32 34 74
32 35 63
32 36 22
32 37 23
32 38 70
32 39 42
32 40 17
32 41 34
32 42 60
32 43 48
32 44 19
32 45 99
32 46 94
32 47 63
32 48 49
33 34 97
33 35 7
33 36 45
33 37 17
33 38 42
33 39 84
33 40 92
33 41 55
33 42 75
33 43 96
33 44 91
33 45 48
33 46 91
33 47 63
33 48 42
34 35 66
34 36 65
34 37 93
34 38 13
34 39 48
34 40 17
34 41 3
34 42 32
34 43 51
34 44 2
34 45 88
34 46 56
34 47 1
34 48 10
35 36 64
35 37 74
35 38 14
35 39 11
35 40 79
35 41 74
35 42 49
35 43 78
35 44 24
35 45 72
35 46 90
35 47 82
35 48 31
36 37 57
36 38 76
36 39 84
36 40 97
36 41 77
36 42 51
36 43 9
36 44 96
36 45 85
36 46 83
36 47 80
36 48 26
37 38 51
37 39 62
37 40 43
37 41 17
37 42 19
37 43 57
37 44 62
37 45 17
37 46 96
37 47 55
37 48 78
38 39 78
38 40 41
38 41 63
38 42 7
38 43 4
38 44 92
38 45 10
38 46 84
38 47 94
38 48 5
39 40 84
39 41 8
39 42 18
39 43 20
39 44 5
39 45 31
39 46 70
39 47 69
39 48 98
40 41 23
40 42 79
40 43 98
40 44 54
40 45 44
40 46 12
40 47 44
40 48 72
41 42 49
41 43 75
41 44 53
41 45 66
41 46 28
41 47 18
41 48 71
42 43 15
42 44 75
42 45 15
42 46 49
42 47 93
42 48 64
43 44 48
43 45 59
43 46 47
43 47 67
43 48 37
44 45 53
44 46 81
44 47 17
44 48 51
45 46 21
45 47 76
45 48 13
46 47 76
46 48 98
47 48 79
