42 861 41
1 2 75
1 3 72
1 4 74
1 5 14
1 6 67
1 7 48
1 8 89
1 9 79
1 10 99
1 11 16
1 12 27
1 13 26
1 14 5
1 15 78
1 16 76
1 17 29
1 18 77
1 19 99
1 20 77
1 21 33
1 22 64
1 23 87
1 24 43
1 25 81
1 26 89
1 27 10
1 28 85
1 29 52
1 30 54
1 31 52
1 32 84
1 33 73
1 34 63
1 35 33
1 36 25
1 37 51
1 38 77
1 39 52
1 40 95
1 41 1
1 42 30
2 3 67
2 4 73
2 5 99
2 6 4
2 7 51
2 8 23
2 9 31
2 10 3
2 11 70
2 12 52
2 13 69
2 14 72
2 15 42
2 16 17
2 17 84
2 18 12
2 19 21
2 20 78
2 21 6
2 22 17
2 23 91
2 24 61
2 25 100
2 26 89
2 27 28
2 28 67
2 29 40
2 30 3
2 31 51
2 32 35
2 33 3
2 34 17
2 35 38
2 36 21
2 37 73
2 38 3
2 39 81
2 40 58
2 41 58
2 42 65
3 4 27
3 5 2
3 6 36
3 7 27
3 8 48
3 9 62
3 10 39
3 11 81
3 12 27
3 13 65
3 14 77
3 15 23
3 16 11
3 17 19
3 18 90
3 19 25
3 20 46
3 21 60
3 22 16
3 23 59
3 24 77
3 25 64
3 26 37
3 27 63
3 28 14
3 29 41
3 30 97
3 31 89
3 32 40
3 33 86
3 34 45
3 35 47
3 36 37
3 37 91
3 38 36
3 39 57
3 40 49
3 41 81
3 42 41
4 5 50
4 6 92
4 7 31
4 8 17
4 9 2
4 10 99
4 11 40
4 12 44
4 13 31
4 14 89
4 15 12
4 16 16
4 17 92
4 18 25
4 19 76
4 20 35
4 21 45
4 22 67
4 23 93
4 24 27
4 25 64
4 26 37
4 27 69
4 28 13
4 29 12
4 30 82
4 31 97
4 32 76
4 33 85
4 34 2
4 35 87
4 36 95
4 37 21
4 38 86
4 39 94
4 40 59
4 41 24
4 42 7
5 6 53
5 7 27
5 8 59
5 9 23
5 10 95
5 11 28
5 12 51
5 13 78
5 14 57
5 15 99
5 16 70
5 17 79
5 18 45
5 19 13
5 20 94
5 21 19
5 22 65
5 23 51
5 24 15
5 25 44
5 26 60
5 27 16
5 28 88
5 29 48
5 30 62
5 31 15
5 32 100
5 33 78
5 34 38
5 35 7
5 36 43
5 37 45
5 38 35
5 39 35
5 40 92
5 41 98
5 42 98
6 7 4
6 8 70
6 9 99
6 10 85
6 11 8
6 12 81
6 13 34
6 14 42
6 15 74
6 16 2
6 17 55
6 18 79
6 19 62
6 20 12
6 21 44
6 22 44
6 23 63
6 24 64
6 25 27
6 26 42
6 27 1
6 28 12
6 29 8
6 30 40
6 31 30
6 32 95
6 33 12
6 34 7
6 35 83
6 36 82
6 37 54
6 38 94
6 39 71
6 40 85
6 41 13
6 42 38
7 8 65
7 9 51
7 10 10
7 11 79
7 12 73
7 13 19
7 14 53
7 15 13
7 16 4
7 17 48
7 18 33
7 19 15
7 20 53
7 21 31
7 22 28
7 23 86
7 24 16
7 25 72
7 26 35
7 27 62
7 28 96
7 29 62
7 30 61
7 31 43
7 32 7
7 33 37
7 34 17
7 35 64
7 36 77
7 37 1
7 38 71
7 39 38
7 40 61
7 41 17
7 42 18
8 9 14
8 10 11
8 11 46
8 12 87
8 13 79
8 14 34
8 15 14
8 16 59
8 17 73
8 18 13
8 19 83
8 20 62
8 21 10
8 22 44
8 23 70
8 24 22
8 25 83
8 26 56
8 27 94
8 28 55
8 29 37
8 30 13
8 31 84
8 32 63
8 33 73
8 34 92
8 35 74
8 36 60
8 37 40
8 38 83
8 39 45
8 40 53
8 41 14
8 42 3
9 10 61
9 11 91
9 12 39
9 13 34
9 14 23
9 15 78
9 16 52
9 17 15
9 18 15
9 19 78
9 20 21
9 21 40
9 22 24
9 23 84
9 24 72
9 25 97
9 26 16
9 27 84
9 28 67
9 29 70
9 30 77
9 31 53
9 32 75
9 33 27
9 34 43
9 35 5
9 36 19
9 37 83
9 38 77
9 39 7
9 40 25
9 41 91
9 42 31
10 11 37
10 12 73
10 13 87
10 14 81
10 15 6
10 16 65
10 17 25
10 18 61
10 19 81
10 20 95
10 21 38
10 22 14
10 23 58
10 24 82
10 25 50
10 26 5
10 27 38
10 28 16
10 29 18
10 30 97
10 31 19
10 32 21
10 33 28
10 34 13
10 35 33
10 36 89
10 37 4
10 38 13
10 39 5
10 40 10
10 41 79
10 42 38
11 12 88
11 13 66
11 14 57
11 15 11
11 16 45
11 17 22
11 18 5
11 19 83
11 20 65
11 21 43
11 22 95
11 23 30
11 24 61
11 25 32
11 26 35
11 27 33
11 28 46
11 29 51
11 30 27
11 31 53
11 32 28
11 33 8
11 34 5
11 35 84
11 36 57
11 37 38
11 38 66
11 39 1
11 40 11
11 41 34
11 42 98
12 13 66
12 14 68
12 15 14
12 16 8
12 17 6
12 18 17
12 19 21
12 20 24
12 21 45
12 22 76
12 23 50
12 24 98
12 25 27
12 26 82
12 27 39
12 28 25
12 29 45
12 30 81
12 31 83
12 32 96
12 33 32
12 34 37
12 35 59
12 36 66
12 37 86
12 38 9
12 39 32
12 40 9
12 41 15
12 42 48
13 14 100
13 15 40
13 16 82
13 17 84
13 18 51
13 19 91
13 20 37
13 21 65
13 22 59
13 23 28
13 24 19
13 25 20
13 26 91
13 27 94
13 28 77
13 29 27
13 30 56
13 31 42
13 32 65
13 33 66
13 34 63
13 35 13
13 36 100
13 37 86
13 38 37
13 39 69
13 40 61
13 41 53
13 42 84
14 15 49
14 16 37
14 17 23
14 18 29
14 19 12
14 20 80
14 21 66
14 22 41
14 23 78
14 24 52
14 25 54
14 26 45
14 27 62
14 28 81
14 29 88
14 30 1
14 31 23
14 32 75
14 33 1
14 34 18
14 35 46
14 36 53
14 37 32
14 38 91
14 39 80
14 40 95
14 41 45
14 42 47
15 16 52
15 17 79
15 18 27
15 19 56
15 20 85
15 21 75
15 22 53
15 23 32
15 24 61
15 25 56
15 26 36
15 27 94
15 28 42
15 29 82
15 30 61
15 31 80
15 32 55
15 33 47
15 34 99
15 35 65
15 36 70
15 37 63
15 38 60
15 39 22
15 40 15
15 41 35
15 42 50
16 17 51
16 18 28
16 19 26
16 20 61
16 21 95
16 22 7
16 23 42
16 24 67
16 25 26
16 26 40
16 27 90
16 28 83
16 29 68
16 30 33
16 31 73
16 32 4
16 33 87
16 34 32
16 35 6
16 36 80
16 37 90
16 38 7
16 39 83
16 40 52
16 41 94
16 42 37
17 18 74
17 19 12
17 20 74
17 21 49
17 22 33
17 23 82
17 24 28
17 25 73
17 26 73
17 27 48
17 28 57
17 29 87
17 30 72
17 31 87
17 32 14
17 33 48
17 34 88
17 35 64
17 36 29
17 37 51
17 38 53
17 39 34
17 40 64
17 41 34
17 42 47
18 19 3
18 20 3
18 21 74
18 22 8
18 23 22
18 24 10
18 25 31
18 26 35
18 27 34
18 28 74
18 29 60
18 30 97
18 31 93
18 32 12
18 33 33
18 34 96
18 35 16
18 36 92
18 37 95
18 38 69
18 39 92
18 40 66
18 41 55
18 42 8
19 20 79
19 21 81
19 22 2
19 23 59
19 24 62
19 25 17
19 26 10
19 27 69
19 28 71
19 29 24
19 30 28
19 31 94
19 32 47
19 33 58
19 34 82
19 35 43
19 36 67
19 37 23
19 38 60
19 39 85
19 40 77
19 41 63
19 42 41
20 21 70
20 22 76
20 23 98
20 24 6
20 25 12
20 26 99
20 27 2
20 28 65
20 29 70
20 30 77
20 31 23
20 32 65
20 33 37
20 34 41
20 35 38
20 36 56
20 37 57
20 38 91
20 39 52
20 40 24
20 41 45
20 42 9
21 22 46
21 23 91
21 24 20
21 25 33
21 26 95
21 27 71
21 28 53
21 29 73
21 30 5
21 31 61
21 32 20
21 33 46
21 34 3
21 35 65
21 36 80
21 37 18
21 38 13
21 39 87
21 40 90
21 41 32
21 42 49
22 23 73
22 24 67
22 25 86
22 26 93
22 27 48
22 28 97
22 29 33
22 30 51
22 31 94
22 32 26
22 33 41
22 34 43
22 35 90
22 36 23
22 37 29
22 38 67
22 39 89
22 40 92
22 41 53
22 42 62
23 24 28
23 25 22
23 26 62
23 27 91
23 28 40
23 29 1
23 30 20
23 31 75
23 32 33
23 33 1
23 34 78
23 35 59
23 36 89
23 37 89
23 38 90
23 39 94
23 40 31
23 41 87
23 42 63
24 25 78
24 26 52
24 27 26
24 28 89
24 29 76
24 30 41
24 31 21
24 32 100
24 33 81
24 34 28
24 35 32
24 36 53
24 37 50
24 38 81
24 39 5
24 40 41
24 41 48
24 42 23
25 26 8
25 27 85
25 28 28
25 29 65
25 30 39
25 31 55
25 32 1
25 33 85
25 34 42
25 35 71
25 36 62
25 37 31
25 38 7
25 39 78
25 40 8
25 41 67
25 42 56
26 27 44
26 28 65
26 29 54
26 30 90
26 31 35
26 32 99
26 33 38
26 34 85
26 35 16
26 36 77
26 37 27
26 38 47
26 39 17
26 40 78
26 41 93
26 42 78
27 28 58
27 29 37
27 30 35
27 31 34
27 32 81
27 33 74
27 34 75
27 35 73
27 36 17
27 37 34
27 38 83
27 39 43
27 40 54
27 41 24
27 42 14
28 29 88
28 30 59
28 31 63
28 32 59
28 33 6
28 34 32
28 35 51
28 36 67
28 37 55
28 38 64
28 39 41
28 40 13
28 41 65
28 42 28
29 30 18
29 31 85
29 32 5
29 33 47
29 34 14
29 35 57
29 36 88
29 37 51
29 38 60
29 39 77
29 40 42
29 41 51
29 42 65
30 31 17
30 32 5
30 33 26
30 34 50
30 35 82
30 36 58
30 37 92
30 38 89
30 39 15
30 40 21
30 41 51
30 42 36
31 32 6
31 33 11
31 34 81
31 35 3
31 36 8
31 37 55
31 38 78
31 39 26
31 40 6
31 41 86
31 42 97
32 33 10
32 34 18
32 35 47
32 36 52
32 37 3
32 38 98
32 39 8
32 40 44
32 41 55
32 42 47
33 34 11
33 35 43
33 36 22
33 37 76
33 38 82
33 39 40
33 40 5
33 41 81
33 42 44
34 35 21
34 36 71
34 37 83
34 38 48
34 39 72
34 40 51
34 41 89
34 42 25
35 36 57
35 37 66
35 38 23
35 39 70
35 40 48
35 41 41
35 42 33
36 37 20
36 38 90
36 39 56
36 40 15
36 41 55
36 42 6
37 38 36
37 39 97
37 40 69
37 41 71
37 42 2
38 39 64
38 40 87
38 41 26
38 42 98
39 40 31
39 41 78
39 42 69
40 41 62
40 42 87
41 42 73
