78 3003 77
1 2 22
1 3 94
1 4 18
1 5 49
1 6 85
1 7 34
1 8 6
1 9 74
1 10 59
1 11 26
1 12 18
1 13 57
1 14 81
1 15 89
1 16 76
1 17 85
1 18 51
1 19 75
1 20 79
1 21 79
1 22 76
1 23 13
1 24 20
1 25 20
1 26 79
1 27 84
1 28 75
1 29 27
1 30 99
1 31 73
1 32 31
1 33 13
1 34 96
1 35 23
1 36 20
1 37 66
1 38 69
1 39 31
1 40 44
1 41 75
1 42 95
1 43 9
1 44 54
1 45 30
1 46 87
1 47 58
1 48 37
1 49 40
1 50 59
1 51 49
1 52 79
1 53 68
1 54 83
1 55 3
1 56 30
1 57 25
1 58 89
1 59 15
1 60 60
1 61 98
1 62 68
1 63 40
1 64 39
1 65 52
1 66 81
1 67 63
1 68 67
1 69 68
1 70 73
1 71 72
1 72 82
1 73 90
1 74 76
1 75 91
1 76 2
1 77 59
1 78 55
2 3 63
2 4 97
2 5 2
2 6 3
2 7 3
2 8 29
2 9 75
2 10 43
2 11 27
2 12 88
2 13 9
2 14 2
2 15 24
2 16 75
2 17 6
2 18 38
2 19 52
2 20 7
2 21 3
2 22 56
2 23 28
2 24 29
2 25 88
2 26 11
2 27 12
2 28 63
2 29 49
2 30 14
2 31 33
2 32 85
2 33 16
2 34 17
2 35 56
2 36 26
2 37 41
2 38 5
2 39 53
2 40 74
2 41 11
2 42 81
2 43 11
2 44 43
2 45 3
2 46 64
2 47 64
2 48 89
2 49 47
2 50 50
2 51 98
2 52 26
2 53 13
2 54 2
2 55 13
2 56 83
2 57 27
2 58 30
2 59 76
2 60 9
2 61 97
2 62 75
2 63 29
2 64 42
2 65 33
2 66 90
2 67 65
2 68 74
2 69 77
2 70 64
2 71 9
2 72 90
2 73 13
2 74 93
2 75 58
2 76 88
2 77 6
2 78 28
3 4 35
3 5 85
3 6 85
3 7 45
3 8 84
3 9 34
3 10 1
3 11 28
3 12 77
3 13 4
3 14 11
3 15 3
3 16 71
3 17 5
3 18 20
3 19 79
3 20 49
3 21 78
3 22 61
3 23 2
3 24 98
3 25 19
3 26 92
3 27 33
3 28 90
3 29 45
3 30 70
3 31 2
3 32 57
3 33 10
3 34 17
3 35 21
3 36 33
3 37 75
3 38 57
3 39 85
3 40 10
3 41 4
3 42 92
3 43 90
3 44 80
3 45 30
3 46 8
3 47 22
3 48 36
3 49 34
3 50 50
3 51 61
3 52 59
3 53 78
3 54 53
3 55 19
3 56 15
3 57 31
3 58 56
3 59 97
3 60 91
3 61 70
3 62 53
3 63 69
3 64 80
3 65 50
3 66 38
3 67 42
3 68 47
3 69 78
3 70 84
3 71 90
3 72 83
3 73 71
3 74 78
3 75 32
3 76 29
3 77 40
3 78 18
4 5 62
4 6 47
4 7 37
4 8 36
4 9 24
4 10 46
4 11 75
4 12 72
4 13 48
4 14 75
4 15 44
4 16 43
4 17 12
4 18 78
4 19 69
4 20 84
4 21 33
4 22 62
4 23 49
4 24 55
4 25 72
4 26 3
4 27 85
4 28 55
4 29 41
4 30 21
4 31 90
4 32 23
4 33 96
4 34 72
4 35 91
4 36 71
4 37 43
4 38 3
4 39 96
4 40 21
4 41 9
4 42 1
4 43 95
4 44 26
4 45 100
4 46 38
4 47 24
4 48 92
4 49 20
4 50 61
4 51 24
4 52 14
4 53 54
4 54 19
4 55 33
4 56 85
4 57 76
4 58 40
4 59 80
4 60 99
4 61 69
4 62 89
4 63 49
4 64 34
4 65 42
4 66 27
4 67 55
4 68 78
4 69 78
4 70 41
4 71 19
4 72 97
4 73 78
4 74 27
4 75 89
4 76 81
4 77 3
4 78 58
5 6 17
5 7 39
5 8 9
5 9 71
5 10 16
5 11 58
5 12 34
5 13 12
5 14 11
5 15 10
5 16 21
5 17 24
5 18 97
5 19 87
5 20 56
5 21 73
5 22 92
5 23 40
5 24 43
5 25 35
5 26 71
5 27 48
5 28 63
5 29 20
5 30 36
5 31 98
5 32 7
5 33 84
5 34 75
5 35 71
5 36 61
5 37 85
5 38 51
5 39 1
5 40 63
5 41 50
5 42 33
5 43 89
5 44 53
5 45 20
5 46 21
5 47 67
5 48 53
5 49 58
5 50 83
5 51 16
5 52 97
5 53 71
5 54 20
5 55 11
5 56 4
5 57 57
5 58 17
5 59 17
5 60 1
5 61 65
5 62 89
5 63 15
5 64 24
5 65 100
5 66 66
5 67 35
5 68 61
5 69 91
5 70 82
5 71 81
5 72 68
5 73 71
5 74 31
5 75 25
5 76 97
5 77 65
5 78 66
6 7 66
6 8 68
6 9 90
6 10 58
6 11 46
6 12 94
6 13 26
6 14 90
6 15 22
6 16 99
6 17 19
6 18 80
6 19 89
6 20 50
6 21 42
6 22 19
6 23 26
6 24 28
6 25 7
6 26 42
6 27 75
6 28 52
6 29 48
6 30 16
6 31 72
6 32 55
6 33 28
6 34 83
6 35 77
6 36 23
6 37 36
6 38 24
6 39 23
6 40 18
6 41 73
6 42 41
6 43 58
6 44 6
6 45 14
6 46 61
6 47 95
6 48 98
6 49 66
6 50 52
6 51 42
6 52 89
6 53 29
6 54 67
6 55 7
6 56 12
6 57 86
6 58 79
6 59 33
6 60 7
6 61 29
6 62 56
6 63 55
6 64 36
6 65 7
6 66 71
6 67 48
6 68 37
6 69 90
6 70 84
6 71 27
6 72 24
6 73 35
6 74 61
6 75 58
6 76 90
6 77 90
6 78 33
7 8 42
7 9 58
7 10 69
7 11 15
7 12 39
7 13 58
7 14 2
7 15 63
7 16 19
7 17 59
7 18 31
7 19 73
7 20 42
7 21 51
7 22 28
7 23 49
7 24 75
7 25 96
7 26 66
7 27 60
7 28 60
7 29 91
7 30 92
7 31 20
7 32 31
7 33 63
7 34 47
7 35 92
7 36 13
7 37 52
7 38 5
7 39 70
7 40 93
7 41 41
7 42 77
7 43 51
7 44 42
7 45 85
7 46 1
7 47 58
7 48 11
7 49 99
7 50 34
7 51 9
7 52 6
7 53 70
7 54 8
7 55 94
7 56 8
7 57 72
7 58 74
7 59 21
7 60 100
7 61 38
7 62 90
7 63 35
7 64 19
7 65 33
7 66 72
7 67 74
7 68 30
7 69 51
7 70 32
7 71 26
7 72 61
7 73 15
7 74 52
7 75 48
7 76 97
7 77 28
7 78 55
8 9 18
8 10 28
8 11 63
8 12 57
8 13 90
8 14 35
8 15 30
8 16 91
8 17 27
8 18 77
8 19 37
8 20 98
8 21 4
8 22 29
8 23 90
8 24 44
8 25 96
8 26 39
8 27 89
8 28 89
8 29 38
8 30 51
8 31 57
8 32 79
8 33 93
8 34 25
8 35 89
8 36 48
8 37 36
8 38 86
8 39 35
8 40 22
8 41 15
8 42 92
8 43 28
8 44 95
8 45 57
8 46 55
8 47 49
8 48 84
8 49 41
8 50 50
8 51 70
8 52 67
8 53 12
8 54 90
8 55 52
8 56 63
8 57 42
8 58 76
8 59 46
8 60 84
8 61 10
8 62 50
8 63 82
8 64 7
8 65 28
8 66 71
8 67 90
8 68 85
8 69 15
8 70 13
8 71 47
8 72 51
8 73 44
8 74 87
8 75 23
8 76 50
8 77 20
8 78 66
9 10 28
9 11 46
9 12 98
9 13 39
9 14 80
9 15 89
9 16 65
9 17 87
9 18 63
9 19 38
9 20 45
9 21 68
9 22 66
9 23 28
9 24 67
9 25 89
9 26 72
9 27 26
9 28 13
9 29 83
9 30 45
9 31 21
9 32 56
9 33 6
9 34 73
9 35 11
9 36 38
9 37 72
9 38 37
9 39 60
9 40 50
9 41 84
9 42 64
9 43 25
9 44 36
9 45 97
9 46 90
9 47 9
9 48 81
9 49 39
9 50 60
9 51 63
9 52 91
9 53 78
9 54 66
9 55 62
9 56 97
9 57 61
9 58 62
9 59 4
9 60 13
9 61 6
9 62 20
9 63 23
9 64 14
9 65 1
9 66 61
9 67 2
9 68 27
9 69 64
9 70 27
9 71 100
9 72 83
9 73 1
9 74 42
9 75 75
9 76 58
9 77 33
9 78 64
10 11 51
10 12 28
10 13 81
10 14 4
10 15 11
10 16 80
10 17 38
10 18 46
10 19 66
10 20 90
10 21 61
10 22 95
10 23 1
10 24 56
10 25 89
10 26 35
10 27 62
10 28 21
10 29 37
10 30 19
10 31 16
10 32 7
10 33 34
10 34 51
10 35 55
10 36 76
10 37 63
10 38 41
10 39 70
10 40 58
10 41 74
10 42 78
10 43 71
10 44 5
10 45 59
10 46 69
10 47 58
10 48 2
10 49 71
10 50 93
10 51 50
10 52 14
10 53 71
10 54 5
10 55 93
10 56 64
10 57 74
10 58 98
10 59 82
10 60 4
10 61 23
10 62 50
10 63 58
10 64 21
10 65 17
10 66 9
10 67 56
10 68 12
10 69 43
10 70 9
10 71 3
10 72 81
10 73 31
10 74 21
10 75 24
10 76 25
10 77 96
10 78 35
11 12 26
11 13 77
11 14 11
11 15 24
11 16 74
11 17 50
11 18 67
11 19 83
11 20 55
11 21 53
11 22 72
11 23 36
11 24 61
11 25 54
11 26 94
11 27 76
11 28 84
11 29 39
11 30 50
11 31 79
11 32 4
11 33 11
11 34 97
11 35 79
11 36 38
11 37 53
11 38 11
11 39 64
11 40 65
11 41 4
11 42 8
11 43 79
11 44 11
11 45 37
11 46 37
11 47 59
11 48 28
11 49 32
11 50 91
11 51 10
11 52 9
11 53 51
11 54 3
11 55 42
11 56 75
11 57 75
11 58 72
11 59 35
11 60 62
11 61 30
11 62 90
11 63 86
11 64 92
11 65 59
11 66 97
11 67 10
11 68 35
11 69 54
11 70 85
11 71 82
11 72 98
11 73 32
11 74 66
11 75 62
11 76 5
11 77 70
11 78 52
12 13 93
12 14 57
12 15 69
12 16 6
12 17 14
12 18 3
12 19 49
12 20 18
12 21 38
12 22 43
12 23 15
12 24 9
12 25 60
12 26 13
12 27 82
12 28 27
12 29 39
12 30 19
12 31 19
12 32 19
12 33 6
12 34 22
12 35 97
12 36 87
12 37 97
12 38 16
12 39 1
12 40 48
12 41 34
12 42 94
12 43 40
12 44 39
12 45 72
12 46 72
12 47 26
12 48 7
12 49 22
12 50 31
12 51 23
12 52 91
12 53 25
12 54 100
12 55 31
12 56 46
12 57 16
12 58 13
12 59 54
12 60 85
12 61 69
12 62 35
12 63 90
12 64 28
12 65 71
12 66 2
12 67 95
12 68 31
12 69 4
12 70 82
12 71 66
12 72 73
12 73 79
12 74 83
12 75 90
12 76 61
12 77 66
12 78 33
13 14 11
13 15 12
13 16 96
13 17 24
13 18 9
13 19 7
13 20 44
13 21 5
13 22 56
13 23 73
13 24 19
13 25 80
13 26 23
13 27 39
13 28 82
13 29 8
13 30 49
13 31 51
13 32 59
13 33 59
13 34 95
13 35 41
13 36 41
13 37 26
13 38 85
13 39 77
13 40 36
13 41 23
13 42 47
13 43 66
13 44 55
13 45 99
13 46 46
13 47 100
13 48 19
13 49 4
13 50 35
13 51 80
13 52 24
13 53 38
13 54 12
13 55 44
13 56 96
13 57 84
13 58 7
13 59 27
13 60 57
13 61 28
13 62 66
13 63 54
13 64 72
13 65 96
13 66 54
13 67 44
13 68 15
13 69 99
13 70 60
13 71 42
13 72 43
13 73 7
13 74 67
13 75 84
13 76 75
13 77 88
13 78 86
14 15 98
14 16 36
14 17 55
14 18 72
14 19 60
14 20 28
14 21 19
14 22 16
14 23 57
14 24 50
14 25 84
14 26 41
14 27 64
14 28 92
14 29 36
14 30 81
14 31 47
14 32 31
14 33 55
14 34 33
14 35 32
14 36 36
14 37 12
14 38 100
14 39 74
14 40 8
14 41 44
14 42 47
14 43 20
14 44 30
14 45 29
14 46 38
14 47 71
14 48 92
14 49 29
14 50 21
14 51 13
14 52 40
14 53 14
14 54 82
14 55 88
14 56 7
14 57 33
14 58 39
14 59 1
14 60 41
14 61 72
14 62 48
14 63 34
14 64 67
14 65 95
14 66 14
14 67 84
14 68 17
14 69 13
14 70 11
14 71 30
14 72 70
14 73 20
14 74 80
14 75 60
14 76 53
14 77 79
14 78 8
15 16 27
15 17 58
15 18 95
15 19 53
15 20 8
15 21 68
15 22 55
15 23 40
15 24 18
15 25 9
15 26 33
15 27 71
15 28 90
15 29 8
15 30 9
15 31 11
15 32 96
15 33 96
15 34 60
15 35 79
15 36 24
15 37 31
15 38 21
15 39 5
15 40 22
15 41 42
15 42 81
15 43 7
15 44 38
15 45 31
15 46 23
15 47 38
15 48 67
15 49 39
15 50 4
15 51 56
15 52 1
15 53 2
15 54 32
15 55 5
15 56 89
15 57 9
15 58 31
15 59 75
15 60 19
15 61 30
15 62 94
15 63 52
15 64 85
15 65 46
15 66 46
15 67 93
15 68 85
15 69 78
15 70 43
15 71 47
15 72 39
15 73 16
15 74 66
15 75 73
15 76 30
15 77 36
15 78 70
16 17 26
16 18 46
16 19 25
16 20 96
16 21 63
16 22 25
16 23 34
16 24 36
16 25 9
16 26 76
16 27 4
16 28 42
16 29 67
16 30 84
16 31 79
16 32 3
16 33 87
16 34 5
16 35 85
16 36 11
16 37 22
16 38 40
16 39 96
16 40 10
16 41 54
16 42 18
16 43 97
16 44 21
16 45 61
16 46 53
16 47 12
16 48 27
16 49 5
16 50 5
16 51 65
16 52 4
16 53 26
16 54 58
16 55 19
16 56 33
16 57 1
16 58 88
16 59 74
16 60 10
16 61 35
16 62 77
16 63 8
16 64 30
16 65 28
16 66 76
16 67 99
16 68 96
16 69 33
16 70 53
16 71 91
16 72 4
16 73 11
16 74 58
16 75 96
16 76 22
16 77 34
16 78 67
17 18 82
17 19 40
17 20 48
17 21 88
17 22 75
17 23 53
17 24 66
17 25 53
17 26 34
17 27 99
17 28 48
17 29 16
17 30 73
17 31 89
17 32 48
17 33 84
17 34 23
17 35 22
17 36 9
17 37 17
17 38 95
17 39 80
17 40 77
17 41 54
17 42 62
17 43 62
17 44 21
17 45 61
17 46 56
17 47 81
17 48 34
17 49 52
17 50 5
17 51 4
17 52 61
17 53 15
17 54 75
17 55 20
17 56 18
17 57 44
17 58 87
17 59 78
17 60 58
17 61 96
17 62 52
17 63 88
17 64 13
17 65 15
17 66 7
17 67 21
17 68 80
17 69 64
17 70 57
17 71 74
17 72 53
17 73 23
17 74 87
17 75 72
17 76 50
17 77 44
17 78 3
18 19 99
18 20 95
18 21 24
18 22 28
18 23 60
18 24 80
18 25 31
18 26 12
18 27 48
18 28 47
18 29 43
18 30 81
18 31 13
18 32 88
18 33 14
18 34 79
18 35 59
18 36 25
18 37 13
18 38 78
18 39 59
18 40 63
18 41 36
18 42 99
18 43 79
18 44 73
18 45 94
18 46 21
18 47 65
18 48 71
18 49 88
18 50 72
18 51 7
18 52 51
18 53 46
18 54 67
18 55 68
18 56 20
18 57 23
18 58 84
18 59 41
18 60 40
18 61 8
18 62 94
18 63 82
18 64 28
18 65 7
18 66 54
18 67 26
18 68 33
18 69 47
18 70 95
18 71 27
18 72 86
18 73 25
18 74 80
18 75 73
18 76 40
18 77 9
18 78 39
19 20 3
19 21 52
19 22 69
19 23 18
19 24 60
19 25 14
19 26 82
19 27 50
19 28 47
19 29 69
19 30 77
19 31 20
19 32 19
19 33 70
19 34 54
19 35 74
19 36 63
19 37 22
19 38 88
19 39 88
19 40 65
19 41 32
19 42 80
19 43 68
19 44 1
19 45 24
19 46 29
19 47 90
19 48 87
19 49 98
19 50 45
19 51 69
19 52 82
19 53 29
19 54 38
19 55 23
19 56 97
19 57 57
19 58 56
19 59 14
19 60 63
19 61 15
19 62 100
19 63 79
19 64 19
19 65 65
19 66 69
19 67 23
19 68 85
19 69 23
19 70 82
19 71 75
19 72 14
19 73 86
19 74 91
19 75 27
19 76 61
19 77 12
19 78 77
20 21 60
20 22 8
20 23 100
20 24 52
20 25 12
20 26 96
20 27 33
20 28 42
20 29 23
20 30 29
20 31 38
20 32 6
20 33 35
20 34 52
20 35 6
20 36 4
20 37 45
20 38 50
20 39 32
20 40 71
20 41 61
20 42 78
20 43 100
20 44 53
20 45 51
20 46 14
20 47 59
20 48 3
20 49 70
20 50 8
20 51 17
20 52 4
20 53 4
20 54 72
20 55 88
20 56 9
20 57 61
20 58 66
20 59 39
20 60 14
20 61 56
20 62 5
20 63 61
20 64 28
20 65 55
20 66 5
20 67 47
20 68 39
20 69 32
20 70 31
20 71 60
20 72 51
20 73 90
20 74 48
20 75 53
20 76 89
20 77 88
20 78 40
21 22 59
21 23 66
21 24 45
21 25 15
21 26 90
21 27 23
21 28 85
21 29 96
21 30 97
21 31 98
21 32 51
21 33 19
21 34 26
21 35 43
21 36 98
21 37 58
21 38 54
21 39 74
21 40 36
21 41 62
21 42 67
21 43 59
21 44 25
21 45 52
21 46 18
21 47 92
21 48 52
21 49 85
21 50 54
21 51 37
21 52 85
21 53 42
21 54 70
21 55 89
21 56 2
21 57 35
21 58 57
21 59 37
21 60 31
21 61 43
21 62 16
21 63 24
21 64 36
21 65 42
21 66 87
21 67 47
21 68 99
21 69 50
21 70 10
21 71 22
21 72 75
21 73 14
21 74 77
21 75 67
21 76 64
21 77 95
21 78 57
22 23 34
22 24 93
22 25 51
22 26 12
22 27 15
22 28 1
22 29 39
22 30 34
22 31 3
22 32 20
22 33 92
22 34 83
22 35 53
22 36 68
22 37 47
22 38 77
22 39 70
22 40 45
22 41 52
22 42 41
22 43 65
22 44 16
22 45 4
22 46 91
22 47 100
22 48 34
22 49 35
22 50 23
22 51 73
22 52 47
22 53 93
22 54 56
22 55 44
22 56 14
22 57 89
22 58 42
22 59 97
22 60 12
22 61 100
22 62 45
22 63 6
22 64 40
22 65 98
22 66 91
22 67 19
22 68 25
22 69 87
22 70 60
22 71 9
22 72 94
22 73 68
22 74 61
22 75 67
22 76 94
22 77 7
22 78 75
23 24 55
23 25 54
23 26 66
23 27 68
23 28 37
23 29 17
23 30 65
23 31 92
23 32 82
23 33 26
23 34 14
23 35 85
23 36 20
23 37 99
23 38 79
23 39 47
23 40 35
23 41 56
23 42 44
23 43 57
23 44 71
23 45 19
23 46 52
23 47 94
23 48 10
23 49 10
23 50 56
23 51 4
23 52 39
23 53 85
23 54 82
23 55 42
23 56 81
23 57 14
23 58 23
23 59 17
23 60 80
23 61 71
23 62 12
23 63 59
23 64 70
23 65 61
23 66 99
23 67 70
23 68 7
23 69 85
23 70 33
23 71 18
23 72 7
23 73 14
23 74 93
23 75 82
23 76 98
23 77 89
23 78 90
24 25 42
24 26 37
24 27 37
24 28 76
24 29 100
24 30 1
24 31 81
24 32 62
24 33 6
24 34 24
24 35 73
24 36 31
24 37 64
24 38 33
24 39 2
24 40 19
24 41 88
24 42 22
24 43 100
24 44 92
24 45 78
24 46 38
24 47 13
24 48 9
24 49 21
24 50 15
24 51 50
24 52 52
24 53 11
24 54 5
24 55 56
24 56 100
24 57 23
24 58 100
24 59 16
24 60 10
24 61 18
24 62 42
24 63 67
24 64 32
24 65 69
24 66 1
24 67 49
24 68 50
24 69 75
24 70 25
24 71 90
24 72 32
24 73 13
24 74 76
24 75 92
24 76 20
24 77 47
24 78 99
25 26 86
25 27 37
25 28 72
25 29 80
25 30 83
25 31 71
25 32 76
25 33 58
25 34 59
25 35 37
25 36 31
25 37 95
25 38 66
25 39 93
25 40 100
25 41 36
25 42 95
25 43 42
25 44 37
25 45 49
25 46 19
25 47 46
25 48 82
25 49 15
25 50 81
25 51 26
25 52 96
25 53 89
25 54 97
25 55 78
25 56 22
25 57 97
25 58 91
25 59 87
25 60 55
25 61 33
25 62 55
25 63 50
25 64 77
25 65 30
25 66 52
25 67 64
25 68 83
25 69 89
25 70 92
25 71 37
25 72 67
25 73 27
25 74 95
25 75 15
25 76 42
25 77 88
25 78 93
26 27 73
26 28 72
26 29 84
26 30 46
26 31 18
26 32 12
26 33 83
26 34 17
26 35 9
26 36 68
26 37 67
26 38 84
26 39 98
26 40 37
26 41 61
26 42 94
26 43 15
26 44 63
26 45 95
26 46 86
26 47 5
26 48 10
26 49 66
26 50 38
26 51 3
26 52 15
26 53 89
26 54 6
26 55 19
26 56 91
26 57 36
26 58 57
26 59 19
26 60 94
26 61 60
26 62 29
26 63 53
26 64 35
26 65 74
26 66 8
26 67 38
26 68 4
26 69 1
26 70 28
26 71 86
26 72 76
26 73 64
26 74 94
26 75 25
26 76 78
26 77 36
26 78 80
27 28 25
27 29 29
27 30 71
27 31 99
27 32 54
27 33 8
27 34 17
27 35 95
27 36 65
27 37 39
27 38 84
27 39 76
27 40 75
27 41 4
27 42 50
27 43 39
27 44 52
27 45 67
27 46 45
27 47 14
27 48 88
27 49 92
27 50 62
27 51 64
27 52 56
27 53 48
27 54 95
27 55 95
27 56 1
27 57 9
27 58 80
27 59 16
27 60 67
27 61 27
27 62 88
27 63 72
27 64 56
27 65 52
27 66 25
27 67 65
27 68 83
27 69 80
27 70 79
27 71 78
27 72 1
27 73 89
27 74 78
27 75 27
27 76 4
27 77 81
27 78 53
28 29 40
28 30 66
28 31 45
28 32 13
28 33 53
28 34 5
28 35 93
28 36 65
28 37 56
28 38 9
28 39 5
28 40 35
28 41 72
28 42 11
28 43 26
28 44 47
28 45 15
28 46 8
28 47 93
28 48 48
28 49 84
28 50 52
28 51 57
28 52 92
28 53 69
28 54 32
28 55 7
28 56 4
28 57 12
28 58 2
28 59 68
28 60 46
28 61 27
28 62 83
28 63 63
28 64 71
28 65 60
28 66 92
28 67 36
28 68 41
28 69 98
28 70 77
28 71 16
28 72 56
28 73 16
28 74 35
28 75 92
28 76 6
28 77 49
28 78 20
29 30 13
29 31 70
29 32 50
29 33 37
29 34 51
29 35 28
29 36 66
29 37 57
29 38 42
29 39 38
29 40 68
29 41 29
29 42 3
29 43 12
29 44 72
29 45 30
29 46 58
29 47 2
29 48 60
29 49 37
29 50 23
29 51 24
29 52 53
29 53 8
29 54 47
29 55 1
29 56 27
29 57 71
29 58 97
29 59 26
29 60 64
29 61 84
29 62 33
29 63 9
29 64 59
29 65 35
29 66 40
29 67 36
29 68 95
29 69 32
29 70 17
29 71 69
29 72 18
29 73 11
29 74 60
29 75 69
29 76 84
29 77 81
29 78 91
30 31 71
30 32 28
30 33 51
30 34 28
30 35 37
30 36 79
30 37 61
30 38 1
30 39 48
30 40 46
30 41 95
30 42 33
30 43 37
30 44 51
30 45 22
30 46 35
30 47 85
30 48 15
30 49 9
30 50 11
30 51 71
30 52 21
30 53 34
30 54 62
30 55 50
30 56 61
30 57 35
30 58 26
30 59 63
30 60 35
30 61 100
30 62 9
30 63 83
30 64 41
30 65 42
30 66 1
30 67 9
30 68 17
30 69 18
30 70 8
30 71 51
30 72 38
30 73 52
30 74 34
30 75 86
30 76 44
30 77 69
30 78 29
31 32 87
31 33 91
31 34 51
31 35 50
31 36 27
31 37 64
31 38 46
31 39 99
31 40 54
31 41 26
31 42 18
31 43 55
31 44 31
31 45 80
31 46 68
31 47 87
31 48 21
31 49 26
31 50 5
31 51 53
31 52 99
31 53 100
31 54 56
31 55 12
31 56 92
31 57 93
31 58 79
31 59 26
31 60 65
31 61 64
31 62 23
31 63 14
31 64 35
31 65 63
31 66 28
31 67 79
31 68 52
31 69 51
31 70 57
31 71 81
31 72 20
31 73 61
31 74 18
31 75 95
31 76 43
31 77 93
31 78 23
32 33 95
32 34 24
32 35 28
32 36 70
32 37 81
32 38 38
32 39 80
32 40 12
32 41 6
32 42 60
32 43 74
32 44 36
32 45 97
32 46 35
32 47 66
32 48 1
32 49 56
32 50 23
32 51 100
32 52 35
32 53 60
32 54 18
32 55 14
32 56 6
32 57 4
32 58 36
32 59 13
32 60 68
32 61 48
32 62 9
32 63 47
32 64 15
32 65 17
32 66 86
32 67 85
32 68 38
32 69 80
32 70 21
32 71 13
32 72 46
32 73 77
32 74 3
32 75 58
32 76 66
32 77 38
32 78 31
33 34 6
33 35 39
33 36 8
33 37 37
33 38 84
33 39 27
33 40 88
33 41 28
33 42 6
33 43 68
33 44 92
33 45 68
33 46 80
33 47 85
33 48 46
33 49 10
33 50 80
33 51 85
33 52 28
33 53 30
33 54 19
33 55 41
33 56 20
33 57 31
33 58 51
33 59 49
33 60 3
33 61 25
33 62 41
33 63 14
33 64 76
33 65 65
33 66 76
33 67 77
33 68 50
33 69 83
33 70 78
33 71 76
33 72 90
33 73 79
33 74 7
33 75 19
33 76 92
33 77 67
33 78 72
34 35 48
34 36 82
34 37 49
34 38 97
34 39 15
34 40 65
34 41 21
34 42 65
34 43 98
34 44 84
34 45 24
34 46 68
34 47 32
34 48 100
34 49 17
34 50 83
34 51 21
34 52 84
34 53 34
34 54 21
34 55 65
34 56 64
34 57 68
34 58 95
34 59 86
34 60 22
34 61 71
34 62 39
34 63 67
34 64 96
34 65 1
34 66 71
34 67 83
34 68 80
34 69 55
34 70 78
34 71 16
34 72 90
34 73 17
34 74 50
34 75 20
34 76 44
34 77 92
34 78 63
35 36 92
35 37 49
35 38 30
35 39 40
35 40 25
35 41 52
35 42 15
35 43 93
35 44 29
35 45 4
35 46 45
35 47 92
35 48 65
35 49 90
35 50 87
35 51 10
35 52 28
35 53 74
35 54 81
35 55 3
35 56 50
35 57 77
35 58 88
35 59 94
35 60 9
35 61 57
35 62 66
35 63 1
35 64 66
35 65 83
35 66 39
35 67 57
35 68 22
35 69 56
35 70 96
35 71 65
35 72 47
35 73 44
35 74 52
35 75 25
35 76 32
35 77 93
35 78 73
36 37 2
36 38 30
36 39 3
36 40 38
36 41 25
36 42 88
36 43 8
36 44 65
36 45 51
36 46 63
36 47 81
36 48 10
36 49 59
36 50 11
36 51 24
36 52 41
36 53 11
36 54 86
36 55 12
36 56 38
36 57 25
36 58 53
36 59 21
36 60 75
36 61 37
36 62 49
36 63 73
36 64 27
36 65 35
36 66 48
36 67 45
36 68 36
36 69 81
36 70 35
36 71 28
36 72 56
36 73 45
36 74 31
36 75 91
36 76 77
36 77 40
36 78 5
37 38 82
37 39 27
37 40 53
37 41 77
37 42 26
37 43 3
37 44 16
37 45 51
37 46 54
37 47 9
37 48 95
37 49 35
37 50 90
37 51 28
37 52 62
37 53 26
37 54 2
37 55 34
37 56 88
37 57 23
37 58 97
37 59 95
37 60 22
37 61 96
37 62 56
37 63 94
37 64 11
37 65 61
37 66 23
37 67 7
37 68 1
37 69 20
37 70 6
37 71 7
37 72 24
37 73 50
37 74 97
37 75 68
37 76 5
37 77 95
37 78 99
38 39 18
38 40 37
38 41 7
38 42 60
38 43 80
38 44 58
38 45 2
38 46 85
38 47 23
38 48 24
38 49 44
38 50 11
38 51 39
38 52 86
38 53 40
38 54 57
38 55 28
38 56 99
38 57 66
38 58 54
38 59 15
38 60 68
38 61 18
38 62 90
38 63 69
38 64 95
38 65 23
38 66 86
38 67 14
38 68 17
38 69 56
38 70 50
38 71 47
38 72 31
38 73 65
38 74 25
38 75 42
38 76 46
38 77 85
38 78 14
39 40 63
39 41 26
39 42 1
39 43 53
39 44 43
39 45 96
39 46 31
39 47 40
39 48 20
39 49 71
39 50 12
39 51 2
39 52 41
39 53 33
39 54 85
39 55 81
39 56 36
39 57 73
39 58 31
39 59 74
39 60 8
39 61 66
39 62 78
39 63 100
39 64 27
39 65 53
39 66 13
39 67 6
39 68 97
39 69 86
39 70 75
39 71 13
39 72 57
39 73 47
39 74 37
39 75 98
39 76 89
39 77 17
39 78 8
40 41 98
40 42 36
40 43 10
40 44 86
40 45 16
40 46 2
40 47 75
40 48 60
40 49 75
40 50 16
40 51 86
40 52 81
40 53 29
40 54 51
40 55 22
40 56 69
40 57 50
40 58 49
40 59 69
40 60 36
40 61 82
40 62 59
40 63 27
40 64 72
40 65 68
40 66 70
40 67 92
40 68 76
40 69 51
40 70 20
40 71 47
40 72 10
40 73 43
40 74 40
40 75 14
40 76 14
40 77 90
40 78 25
41 42 14
41 43 59
41 44 3
41 45 96
41 46 12
41 47 17
41 48 76
41 49 91
41 50 7
41 51 62
41 52 84
41 53 36
41 54 79
41 55 50
41 56 58
41 57 35
41 58 74
41 59 1
41 60 15
41 61 57
41 62 16
41 63 3
41 64 24
41 65 84
41 66 50
41 67 95
41 68 64
41 69 58
41 70 21
41 71 54
41 72 95
41 73 99
41 74 36
41 75 18
41 76 52
41 77 18
41 78 1
42 43 55
42 44 94
42 45 43
42 46 22
42 47 72
42 48 67
42 49 28
42 50 94
42 51 50
42 52 16
42 53 57
42 54 50
42 55 55
42 56 36
42 57 68
42 58 72
42 59 3
42 60 11
42 61 49
42 62 90
42 63 35
42 64 63
42 65 88
42 66 1
42 67 14
42 68 60
42 69 8
42 70 5
42 71 9
42 72 10
42 73 64
42 74 24
42 75 63
42 76 71
42 77 3
42 78 18
43 44 22
43 45 47
43 46 13
43 47 96
43 48 73
43 49 74
43 50 81
43 51 76
43 52 3
43 53 26
43 54 32
43 55 86
43 56 29
43 57 90
43 58 33
43 59 75
43 60 38
43 61 20
43 62 19
43 63 6
43 64 59
43 65 77
43 66 74
43 67 75
43 68 67
43 69 58
43 70 41
43 71 15
43 72 86
43 73 87
43 74 80
43 75 22
43 76 94
43 77 62
43 78 12
44 45 67
44 46 50
44 47 23
44 48 47
44 49 27
44 50 21
44 51 82
44 52 42
44 53 34
44 54 44
44 55 49
44 56 83
44 57 80
44 58 59
44 59 42
44 60 89
44 61 66
44 62 14
44 63 74
44 64 28
44 65 32
44 66 44
44 67 18
44 68 56
44 69 28
44 70 66
44 71 12
44 72 36
44 73 6
44 74 17
44 75 52
44 76 75
44 77 16
44 78 87
45 46 13
45 47 22
45 48 91
45 49 17
45 50 73
45 51 6
45 52 12
45 53 16
45 54 37
45 55 38
45 56 98
45 57 7
45 58 38
45 59 72
45 60 87
45 61 74
45 62 67
45 63 47
45 64 97
45 65 46
45 66 69
45 67 56
45 68 90
45 69 80
45 70 84
45 71 75
45 72 13
45 73 79
45 74 23
45 75 88
45 76 37
45 77 27
45 78 31
46 47 66
46 48 52
46 49 18
46 50 44
46 51 92
46 52 82
46 53 93
46 54 20
46 55 90
46 56 58
46 57 84
46 58 11
46 59 54
46 60 66
46 61 36
46 62 86
46 63 76
46 64 88
46 65 32
46 66 74
46 67 92
46 68 92
46 69 13
46 70 63
46 71 72
46 72 99
46 73 100
46 74 14
46 75 29
46 76 21
46 77 30
46 78 54
47 48 2
47 49 88
47 50 40
47 51 58
47 52 27
47 53 8
47 54 21
47 55 63
47 56 10
47 57 62
47 58 77
47 59 34
47 60 4
47 61 86
47 62 48
47 63 19
47 64 30
47 65 30
47 66 92
47 67 71
47 68 35
47 69 56
47 70 58
47 71 67
47 72 1
47 73 49
47 74 61
47 75 13
47 76 46
47 77 56
47 78 13
48 49 47
48 50 84
48 51 8
48 52 82
48 53 17
48 54 31
48 55 79
48 56 83
48 57 33
48 58 31
48 59 62
48 60 92
48 61 6
48 62 86
48 63 84
48 64 19
48 65 77
48 66 94
48 67 60
48 68 88
48 69 61
48 70 87
48 71 78
48 72 54
48 73 52
48 74 99
48 75 4
48 76 11
48 77 95
48 78 21
49 50 8
49 51 97
49 52 94
49 53 6
49 54 90
49 55 78
49 56 42
49 57 67
49 58 75
49 59 20
49 60 37
49 61 57
49 62 16
49 63 86
49 64 96
49 65 75
49 66 23
49 67 81
49 68 71
49 69 21
49 70 10
49 71 77
49 72 97
49 73 48
49 74 50
49 75 55
49 76 76
49 77 1
49 78 95
50 51 29
50 52 3
50 53 78
50 54 72
50 55 30
50 56 29
50 57 45
50 58 94
50 59 99
50 60 1
50 61 15
50 62 83
50 63 29
50 64 8
50 65 29
50 66 68
50 67 77
50 68 81
50 69 23
50 70 59
50 71 39
50 72 10
50 73 36
50 74 17
50 75 37
50 76 24
50 77 62
50 78 15
51 52 83
51 53 71
51 54 38
51 55 53
51 56 24
51 57 46
51 58 42
51 59 18
51 60 45
51 61 63
51 62 8
51 63 84
51 64 96
51 65 33
51 66 58
51 67 38
51 68 34
51 69 11
51 70 90
51 71 35
51 72 39
51 73 7
51 74 20
51 75 11
51 76 94
51 77 39
51 78 44
52 53 83
52 54 8
52 55 33
52 56 23
52 57 12
52 58 14
52 59 1
52 60 96
52 61 48
52 62 18
52 63 51
52 64 61
52 65 32
52 66 53
52 67 72
52 68 93
52 69 88
52 70 77
52 71 59
52 72 84
52 73 29
52 74 32
52 75 78
52 76 53
52 77 58
52 78 49
53 54 22
53 55 44
53 56 69
53 57 50
53 58 82
53 59 9
53 60 3
53 61 83
53 62 44
53 63 73
53 64 58
53 65 14
53 66 10
53 67 4
53 68 56
53 69 33
53 70 60
53 71 97
53 72 41
53 73 89
53 74 33
53 75 86
53 76 41
53 77 81
53 78 22
54 55 90
54 56 91
54 57 46
54 58 60
54 59 13
54 60 79
54 61 53
54 62 64
54 63 79
54 64 92
54 65 67
54 66 73
54 67 85
54 68 93
54 69 74
54 70 8
54 71 18
54 72 98
54 73 75
54 74 43
54 75 62
54 76 80
54 77 2
54 78 67
55 56 33
55 57 48
55 58 98
55 59 4
55 60 84
55 61 82
55 62 32
55 63 58
55 64 95
55 65 57
55 66 86
55 67 1
55 68 43
55 69 29
55 70 9
55 71 16
55 72 15
55 73 95
55 74 10
55 75 29
55 76 57
55 77 86
55 78 26
56 57 66
56 58 64
56 59 17
56 60 59
56 61 87
56 62 98
56 63 85
56 64 45
56 65 70
56 66 25
56 67 100
56 68 64
56 69 19
56 70 42
56 71 52
56 72 65
56 73 51
56 74 46
56 75 27
56 76 43
56 77 80
56 78 23
57 58 9
57 59 20
57 60 3
57 61 35
57 62 21
57 63 51
57 64 19
57 65 91
57 66 85
57 67 50
57 68 39
57 69 65
57 70 65
57 71 56
57 72 36
57 73 16
57 74 57
57 75 51
57 76 18
57 77 62
57 78 19
58 59 57
58 60 23
58 61 68
58 62 70
58 63 39
58 64 29
58 65 55
58 66 31
58 67 51
58 68 43
58 69 13
58 70 42
58 71 51
58 72 15
58 73 23
58 74 64
58 75 17
58 76 2
58 77 12
58 78 61
59 60 33
59 61 5
59 62 5
59 63 80
59 64 72
59 65 8
59 66 44
59 67 95
59 68 32
59 69 92
59 70 75
59 71 45
59 72 20
59 73 48
59 74 72
59 75 19
59 76 30
59 77 81
59 78 81
60 61 58
60 62 15
60 63 66
60 64 57
60 65 47
60 66 8
60 67 95
60 68 37
60 69 11
60 70 12
60 71 53
60 72 74
60 73 80
60 74 23
60 75 28
60 76 44
60 77 44
60 78 97
61 62 57
61 63 53
61 64 67
61 65 8
61 66 52
61 67 67
61 68 5
61 69 55
61 70 38
61 71 7
61 72 36
61 73 91
61 74 4
61 75 15
61 76 42
61 77 23
61 78 74
62 63 48
62 64 52
62 65 47
62 66 81
62 67 37
62 68 10
62 69 22
62 70 12
62 71 23
62 72 14
62 73 80
62 74 83
62 75 41
62 76 86
62 77 30
62 78 70
63 64 85
63 65 12
63 66 32
63 67 58
63 68 64
63 69 24
63 70 80
63 71 54
63 72 33
63 73 23
63 74 29
63 75 66
63 76 74
63 77 34
63 78 35
64 65 17
64 66 83
64 67 86
64 68 29
64 69 40
64 70 62
64 71 50
64 72 48
64 73 70
64 74 8
64 75 10
64 76 82
64 77 44
64 78 80
65 66 4
65 67 28
65 68 16
65 69 47
65 70 64
65 71 81
65 72 77
65 73 83
65 74 20
65 75 42
65 76 46
65 77 72
65 78 2
66 67 60
66 68 11
66 69 62
66 70 74
66 71 25
66 72 44
66 73 91
66 74 61
66 75 48
66 76 40
66 77 23
66 78 93
67 68 71
67 69 58
67 70 44
67 71 12
67 72 20
67 73 29
67 74 85
67 75 92
67 76 77
67 77 37
67 78 42
68 69 24
68 70 64
68 71 61
68 72 81
68 73 3
68 74 48
68 75 15
68 76 23
68 77 71
68 78 2
69 70 97
69 71 48
69 72 58
69 73 39
69 74 43
69 75 48
69 76 69
69 77 88
69 78 57
70 71 16
70 72 56
70 73 10
70 74 10
70 75 78
70 76 68
70 77 97
70 78 24
71 72 47
71 73 34
71 74 83
71 75 50
71 76 25
71 77 32
71 78 48
72 73 1
72 74 88
72 75 70
72 76 70
72 77 24
72 78 34
73 74 84
73 75 5
73 76 38
73 77 4
73 78 21
74 75 27
74 76 26
74 77 31
74 78 90
75 76 58
75 77 70
75 78 8
76 77 60
76 78 70
77 78 97
