65 2080 64
1 2 46
1 3 33
1 4 32
1 5 3
1 6 63
1 7 48
1 8 100
1 9 17
1 10 54
1 11 35
1 12 84
1 13 8
1 14 22
1 15 96
1 16 65
1 17 99
1 18 66
1 19 63
1 20 1
1 21 4
1 22 98
1 23 28
1 24 11
1 25 23
1 26 81
1 27 90
1 28 48
1 29 20
1 30 80
1 31 23
1 32 51
1 33 60
1 34 45
1 35 88
1 36 91
1 37 18
1 38 66
1 39 74
1 40 22
1 41 7
1 42 51
1 43 45
1 44 49
1 45 11
1 46 73
1 47 62
1 48 72
1 49 36
1 50 50
1 51 30
1 52 3
1 53 71
1 54 23
1 55 99
1 56 22
1 57 5
1 58 95
1 59 97
1 60 8
1 61 38
1 62 54
1 63 54
1 64 55
1 65 41
2 3 4
2 4 19
2 5 47
2 6 66
2 7 57
2 8 45
2 9 16
2 10 55
2 11 17
2 12 70
2 13 71
2 14 15
2 15 17
2 16 62
2 17 56
2 18 35
2 19 84
2 20 71
2 21 93
2 22 97
2 23 56
2 24 69
2 25 72
2 26 57
2 27 87
2 28 71
2 29 24
2 30 71
2 31 63
2 32 72
2 33 50
2 34 50
2 35 63
2 36 60
2 37 13
2 38 32
2 39 61
2 40 56
2 41 71
2 42 100
2 43 3
2 44 58
2 45 56
2 46 35
2 47 32
2 48 11
2 49 23
2 50 22
2 51 31
2 52 5
2 53 25
2 54 15
2 55 27
2 56 42
2 57 49
2 58 60
2 59 25
2 60 70
2 61 62
2 62 8
2 63 31
2 64 6
2 65 26
3 4 56
3 5 2
3 6 71
3 7 20
3 8 93
3 9 78
3 10 55
3 11 60
3 12 57
3 13 47
3 14 26
3 15 48
3 16 66
3 17 46
3 18 89
3 19 23
3 20 69
3 21 71
3 22 96
3 23 50
3 24 17
3 25 85
3 26 7
3 27 17
3 28 85
3 29 40
3 30 84
3 31 37
3 32 40
3 33 22
3 34 62
3 35 26
3 36 100
3 37 82
3 38 66
3 39 36
3 40 13
3 41 69
3 42 62
3 43 72
3 44 11
3 45 97
3 46 40
3 47 69
3 48 24
3 49 25
3 50 33
3 51 66
3 52 82
3 53 50
3 54 89
3 55 36
3 56 39
3 57 93
3 58 72
3 59 37
3 60 81
3 61 87
3 62 23
3 63 5
3 64 94
3 65 14
4 5 87
4 6 79
4 7 53
4 8 35
4 9 97
4 10 70
4 11 5
4 12 28
4 13 97
4 14 68
4 15 52
4 16 83
4 17 11
4 18 2
4 19 86
4 20 40
4 21 43
4 22 78
4 23 6
4 24 73
4 25 82
4 26 57
4 27 14
4 28 8
4 29 69
4 30 87
4 31 55
4 32 89
4 33 40
4 34 20
4 35 46
4 36 15
4 37 82
4 38 94
4 39 57
4 40 36
4 41 35
4 42 97
4 43 77
4 44 32
4 45 47
4 46 12
4 47 57
4 48 52
4 49 75
4 50 18
4 51 82
4 52 54
4 53 50
4 54 3
4 55 72
4 56 88
4 57 80
4 58 42
4 59 81
4 60 2
4 61 88
4 62 98
4 63 55
4 64 15
4 65 91
5 6 41
5 7 51
5 8 57
5 9 74
5 10 32
5 11 59
5 12 72
5 13 3
5 14 19
5 15 38
5 16 20
5 17 12
5 18 14
5 19 13
5 20 89
5 21 29
5 22 79
5 23 74
5 24 53
5 25 26
5 26 34
5 27 69
5 28 6
5 29 93
5 30 6
5 31 81
5 32 53
5 33 87
5 34 1
5 35 29
5 36 77
5 37 44
5 38 3
5 39 72
5 40 76
5 41 23
5 42 1
5 43 8
5 44 7
5 45 10
5 46 47
5 47 11
5 48 75
5 49 49
5 50 53
5 51 3
5 52 61
5 53 65
5 54 13
5 55 32
5 56 33
5 57 56
5 58 55
5 59 90
5 60 28
5 61 40
5 62 87
5 63 78
5 64 66
5 65 71
6 7 35
6 8 78
6 9 97
6 10 34
6 11 34
6 12 34
6 13 26
6 14 19
6 15 97
6 16 18
6 17 15
6 18 9
6 19 14
6 20 96
6 21 89
6 22 4
6 23 86
6 24 46
6 25 8
6 26 55
6 27 68
6 28 67
6 29 53
6 30 63
6 31 91
6 32 100
6 33 11
6 34 75
6 35 18
6 36 3
6 37 95
6 38 24
6 39 10
6 40 85
6 41 1
6 42 83
6 43 63
6 44 69
6 45 35
6 46 96
6 47 42
6 48 13
6 49 62
6 50 70
6 51 27
6 52 76
6 53 60
6 54 64
6 55 6
6 56 38
6 57 10
6 58 17
6 59 87
6 60 15
6 61 16
6 62 39
6 63 88
6 64 21
6 65 68
7 8 37
7 9 96
7 10 59
7 11 76
7 12 30
7 13 16
7 14 52
7 15 69
7 16 38
7 17 66
7 18 100
7 19 4
7 20 64
7 21 32
7 22 34
7 23 91
7 24 76
7 25 86
7 26 68
7 27 83
7 28 37
7 29 46
7 30 18
7 31 60
7 32 44
7 33 8
7 34 10
7 35 23
7 36 88
7 37 42
7 38 49
7 39 41
7 40 44
7 41 54
7 42 41
7 43 83
7 44 42
7 45 19
7 46 54
7 47 47
7 48 20
7 49 45
7 50 21
7 51 4
7 52 67
7 53 35
7 54 26
7 55 27
7 56 29
7 57 14
7 58 99
7 59 16
7 60 91
7 61 29
7 62 57
7 63 95
7 64 93
7 65 12
8 9 13
8 10 10
8 11 11
8 12 18
8 13 90
8 14 21
8 15 20
8 16 32
8 17 91
8 18 5
8 19 37
8 20 59
8 21 100
8 22 62
8 23 35
8 24 73
8 25 33
8 26 14
8 27 75
8 28 100
8 29 77
8 30 28
8 31 57
8 32 8
8 33 33
8 34 100
8 35 89
8 36 21
8 37 15
8 38 41
8 39 100
8 40 74
8 41 97
8 42 30
8 43 60
8 44 33
8 45 50
8 46 66
8 47 70
8 48 2
8 49 33
8 50 57
8 51 38
8 52 69
8 53 27
8 54 97
8 55 38
8 56 27
8 57 56
8 58 12
8 59 28
8 60 51
8 61 15
8 62 49
8 63 17
8 64 51
8 65 9
9 10 31
9 11 96
9 12 60
9 13 80
9 14 38
9 15 89
9 16 54
9 17 60
9 18 74
9 19 19
9 20 65
9 21 52
9 22 14
9 23 24
9 24 30
9 25 54
9 26 32
9 27 93
9 28 60
9 29 64
9 30 53
9 31 55
9 32 30
9 33 39
9 34 39
9 35 74
9 36 50
9 37 82
9 38 14
9 39 88
9 40 42
9 41 38
9 42 97
9 43 92
9 44 57
9 45 23
9 46 97
9 47 90
9 48 99
9 49 8
9 50 84
9 51 34
9 52 72
9 53 35
9 54 95
9 55 58
9 56 13
9 57 5
9 58 95
9 59 100
9 60 69
9 61 51
9 62 45
9 63 38
9 64 8
9 65 29
10 11 14
10 12 85
10 13 40
10 14 62
10 15 22
10 16 36
10 17 33
10 18 59
10 19 34
10 20 85
10 21 63
10 22 58
10 23 100
10 24 57
10 25 89
10 26 31
10 27 78
10 28 98
10 29 39
10 30 88
10 31 47
10 32 23
10 33 58
10 34 20
10 35 73
10 36 60
10 37 15
10 38 99
10 39 85
10 40 18
10 41 85
10 42 32
10 43 97
10 44 1
10 45 52
10 46 80
10 47 37
10 48 88
10 49 8
10 50 58
10 51 65
10 52 83
10 53 75
10 54 78
10 55 66
10 56 10
10 57 23
10 58 73
10 59 94
10 60 2
10 61 5
10 62 20
10 63 79
10 64 35
10 65 84
11 12 89
11 13 44
11 14 10
11 15 27
11 16 56
11 17 22
11 18 75
11 19 32
11 20 10
11 21 90
11 22 100
11 23 14
11 24 64
11 25 92
11 26 95
11 27 51
11 28 37
11 29 98
11 30 70
11 31 73
11 32 48
11 33 15
11 34 7
11 35 35
11 36 93
11 37 29
11 38 58
11 39 21
11 40 8
11 41 7
11 42 3
11 43 37
11 44 79
11 45 63
11 46 20
11 47 49
11 48 76
11 49 91
11 50 79
11 51 33
11 52 52
11 53 6
11 54 79
11 55 84
11 56 10
11 57 36
11 58 88
11 59 32
11 60 8
11 61 89
11 62 65
11 63 96
11 64 65
11 65 71
12 13 20
12 14 28
12 15 98
12 16 22
12 17 26
12 18 66
12 19 61
12 20 36
12 21 34
12 22 75
12 23 7
12 24 35
12 25 8
12 26 78
12 27 73
12 28 32
12 29 38
12 30 62
12 31 99
12 32 81
12 33 33
12 34 49
12 35 67
12 36 44
12 37 94
12 38 81
12 39 52
12 40 49
12 41 4
12 42 71
12 43 35
12 44 35
12 45 65
12 46 43
12 47 54
12 48 99
12 49 90
12 50 13
12 51 35
12 52 1
12 53 73
12 54 37
12 55 8
12 56 31
12 57 86
12 58 80
12 59 79
12 60 74
12 61 21
12 62 73
12 63 9
12 64 16
12 65 5
13 14 76
13 15 1
13 16 5
13 17 29
13 18 86
13 19 43
13 20 78
13 21 18
13 22 86
13 23 85
13 24 16
13 25 72
13 26 34
13 27 9
13 28 91
13 29 61
13 30 93
13 31 56
13 32 42
13 33 84
13 34 84
13 35 1
13 36 23
13 37 57
13 38 30
13 39 11
13 40 67
13 41 78
13 42 24
13 43 20
13 44 100
13 45 14
13 46 46
13 47 26
13 48 64
13 49 72
13 50 5
13 51 5
13 52 55
13 53 6
13 54 41
13 55 47
13 56 60
13 57 3
13 58 71
13 59 82
13 60 72
13 61 10
13 62 87
13 63 82
13 64 53
13 65 74
14 15 70
14 16 32
14 17 54
14 18 71
14 19 3
14 20 51
14 21 79
14 22 43
14 23 46
14 24 52
14 25 66
14 26 15
14 27 73
14 28 5
14 29 36
14 30 56
14 31 13
14 32 5
14 33 69
14 34 60
14 35 55
14 36 33
14 37 33
14 38 70
14 39 53
14 40 14
14 41 99
14 42 94
14 43 19
14 44 15
14 45 31
14 46 55
14 47 59
14 48 29
14 49 1
14 50 56
14 51 33
14 52 55
14 53 23
14 54 54
14 55 6
14 56 20
14 57 72
14 58 68
14 59 50
14 60 96
14 61 66
14 62 1
14 63 36
14 64 95
14 65 83
15 16 23
15 17 25
15 18 58
15 19 78
15 20 9
15 21 26
15 22 46
15 23 9
15 24 44
15 25 8
15 26 49
15 27 82
15 28 9
15 29 30
15 30 26
15 31 95
15 32 35
15 33 26
15 34 100
15 35 99
15 36 33
15 37 75
15 38 11
15 39 80
15 40 58
15 41 43
15 42 33
15 43 82
15 44 19
15 45 50
15 46 69
15 47 31
15 48 51
15 49 38
15 50 30
15 51 35
15 52 4
15 53 16
15 54 31
15 55 59
15 56 70
15 57 3
15 58 53
15 59 64
15 60 17
15 61 4
15 62 83
15 63 56
15 64 49
15 65 87
16 17 5
16 18 91
16 19 29
16 20 6
16 21 30
16 22 33
16 23 45
16 24 30
16 25 10
16 26 12
16 27 99
16 28 28
16 29 13
16 30 52
16 31 87
16 32 66
16 33 91
16 34 92
16 35 82
16 36 29
16 37 88
16 38 23
16 39 13
16 40 60
16 41 18
16 42 16
16 43 39
16 44 33
16 45 68
16 46 78
16 47 38
16 48 83
16 49 31
16 50 34
16 51 92
16 52 30
16 53 96
16 54 48
16 55 25
16 56 10
16 57 42
16 58 3
16 59 87
16 60 45
16 61 82
16 62 33
16 63 72
16 64 37
16 65 54
17 18 18
17 19 39
17 20 4
17 21 83
17 22 14
17 23 93
17 24 75
17 25 66
17 26 11
17 27 71
17 28 40
17 29 30
17 30 30
17 31 69
17 32 9
17 33 66
17 34 15
17 35 20
17 36 33
17 37 50
17 38 72
17 39 34
17 40 8
17 41 33
17 42 63
17 43 90
17 44 89
17 45 71
17 46 9
17 47 7
17 48 81
17 49 86
17 50 88
17 51 21
17 52 87
17 53 89
17 54 33
17 55 60
17 56 32
17 57 19
17 58 36
17 59 33
17 60 84
17 61 83
17 62 39
17 63 51
17 64 94
17 65 98
18 19 72
18 20 4
18 21 58
18 22 31
18 23 66
18 24 39
18 25 35
18 26 64
18 27 19
18 28 39
18 29 8
18 30 54
18 31 48
18 32 88
18 33 53
18 34 71
18 35 13
18 36 97
18 37 83
18 38 5
18 39 79
18 40 46
18 41 83
18 42 37
18 43 5
18 44 60
18 45 86
18 46 40
18 47 18
18 48 74
18 49 63
18 50 99
18 51 82
18 52 73
18 53 55
18 54 63
18 55 17
18 56 23
18 57 75
18 58 40
18 59 31
18 60 10
18 61 28
18 62 50
18 63 82
18 64 10
18 65 75
19 20 60
19 21 66
19 22 45
19 23 79
19 24 4
19 25 93
19 26 31
19 27 23
19 28 82
19 29 4
19 30 14
19 31 83
19 32 55
19 33 6
19 34 63
19 35 71
19 36 91
19 37 46
19 38 75
19 39 23
19 40 58
19 41 70
19 42 84
19 43 76
19 44 28
19 45 15
19 46 61
19 47 9
19 48 62
19 49 2
19 50 26
19 51 36
19 52 4
19 53 55
19 54 95
19 55 64
19 56 11
19 57 31
19 58 13
19 59 84
19 60 87
19 61 5
19 62 42
19 63 87
19 64 25
19 65 86
20 21 92
20 22 1
20 23 34
20 24 59
20 25 5
20 26 95
20 27 17
20 28 9
20 29 62
20 30 34
20 31 12
20 32 61
20 33 43
20 34 95
20 35 54
20 36 51
20 37 32
20 38 15
20 39 52
20 40 97
20 41 24
20 42 18
20 43 9
20 44 42
20 45 73
20 46 46
20 47 86
20 48 97
20 49 33
20 50 22
20 51 89
20 52 24
20 53 10
20 54 41
20 55 40
20 56 35
20 57 87
20 58 23
20 59 27
20 60 9
20 61 14
20 62 79
20 63 39
20 64 32
20 65 19
21 22 37
21 23 74
21 24 71
21 25 6
21 26 97
21 27 70
21 28 27
21 29 34
21 30 88
21 31 74
21 32 32
21 33 80
21 34 83
21 35 35
21 36 13
21 37 4
21 38 22
21 39 4
21 40 38
21 41 17
21 42 48
21 43 33
21 44 28
21 45 10
21 46 97
21 47 55
21 48 5
21 49 47
21 50 46
21 51 13
21 52 89
21 53 34
21 54 91
21 55 48
21 56 25
21 57 2
21 58 16
21 59 41
21 60 84
21 61 82
21 62 77
21 63 66
21 64 4
21 65 30
22 23 18
22 24 37
22 25 58
22 26 13
22 27 29
22 28 19
22 29 60
22 30 92
22 31 91
22 32 25
22 33 50
22 34 98
22 35 46
22 36 50
22 37 8
22 38 20
22 39 52
22 40 86
22 41 74
22 42 42
22 43 29
22 44 42
22 45 28
22 46 63
22 47 11
22 48 47
22 49 80
22 50 47
22 51 97
22 52 50
22 53 48
22 54 54
22 55 93
22 56 46
22 57 1
22 58 29
22 59 24
22 60 82
22 61 29
22 62 27
22 63 47
22 64 74
22 65 30
23 24 81
23 25 34
23 26 43
23 27 46
23 28 34
23 29 38
23 30 38
23 31 23
23 32 96
23 33 81
23 34 41
23 35 11
23 36 53
23 37 78
23 38 28
23 39 4
23 40 40
23 41 98
23 42 10
23 43 48
23 44 18
23 45 93
23 46 95
23 47 70
23 48 50
23 49 56
23 50 55
23 51 34
23 52 73
23 53 89
23 54 45
23 55 20
23 56 41
23 57 74
23 58 22
23 59 14
23 60 80
23 61 44
23 62 15
23 63 86
23 64 47
23 65 99
24 25 17
24 26 98
24 27 69
24 28 97
24 29 68
24 30 70
24 31 99
24 32 64
24 33 49
24 34 97
24 35 76
24 36 2
24 37 38
24 38 41
24 39 80
24 40 81
24 41 87
24 42 89
24 43 13
24 44 66
24 45 38
24 46 33
24 47 45
24 48 54
24 49 19
24 50 91
24 51 19
24 52 78
24 53 64
24 54 37
24 55 63
24 56 99
24 57 42
24 58 74
24 59 97
24 60 59
24 61 32
24 62 75
24 63 39
24 64 34
24 65 84
25 26 54
25 27 69
25 28 10
25 29 80
25 30 7
25 31 46
25 32 58
25 33 46
25 34 6
25 35 80
25 36 66
25 37 41
25 38 40
25 39 68
25 40 24
25 41 48
25 42 57
25 43 68
25 44 22
25 45 9
25 46 29
25 47 21
25 48 98
25 49 26
25 50 92
25 51 49
25 52 34
25 53 31
25 54 98
25 55 75
25 56 17
25 57 88
25 58 47
25 59 52
25 60 6
25 61 38
25 62 17
25 63 78
25 64 58
25 65 62
26 27 53
26 28 56
26 29 22
26 30 6
26 31 42
26 32 13
26 33 27
26 34 62
26 35 46
26 36 29
26 37 84
26 38 37
26 39 58
26 40 40
26 41 12
26 42 97
26 43 87
26 44 52
26 45 49
26 46 59
26 47 22
26 48 19
26 49 81
26 50 12
26 51 31
26 52 13
26 53 92
26 54 32
26 55 43
26 56 47
26 57 1
26 58 61
26 59 31
26 60 88
26 61 61
26 62 22
26 63 61
26 64 23
26 65 56
27 28 34
27 29 54
27 30 29
27 31 12
27 32 36
27 33 98
27 34 95
27 35 55
27 36 89
27 37 55
27 38 55
27 39 47
27 40 49
27 41 98
27 42 21
27 43 70
27 44 40
27 45 50
27 46 31
27 47 81
27 48 4
27 49 59
27 50 63
27 51 56
27 52 13
27 53 20
27 54 54
27 55 59
27 56 63
27 57 22
27 58 84
27 59 18
27 60 66
27 61 29
27 62 83
27 63 43
27 64 59
27 65 7
28 29 20
28 30 5
28 31 95
28 32 59
28 33 56
28 34 11
28 35 1
28 36 40
28 37 11
28 38 94
28 39 77
28 40 79
28 41 11
28 42 30
28 43 81
28 44 27
28 45 84
28 46 83
28 47 86
28 48 67
28 49 31
28 50 72
28 51 94
28 52 42
28 53 75
28 54 44
28 55 41
28 56 2
28 57 67
28 58 43
28 59 50
28 60 48
28 61 44
28 62 67
28 63 6
28 64 80
28 65 26
29 30 67
29 31 11
29 32 89
29 33 16
29 34 28
29 35 69
29 36 12
29 37 49
29 38 24
29 39 56
29 40 54
29 41 20
29 42 99
29 43 10
29 44 60
29 45 34
29 46 92
29 47 5
29 48 4
29 49 90
29 50 54
29 51 2
29 52 64
29 53 74
29 54 80
29 55 64
29 56 64
29 57 26
29 58 20
29 59 11
29 60 4
29 61 60
29 62 52
29 63 28
29 64 37
29 65 95
30 31 9
30 32 43
30 33 45
30 34 68
30 35 17
30 36 20
30 37 97
30 38 43
30 39 20
30 40 84
30 41 8
30 42 77
30 43 51
30 44 87
30 45 72
30 46 74
30 47 27
30 48 74
30 49 52
30 50 28
30 51 31
30 52 38
30 53 60
30 54 12
30 55 11
30 56 29
30 57 19
30 58 73
30 59 96
30 60 69
30 61 60
30 62 93
30 63 3
30 64 71
30 65 56
31 32 64
31 33 62
31 34 14
31 35 3
31 36 42
31 37 38
31 38 9
31 39 80
31 40 3
31 41 5
31 42 19
31 43 1
31 44 29
31 45 27
31 46 11
31 47 24
31 48 77
31 49 54
31 50 72
31 51 60
31 52 20
31 53 25
31 54 29
31 55 89
31 56 31
31 57 83
31 58 17
31 59 63
31 60 47
31 61 95
31 62 33
31 63 14
31 64 84
31 65 85
32 33 90
32 34 47
32 35 88
32 36 11
32 37 38
32 38 33
32 39 7
32 40 54
32 41 5
32 42 94
32 43 95
32 44 73
32 45 54
32 46 35
32 47 66
32 48 69
32 49 99
32 50 83
32 51 33
32 52 7
32 53 93
32 54 32
32 55 73
32 56 15
32 57 65
32 58 62
32 59 45
32 60 44
32 61 96
32 62 81
32 63 30
32 64 89
32 65 37
33 34 47
33 35 91
33 36 98
33 37 9
33 38 11
33 39 7
33 40 74
33 41 37
33 42 33
33 43 16
33 44 14
33 45 62
33 46 21
33 47 65
33 48 38
33 49 63
33 50 80
33 51 65
33 52 80
33 53 27
33 54 100
33 55 97
33 56 7
33 57 30
33 58 69
33 59 11
33 60 96
33 61 23
33 62 38
33 63 74
33 64 74
33 65 87
34 35 45
34 36 89
34 37 88
34 38 73
34 39 7
34 40 12
34 41 77
34 42 51
34 43 82
34 44 97
34 45 44
34 46 51
34 47 66
34 48 39
34 49 7
34 50 81
34 51 60
34 52 65
34 53 40
34 54 54
34 55 14
34 56 87
34 57 41
34 58 8
34 59 18
34 60 66
34 61 4
34 62 21
34 63 35
34 64 52
34 65 12
35 36 89
35 37 65
35 38 21
35 39 9
35 40 17
35 41 55
35 42 29
35 43 96
35 44 98
35 45 71
35 46 25
35 47 33
35 48 67
35 49 23
35 50 41
35 51 37
35 52 86
35 53 21
35 54 15
35 55 51
35 56 16
35 57 95
35 58 58
35 59 54
35 60 94
35 61 82
35 62 30
35 63 32
35 64 55
35 65 22
36 37 80
36 38 53
36 39 86
36 40 29
36 41 44
36 42 12
36 43 19
36 44 86
36 45 79
36 46 23
36 47 16
36 48 79
36 49 12
36 50 40
36 51 15
36 52 71
36 53 43
36 54 2
36 55 94
36 56 97
36 57 45
36 58 54
36 59 55
36 60 39
36 61 26
36 62 46
36 63 62
36 64 26
36 65 70
37 38 29
37 39 53
37 40 36
37 41 48
37 42 45
37 43 10
37 44 95
37 45 7
37 46 32
37 47 24
37 48 11
37 49 61
37 50 20
37 51 71
37 52 34
37 53 57
37 54 1
37 55 90
37 56 4
37 57 30
37 58 40
37 59 95
37 60 22
37 61 61
37 62 66
37 63 33
37 64 81
37 65 62
38 39 66
38 40 20
38 41 35
38 42 48
38 43 19
38 44 50
38 45 48
38 46 14
38 47 61
38 48 55
38 49 59
38 50 75
38 51 51
38 52 75
38 53 52
38 54 30
38 55 45
38 56 1
38 57 23
38 58 75
38 59 85
38 60 53
38 61 49
38 62 61
38 63 47
38 64 2
38 65 32
39 40 87
39 41 41
39 42 21
39 43 64
39 44 33
39 45 18
39 46 89
39 47 79
39 48 60
39 49 11
39 50 29
39 51 88
39 52 83
39 53 15
39 54 80
39 55 21
39 56 14
39 57 56
39 58 16
39 59 74
39 60 10
39 61 24
39 62 9
39 63 50
39 64 32
39 65 25
40 41 65
40 42 34
40 43 61
40 44 85
40 45 3
40 46 99
40 47 35
40 48 72
40 49 62
40 50 47
40 51 14
40 52 77
40 53 7
40 54 98
40 55 52
40 56 83
40 57 26
40 58 6
40 59 45
40 60 54
40 61 99
40 62 33
40 63 40
40 64 19
40 65 70
41 42 27
41 43 3
41 44 67
41 45 46
41 46 93
41 47 56
41 48 49
41 49 60
41 50 76
41 51 59
41 52 3
41 53 32
41 54 8
41 55 26
41 56 24
41 57 38
41 58 25
41 59 7
41 60 11
41 61 56
41 62 78
41 63 42
41 64 44
41 65 86
42 43 92
42 44 95
42 45 98
42 46 37
42 47 5
42 48 26
42 49 20
42 50 3
42 51 71
42 52 70
42 53 8
42 54 48
42 55 56
42 56 12
42 57 78
42 58 1
42 59 24
42 60 42
42 61 9
42 62 70
42 63 75
42 64 26
42 65 67
43 44 90
43 45 68
43 46 9
43 47 22
43 48 8
43 49 22
43 50 84
43 51 1
43 52 31
43 53 100
43 54 45
43 55 36
43 56 99
43 57 49
43 58 69
43 59 59
43 60 12
43 61 30
43 62 88
43 63 16
43 64 31
43 65 20
44 45 33
44 46 19
44 47 14
44 48 44
44 49 86
44 50 98
44 51 75
44 52 40
44 53 69
44 54 26
44 55 73
44 56 97
44 57 14
44 58 26
44 59 3
44 60 78
44 61 88
44 62 1
44 63 52
44 64 25
44 65 85
45 46 95
45 47 43
45 48 53
45 49 2
45 50 29
45 51 23
45 52 49
45 53 88
45 54 45
45 55 67
45 56 35
45 57 9
45 58 49
45 59 59
45 60 20
45 61 37
45 62 46
45 63 29
45 64 75
45 65 52
46 47 15
46 48 50
46 49 47
46 50 9
46 51 73
46 52 28
46 53 7
46 54 83
46 55 22
46 56 42
46 57 65
46 58 49
46 59 96
46 60 18
46 61 5
46 62 31
46 63 40
46 64 12
46 65 92
47 48 90
47 49 57
47 50 69
47 51 86
47 52 67
47 53 30
47 54 91
47 55 31
47 56 43
47 57 78
47 58 90
47 59 64
47 60 63
47 61 96
47 62 58
47 63 62
47 64 89
47 65 1
48 49 59
48 50 28
48 51 69
48 52 10
48 53 75
48 54 16
48 55 59
48 56 33
48 57 22
48 58 85
48 59 31
48 60 47
48 61 35
48 62 39
48 63 12
48 64 68
48 65 18
49 50 86
49 51 40
49 52 9
49 53 31
49 54 35
49 55 74
49 56 52
49 57 6
49 58 69
49 59 25
49 60 71
49 61 13
49 62 28
49 63 4
49 64 95
49 65 27
50 51 9
50 52 31
50 53 25
50 54 10
50 55 24
50 56 16
50 57 10
50 58 11
50 59 90
50 60 24
50 61 52
50 62 63
50 63 14
50 64 28
50 65 20
51 52 28
51 53 52
51 54 86
51 55 26
51 56 84
51 57 73
51 58 84
51 59 59
51 60 43
51 61 35
51 62 6
51 63 49
51 64 85
51 65 91
52 53 74
52 54 4
52 55 12
52 56 18
52 57 46
52 58 39
52 59 75
52 60 48
52 61 37
52 62 82
52 63 37
52 64 55
52 65 34
53 54 76
53 55 7
53 56 43
53 57 32
53 58 39
53 59 12
53 60 34
53 61 41
53 62 38
53 63 75
53 64 11
53 65 89
54 55 79
54 56 6
54 57 22
54 58 38
54 59 80
54 60 66
54 61 33
54 62 31
54 63 17
54 64 10
54 65 7
55 56 31
55 57 86
55 58 27
55 59 37
55 60 89
55 61 19
55 62 90
55 63 31
55 64 42
55 65 53
56 57 83
56 58 54
56 59 54
56 60 73
56 61 56
56 62 54
56 63 74
56 64 70
56 65 70
57 58 93
57 59 43
57 60 34
57 61 4
57 62 29
57 63 67
57 64 43
57 65 80
58 59 45
58 60 6
58 61 54
58 62 87
58 63 17
58 64 77
58 65 63
59 60 82
59 61 45
59 62 47
59 63 88
59 64 46
59 65 15
60 61 34
60 62 47
60 63 88
60 64 9
60 65 99
61 62 78
61 63 63
61 64 25
61 65 64
62 63 6
62 64 60
62 65 79
63 64 47
63 65 10
64 65 53
