72 2556 71
1 2 16
1 3 88
1 4 42
1 5 4
1 6 72
1 7 67
1 8 68
1 9 36
1 10 64
1 11 61
1 12 94
1 13 3
1 14 3
1 15 77
1 16 70
1 17 86
1 18 20
1 19 33
1 20 100
1 21 30
1 22 44
1 23 66
1 24 95
1 25 20
1 26 52
1 27 60
1 28 69
1 29 79
1 30 35
1 31 14
1 32 95
1 33 50
1 34 18
1 35 13
1 36 17
1 37 77
1 38 9
1 39 1
1 40 56
1 41 79
1 42 72
1 43 3
1 44 32
1 45 36
1 46 9
1 47 8
1 48 34
1 49 56
1 50 31
1 51 31
1 52 100
1 53 89
1 54 21
1 55 71
1 56 57
1 57 26
1 58 56
1 59 58
1 60 55
1 61 85
1 62 32
1 63 69
1 64 63
1 65 92
1 66 88
1 67 37
1 68 24
1 69 91
1 70 99
1 71 88
1 72 45
2 3 11
2 4 44
2 5 41
2 6 2
2 7 19
2 8 76
2 9 94
2 10 80
2 11 53
2 12 91
2 13 3
2 14 88
2 15 10
2 16 57
2 17 47
2 18 14
2 19 10
2 20 31
2 21 93
2 22 49
2 23 50
2 24 36
2 25 17
2 26 71
2 27 60
2 28 15
2 29 24
2 30 56
2 31 7
2 32 43
2 33 50
2 34 22
2 35 34
2 36 49
2 37 47
2 38 67
2 39 34
2 40 75
2 41 7
2 42 58
2 43 59
2 44 23
2 45 35
2 46 86
2 47 23
2 48 41
2 49 82
2 50 58
2 51 22
2 52 28
2 53 38
2 54 27
2 55 54
2 56 45
2 57 100
2 58 62
2 59 48
2 60 67
2 61 32
2 62 37
2 63 61
2 64 3
2 65 15
2 66 100
2 67 11
2 68 91
2 69 39
2 70 60
2 71 47
2 72 44
3 4 51
3 5 26
3 6 74
3 7 37
3 8 94
3 9 31
3 10 48
3 11 18
3 12 31
3 13 19
3 14 14
3 15 28
3 16 70
3 17 70
3 18 24
3 19 34
3 20 60
3 21 43
3 22 82
3 23 81
3 24 11
3 25 83
3 26 60
3 27 21
3 28 16
3 29 77
3 30 63
3 31 68
3 32 12
3 33 63
3 34 46
3 35 98
3 36 1
3 37 55
3 38 54
3 39 1
3 40 47
3 41 84
3 42 49
3 43 47
3 44 77
3 45 92
3 46 48
3 47 47
3 48 19
3 49 52
3 50 7
3 51 50
3 52 59
3 53 66
3 54 2
3 55 34
3 56 85
3 57 84
3 58 14
3 59 66
3 60 63
3 61 66
3 62 66
3 63 82
3 64 62
3 65 46
3 66 27
3 67 83
3 68 33
3 69 64
3 70 8
3 71 2
3 72 99
4 5 15
4 6 9
4 7 77
4 8 20
4 9 94
4 10 56
4 11 27
4 12 28
4 13 73
4 14 26
4 15 67
4 16 53
4 17 65
4 18 76
4 19 54
4 20 86
4 21 92
4 22 36
4 23 91
4 24 93
4 25 24
4 26 94
4 27 29
4 28 58
4 29 7
4 30 75
4 31 78
4 32 52
4 33 50
4 34 30
4 35 54
4 36 49
4 37 52
4 38 49
4 39 24
4 40 44
4 41 31
4 42 87
4 43 27
4 44 22
4 45 21
4 46 67
4 47 30
4 48 91
4 49 35
4 50 3
4 51 61
4 52 40
4 53 53
4 54 53
4 55 8
4 56 77
4 57 42
4 58 65
4 59 9
4 60 51
4 61 26
4 62 49
4 63 72
4 64 17
4 65 77
4 66 15
4 67 33
4 68 92
4 69 95
4 70 86
4 71 91
4 72 81
5 6 67
5 7 78
5 8 69
5 9 77
5 10 26
5 11 48
5 12 94
5 13 35
5 14 6
5 15 55
5 16 63
5 17 65
5 18 47
5 19 68
5 20 36
5 21 31
5 22 2
5 23 52
5 24 27
5 25 78
5 26 19
5 27 74
5 28 74
5 29 9
5 30 91
5 31 70
5 32 4
5 33 58
5 34 36
5 35 72
5 36 26
5 37 28
5 38 73
5 39 40
5 40 55
5 41 10
5 42 26
5 43 18
5 44 4
5 45 75
5 46 69
5 47 11
5 48 87
5 49 73
5 50 10
5 51 58
5 52 45
5 53 18
5 54 42
5 55 53
5 56 87
5 57 16
5 58 95
5 59 22
5 60 35
5 61 50
5 62 39
5 63 64
5 64 12
5 65 84
5 66 73
5 67 98
5 68 19
5 69 86
5 70 60
5 71 83
5 72 63
6 7 39
6 8 80
6 9 58
6 10 14
6 11 14
6 12 95
6 13 54
6 14 2
6 15 66
6 16 43
6 17 10
6 18 66
6 19 88
6 20 71
6 21 25
6 22 18
6 23 55
6 24 63
6 25 95
6 26 12
6 27 34
6 28 74
6 29 98
6 30 12
6 31 70
6 32 84
6 33 53
6 34 69
6 35 23
6 36 35
6 37 90
6 38 35
6 39 38
6 40 24
6 41 58
6 42 24
6 43 91
6 44 52
6 45 33
6 46 84
6 47 38
6 48 91
6 49 38
6 50 22
6 51 63
6 52 94
6 53 82
6 54 84
6 55 5
6 56 84
6 57 65
6 58 24
6 59 74
6 60 70
6 61 47
6 62 16
6 63 54
6 64 29
6 65 64
6 66 13
6 67 95
6 68 54
6 69 12
6 70 74
6 71 79
6 72 65
7 8 82
7 9 66
7 10 61
7 11 4
7 12 45
7 13 89
7 14 86
7 15 31
7 16 17
7 17 12
7 18 64
7 19 91
7 20 59
7 21 80
7 22 8
7 23 24
7 24 57
7 25 84
7 26 17
7 27 53
7 28 26
7 29 69
7 30 5
7 31 21
7 32 76
7 33 23
7 34 66
7 35 4
7 36 84
7 37 17
7 38 63
7 39 61
7 40 54
7 41 20
7 42 26
7 43 51
7 44 80
7 45 22
7 46 9
7 47 21
7 48 83
7 49 63
7 50 54
7 51 47
7 52 29
7 53 23
7 54 42
7 55 21
7 56 81
7 57 14
7 58 45
7 59 10
7 60 16
7 61 75
7 62 30
7 63 55
7 64 97
7 65 29
7 66 19
7 67 56
7 68 73
7 69 78
7 70 19
7 71 29
7 72 54
8 9 89
8 10 57
8 11 77
8 12 63
8 13 68
8 14 96
8 15 56
8 16 15
8 17 94
8 18 69
8 19 92
8 20 36
8 21 15
8 22 100
8 23 25
8 24 7
8 25 18
8 26 70
8 27 33
8 28 39
8 29 98
8 30 8
8 31 28
8 32 7
8 33 2
8 34 62
8 35 59
8 36 2
8 37 67
8 38 95
8 39 90
8 40 48
8 41 93
8 42 92
8 43 44
8 44 61
8 45 44
8 46 37
8 47 91
8 48 29
8 49 12
8 50 1
8 51 75
8 52 60
8 53 30
8 54 40
8 55 9
8 56 88
8 57 20
8 58 93
8 59 4
8 60 5
8 61 10
8 62 36
8 63 12
8 64 33
8 65 47
8 66 43
8 67 57
8 68 94
8 69 88
8 70 82
8 71 89
8 72 13
9 10 44
9 11 48
9 12 41
9 13 83
9 14 72
9 15 34
9 16 3
9 17 31
9 18 43
9 19 13
9 20 73
9 21 61
9 22 28
9 23 74
9 24 35
9 25 5
9 26 74
9 27 48
9 28 99
9 29 90
9 30 14
9 31 46
9 32 39
9 33 36
9 34 35
9 35 83
9 36 15
9 37 21
9 38 91
9 39 31
9 40 95
9 41 29
9 42 25
9 43 96
9 44 50
9 45 65
9 46 35
9 47 96
9 48 87
9 49 66
9 50 91
9 51 23
9 52 12
9 53 86
9 54 31
9 55 81
9 56 83
9 57 51
9 58 94
9 59 37
9 60 62
9 61 16
9 62 87
9 63 28
9 64 94
9 65 98
9 66 60
9 67 89
9 68 63
9 69 56
9 70 25
9 71 26
9 72 86
10 11 56
10 12 75
10 13 2
10 14 41
10 15 44
10 16 1
10 17 9
10 18 91
10 19 28
10 20 49
10 21 63
10 22 33
10 23 63
10 24 42
10 25 17
10 26 11
10 27 71
10 28 60
10 29 1
10 30 7
10 31 2
10 32 88
10 33 15
10 34 94
10 35 20
10 36 70
10 37 52
10 38 50
10 39 40
10 40 19
10 41 81
10 42 25
10 43 89
10 44 44
10 45 67
10 46 85
10 47 60
10 48 21
10 49 50
10 50 24
10 51 15
10 52 50
10 53 49
10 54 90
10 55 32
10 56 54
10 57 37
10 58 37
10 59 84
10 60 22
10 61 22
10 62 73
10 63 54
10 64 41
10 65 8
10 66 95
10 67 30
10 68 51
10 69 47
10 70 93
10 71 99
10 72 32
11 12 61
11 13 23
11 14 3
11 15 45
11 16 97
11 17 24
11 18 63
11 19 34
11 20 50
11 21 37
11 22 22
11 23 70
11 24 23
11 25 57
11 26 64
11 27 88
11 28 37
11 29 45
11 30 52
11 31 8
11 32 29
11 33 81
11 34 93
11 35 37
11 36 95
11 37 6
11 38 88
11 39 55
11 40 55
11 41 27
11 42 78
11 43 27
11 44 59
11 45 61
11 46 95
11 47 38
11 48 88
11 49 38
11 50 68
11 51 85
11 52 44
11 53 49
11 54 52
11 55 54
11 56 42
11 57 13
11 58 53
11 59 87
11 60 10
11 61 37
11 62 26
11 63 68
11 64 69
11 65 84
11 66 50
11 67 85
11 68 79
11 69 16
11 70 77
11 71 16
11 72 1
12 13 97
12 14 91
12 15 61
12 16 78
12 17 33
12 18 35
12 19 66
12 20 33
12 21 45
12 22 48
12 23 62
12 24 41
12 25 89
12 26 33
12 27 43
12 28 67
12 29 91
12 30 6
12 31 76
12 32 2
12 33 44
12 34 91
12 35 80
12 36 78
12 37 66
12 38 87
12 39 49
12 40 97
12 41 19
12 42 87
12 43 68
12 44 58
12 45 88
12 46 18
12 47 20
12 48 4
12 49 86
12 50 55
12 51 57
12 52 98
12 53 31
12 54 72
12 55 12
12 56 69
12 57 84
12 58 34
12 59 99
12 60 94
12 61 97
12 62 21
12 63 70
12 64 100
12 65 71
12 66 82
12 67 21
12 68 22
12 69 69
12 70 35
12 71 6
12 72 7
13 14 10
13 15 1
13 16 44
13 17 96
13 18 71
13 19 73
13 20 10
13 21 58
13 22 31
13 23 43
13 24 65
13 25 69
13 26 87
13 27 71
13 28 31
13 29 49
13 30 87
13 31 97
13 32 54
13 33 27
13 34 7
13 35 22
13 36 78
13 37 53
13 38 1
13 39 62
13 40 30
13 41 33
13 42 86
13 43 37
13 44 69
13 45 18
13 46 41
13 47 83
13 48 48
13 49 71
13 50 42
13 51 69
13 52 88
13 53 79
13 54 29
13 55 37
13 56 95
13 57 1
13 58 36
13 59 46
13 60 75
13 61 25
13 62 19
13 63 94
13 64 16
13 65 3
13 66 99
13 67 29
13 68 84
13 69 79
13 70 11
13 71 96
13 72 38
14 15 74
14 16 64
14 17 27
14 18 36
14 19 53
14 20 40
14 21 63
14 22 37
14 23 9
14 24 24
14 25 55
14 26 40
14 27 24
14 28 52
14 29 77
14 30 40
14 31 76
14 32 12
14 33 25
14 34 77
14 35 59
14 36 28
14 37 53
14 38 19
14 39 12
14 40 70
14 41 77
14 42 48
14 43 11
14 44 98
14 45 23
14 46 95
14 47 82
14 48 32
14 49 88
14 50 82
14 51 15
14 52 89
14 53 45
14 54 64
14 55 53
14 56 48
14 57 88
14 58 47
14 59 15
14 60 49
14 61 10
14 62 20
14 63 63
14 64 18
14 65 10
14 66 77
14 67 12
14 68 8
14 69 37
14 70 30
14 71 51
14 72 41
15 16 77
15 17 43
15 18 99
15 19 72
15 20 28
15 21 99
15 22 57
15 23 39
15 24 4
15 25 3
15 26 97
15 27 36
15 28 17
15 29 80
15 30 4
15 31 7
15 32 61
15 33 61
15 34 26
15 35 86
15 36 67
15 37 33
15 38 77
15 39 97
15 40 50
15 41 27
15 42 33
15 43 14
15 44 15
15 45 52
15 46 19
15 47 84
15 48 25
15 49 38
15 50 66
15 51 25
15 52 85
15 53 63
15 54 75
15 55 43
15 56 1
15 57 23
15 58 30
15 59 99
15 60 55
15 61 45
15 62 80
15 63 30
15 64 69
15 65 61
15 66 59
15 67 80
15 68 1
15 69 100
15 70 43
15 71 13
15 72 59
16 17 26
16 18 64
16 19 63
16 20 17
16 21 99
16 22 28
16 23 70
16 24 72
16 25 63
16 26 70
16 27 92
16 28 56
16 29 28
16 30 99
16 31 46
16 32 17
16 33 39
16 34 97
16 35 51
16 36 19
16 37 76
16 38 1
16 39 22
16 40 29
16 41 71
16 42 85
16 43 40
16 44 43
16 45 29
16 46 71
16 47 91
16 48 45
16 49 6
16 50 100
16 51 2
16 52 62
16 53 13
16 54 19
16 55 72
16 56 81
16 57 55
16 58 73
16 59 32
16 60 63
16 61 76
16 62 9
16 63 92
16 64 56
16 65 30
16 66 78
16 67 79
16 68 36
16 69 90
16 70 50
16 71 50
16 72 100
17 18 47
17 19 4
17 20 31
17 21 77
17 22 79
17 23 46
17 24 98
17 25 12
17 26 37
17 27 71
17 28 100
17 29 3
17 30 96
17 31 71
17 32 31
17 33 5
17 34 36
17 35 82
17 36 28
17 37 46
17 38 56
17 39 60
17 40 28
17 41 93
17 42 85
17 43 49
17 44 24
17 45 88
17 46 76
17 47 81
17 48 48
17 49 54
17 50 67
17 51 15
17 52 59
17 53 94
17 54 88
17 55 74
17 56 92
17 57 15
17 58 38
17 59 31
17 60 72
17 61 42
17 62 88
17 63 52
17 64 53
17 65 80
17 66 59
17 67 5
17 68 47
17 69 5
17 70 27
17 71 3
17 72 75
18 19 54
18 20 44
18 21 50
18 22 42
18 23 30
18 24 25
18 25 16
18 26 22
18 27 78
18 28 53
18 29 2
18 30 24
18 31 76
18 32 82
18 33 6
18 34 20
18 35 54
18 36 52
18 37 25
18 38 49
18 39 23
18 40 46
18 41 11
18 42 76
18 43 22
18 44 72
18 45 77
18 46 89
18 47 93
18 48 1
18 49 80
18 50 67
18 51 72
18 52 74
18 53 44
18 54 92
18 55 79
18 56 72
18 57 49
18 58 54
18 59 52
18 60 95
18 61 74
18 62 88
18 63 68
18 64 80
18 65 35
18 66 45
18 67 37
18 68 95
18 69 30
18 70 51
18 71 85
18 72 14
19 20 27
19 21 11
19 22 41
19 23 100
19 24 54
19 25 65
19 26 65
19 27 30
19 28 46
19 29 23
19 30 55
19 31 86
19 32 71
19 33 44
19 34 93
19 35 15
19 36 71
19 37 95
19 38 42
19 39 76
19 40 29
19 41 21
19 42 89
19 43 23
19 44 40
19 45 45
19 46 72
19 47 37
19 48 50
19 49 82
19 50 48
19 51 7
19 52 78
19 53 26
19 54 1
19 55 32
19 56 61
19 57 2
19 58 74
19 59 56
19 60 97
19 61 9
19 62 85
19 63 87
19 64 17
19 65 48
19 66 50
19 67 46
19 68 54
19 69 16
19 70 12
19 71 59
19 72 44
20 21 16
20 22 31
20 23 99
20 24 96
20 25 43
20 26 4
20 27 47
20 28 34
20 29 66
20 30 8
20 31 10
20 32 42
20 33 26
20 34 63
20 35 25
20 36 32
20 37 8
20 38 25
20 39 93
20 40 7
20 41 58
20 42 19
20 43 90
20 44 56
20 45 64
20 46 87
20 47 100
20 48 72
20 49 18
20 50 73
20 51 9
20 52 19
20 53 28
20 54 18
20 55 96
20 56 92
20 57 21
20 58 22
20 59 55
20 60 92
20 61 34
20 62 26
20 63 14
20 64 79
20 65 77
20 66 56
20 67 70
20 68 30
20 69 2
20 70 65
20 71 16
20 72 56
21 22 47
21 23 27
21 24 71
21 25 84
21 26 43
21 27 79
21 28 85
21 29 45
21 30 90
21 31 18
21 32 45
21 33 34
21 34 100
21 35 90
21 36 53
21 37 65
21 38 58
21 39 53
21 40 100
21 41 3
21 42 45
21 43 12
21 44 75
21 45 26
21 46 51
21 47 30
21 48 31
21 49 88
21 50 71
21 51 47
21 52 71
21 53 82
21 54 99
21 55 49
21 56 48
21 57 11
21 58 46
21 59 13
21 60 88
21 61 36
21 62 58
21 63 16
21 64 65
21 65 52
21 66 33
21 67 47
21 68 59
21 69 4
21 70 96
21 71 62
21 72 89
22 23 59
22 24 41
22 25 92
22 26 84
22 27 6
22 28 59
22 29 89
22 30 53
22 31 40
22 32 25
22 33 91
22 34 23
22 35 88
22 36 44
22 37 84
22 38 79
22 39 23
22 40 96
22 41 22
22 42 1
22 43 25
22 44 7
22 45 94
22 46 65
22 47 39
22 48 1
22 49 48
22 50 40
22 51 57
22 52 94
22 53 47
22 54 59
22 55 59
22 56 76
22 57 28
22 58 100
22 59 61
22 60 71
22 61 29
22 62 56
22 63 24
22 64 46
22 65 28
22 66 56
22 67 47
22 68 93
22 69 53
22 70 20
22 71 82
22 72 91
23 24 100
23 25 62
23 26 19
23 27 66
23 28 29
23 29 97
23 30 66
23 31 17
23 32 77
23 33 20
23 34 71
23 35 67
23 36 40
23 37 27
23 38 7
23 39 55
23 40 28
23 41 2
23 42 49
23 43 79
23 44 15
23 45 87
23 46 78
23 47 90
23 48 48
23 49 43
23 50 95
23 51 56
23 52 55
23 53 83
23 54 60
23 55 81
23 56 7
23 57 94
23 58 33
23 59 74
23 60 85
23 61 100
23 62 30
23 63 45
23 64 37
23 65 37
23 66 92
23 67 88
23 68 32
23 69 62
23 70 33
23 71 49
23 72 67
24 25 65
24 26 51
24 27 58
24 28 93
24 29 70
24 30 53
24 31 33
24 32 63
24 33 17
24 34 98
24 35 47
24 36 32
24 37 54
24 38 3
24 39 14
24 40 14
24 41 70
24 42 14
24 43 59
24 44 84
24 45 34
24 46 62
24 47 54
24 48 90
24 49 39
24 50 89
24 51 1
24 52 33
24 53 22
24 54 38
24 55 28
24 56 18
24 57 54
24 58 39
24 59 6
24 60 56
24 61 27
24 62 11
24 63 53
24 64 87
24 65 74
24 66 16
24 67 27
24 68 13
24 69 92
24 70 59
24 71 77
24 72 70
25 26 91
25 27 36
25 28 82
25 29 87
25 30 18
25 31 47
25 32 34
25 33 58
25 34 65
25 35 15
25 36 5
25 37 30
25 38 26
25 39 38
25 40 10
25 41 80
25 42 27
25 43 7
25 44 27
25 45 26
25 46 31
25 47 39
25 48 94
25 49 39
25 50 38
25 51 26
25 52 86
25 53 85
25 54 70
25 55 12
25 56 51
25 57 88
25 58 22
25 59 51
25 60 66
25 61 43
25 62 37
25 63 41
25 64 27
25 65 36
25 66 20
25 67 39
25 68 48
25 69 23
25 70 45
25 71 10
25 72 60
26 27 53
26 28 72
26 29 98
26 30 82
26 31 53
26 32 10
26 33 26
26 34 14
26 35 36
26 36 59
26 37 63
26 38 55
26 39 56
26 40 71
26 41 32
26 42 21
26 43 28
26 44 2
26 45 97
26 46 48
26 47 80
26 48 74
26 49 78
26 50 25
26 51 84
26 52 83
26 53 46
26 54 80
26 55 21
26 56 4
26 57 11
26 58 93
26 59 35
26 60 34
26 61 61
26 62 98
26 63 50
26 64 24
26 65 67
26 66 47
26 67 50
26 68 59
26 69 28
26 70 39
26 71 7
26 72 12
27 28 72
27 29 12
27 30 75
27 31 51
27 32 88
27 33 83
27 34 62
27 35 82
27 36 95
27 37 90
27 38 43
27 39 37
27 40 45
27 41 78
27 42 36
27 43 65
27 44 55
27 45 40
27 46 97
27 47 29
27 48 100
27 49 70
27 50 38
27 51 53
27 52 4
27 53 92
27 54 43
27 55 8
27 56 8
27 57 59
27 58 11
27 59 89
27 60 17
27 61 40
27 62 73
27 63 100
27 64 44
27 65 2
27 66 21
27 67 54
27 68 87
27 69 98
27 70 2
27 71 60
27 72 12
28 29 95
28 30 1
28 31 14
28 32 6
28 33 40
28 34 90
28 35 84
28 36 34
28 37 78
28 38 27
28 39 44
28 40 14
28 41 37
28 42 27
28 43 60
28 44 62
28 45 56
28 46 82
28 47 57
28 48 11
28 49 64
28 50 80
28 51 13
28 52 45
28 53 100
28 54 95
28 55 50
28 56 32
28 57 93
28 58 84
28 59 56
28 60 4
28 61 37
28 62 51
28 63 87
28 64 97
28 65 48
28 66 66
28 67 54
28 68 39
28 69 83
28 70 17
28 71 18
28 72 91
29 30 77
29 31 75
29 32 96
29 33 96
29 34 11
29 35 59
29 36 9
29 37 88
29 38 88
29 39 70
29 40 55
29 41 53
29 42 88
29 43 72
29 44 47
29 45 81
29 46 86
29 47 3
29 48 31
29 49 58
29 50 53
29 51 18
29 52 98
29 53 55
29 54 6
29 55 60
29 56 19
29 57 91
29 58 46
29 59 56
29 60 81
29 61 99
29 62 90
29 63 79
29 64 58
29 65 23
29 66 1
29 67 15
29 68 96
29 69 8
29 70 92
29 71 21
29 72 90
30 31 62
30 32 33
30 33 59
30 34 79
30 35 81
30 36 96
30 37 70
30 38 35
30 39 90
30 40 34
30 41 11
30 42 51
30 43 7
30 44 58
30 45 43
30 46 49
30 47 89
30 48 86
30 49 84
30 50 69
30 51 81
30 52 5
30 53 23
30 54 16
30 55 25
30 56 43
30 57 50
30 58 97
30 59 9
30 60 100
30 61 76
30 62 38
30 63 58
30 64 9
30 65 43
30 66 7
30 67 68
30 68 54
30 69 13
30 70 33
30 71 12
30 72 92
31 32 55
31 33 30
31 34 95
31 35 25
31 36 52
31 37 68
31 38 47
31 39 45
31 40 7
31 41 64
31 42 6
31 43 79
31 44 71
31 45 12
31 46 54
31 47 10
31 48 86
31 49 27
31 50 36
31 51 20
31 52 95
31 53 32
31 54 89
31 55 61
31 56 65
31 57 82
31 58 17
31 59 45
31 60 49
31 61 7
31 62 35
31 63 95
31 64 11
31 65 95
31 66 39
31 67 99
31 68 46
31 69 26
31 70 39
31 71 99
31 72 100
32 33 94
32 34 100
32 35 58
32 36 25
32 37 85
32 38 84
32 39 57
32 40 40
32 41 100
32 42 74
32 43 44
32 44 65
32 45 33
32 46 77
32 47 3
32 48 91
32 49 71
32 50 34
32 51 25
32 52 17
32 53 85
32 54 27
32 55 22
32 56 66
32 57 54
32 58 97
32 59 7
32 60 67
32 61 4
32 62 26
32 63 59
32 64 98
32 65 62
32 66 13
32 67 55
32 68 96
32 69 41
32 70 58
32 71 23
32 72 81
33 34 52
33 35 40
33 36 97
33 37 69
33 38 98
33 39 19
33 40 36
33 41 55
33 42 9
33 43 51
33 44 99
33 45 84
33 46 84
33 47 1
33 48 4
33 49 22
33 50 87
33 51 73
33 52 59
33 53 24
33 54 48
33 55 45
33 56 81
33 57 15
33 58 10
33 59 70
33 60 1
33 61 59
33 62 96
33 63 12
33 64 89
33 65 65
33 66 81
33 67 18
33 68 62
33 69 73
33 70 40
33 71 66
33 72 41
34 35 68
34 36 77
34 37 85
34 38 9
34 39 32
34 40 79
34 41 15
34 42 67
34 43 13
34 44 57
34 45 91
34 46 76
34 47 36
34 48 37
34 49 96
34 50 39
34 51 99
34 52 94
34 53 54
34 54 82
34 55 19
34 56 57
34 57 88
34 58 57
34 59 50
34 60 96
34 61 68
34 62 43
34 63 76
34 64 45
34 65 41
34 66 60
34 67 40
34 68 5
34 69 8
34 70 17
34 71 80
34 72 77
35 36 78
35 37 28
35 38 85
35 39 46
35 40 90
35 41 43
35 42 97
35 43 96
35 44 56
35 45 100
35 46 89
35 47 36
35 48 5
35 49 77
35 50 19
35 51 45
35 52 81
35 53 83
35 54 31
35 55 48
35 56 20
35 57 38
35 58 37
35 59 75
35 60 19
35 61 12
35 62 87
35 63 90
35 64 59
35 65 57
35 66 12
35 67 66
35 68 14
35 69 72
35 70 76
35 71 87
35 72 59
36 37 60
36 38 67
36 39 55
36 40 58
36 41 89
36 42 39
36 43 22
36 44 25
36 45 99
36 46 56
36 47 22
36 48 6
36 49 8
36 50 100
36 51 73
36 52 89
36 53 96
36 54 22
36 55 75
36 56 4
36 57 42
36 58 95
36 59 87
36 60 76
36 61 76
36 62 28
36 63 39
36 64 5
36 65 27
36 66 29
36 67 89
36 68 38
36 69 41
36 70 74
36 71 75
36 72 47
37 38 89
37 39 68
37 40 77
37 41 9
37 42 21
37 43 52
37 44 53
37 45 69
37 46 24
37 47 83
37 48 86
37 49 79
37 50 62
37 51 39
37 52 73
37 53 12
37 54 100
37 55 64
37 56 35
37 57 94
37 58 52
37 59 24
37 60 76
37 61 82
37 62 20
37 63 32
37 64 40
37 65 77
37 66 91
37 67 13
37 68 37
37 69 64
37 70 88
37 71 96
37 72 56
38 39 91
38 40 40
38 41 56
38 42 73
38 43 50
38 44 92
38 45 26
38 46 93
38 47 61
38 48 3
38 49 1
38 50 9
38 51 28
38 52 2
38 53 35
38 54 97
38 55 27
38 56 63
38 57 88
38 58 67
38 59 18
38 60 78
38 61 49
38 62 29
38 63 43
38 64 63
38 65 42
38 66 92
38 67 11
38 68 46
38 69 24
38 70 91
38 71 49
38 72 24
39 40 3
39 41 75
39 42 70
39 43 26
39 44 25
39 45 38
39 46 19
39 47 65
39 48 92
39 49 92
39 50 64
39 51 10
39 52 38
39 53 6
39 54 19
39 55 78
39 56 44
39 57 88
39 58 25
39 59 22
39 60 58
39 61 38
39 62 64
39 63 90
39 64 18
39 65 90
39 66 26
39 67 81
39 68 95
39 69 78
39 70 18
39 71 12
39 72 59
40 41 91
40 42 16
40 43 32
40 44 90
40 45 34
40 46 86
40 47 43
40 48 93
40 49 27
40 50 53
40 51 24
40 52 19
40 53 80
40 54 71
40 55 4
40 56 25
40 57 54
40 58 13
40 59 63
40 60 14
40 61 2
40 62 63
40 63 25
40 64 91
40 65 35
40 66 62
40 67 74
40 68 56
40 69 46
40 70 86
40 71 88
40 72 47
41 42 7
41 43 98
41 44 13
41 45 50
41 46 26
41 47 22
41 48 65
41 49 83
41 50 44
41 51 36
41 52 11
41 53 97
41 54 25
41 55 31
41 56 37
41 57 99
41 58 53
41 59 99
41 60 90
41 61 69
41 62 43
41 63 4
41 64 60
41 65 48
41 66 96
41 67 22
41 68 45
41 69 78
41 70 55
41 71 8
41 72 5
42 43 17
42 44 14
42 45 56
42 46 45
42 47 62
42 48 18
42 49 81
42 50 14
42 51 50
42 52 61
42 53 98
42 54 100
42 55 81
42 56 15
42 57 48
42 58 85
42 59 50
42 60 34
42 61 1
42 62 8
42 63 13
42 64 76
42 65 45
42 66 37
42 67 37
42 68 86
42 69 88
42 70 66
42 71 43
42 72 82
43 44 52
43 45 7
43 46 4
43 47 3
43 48 92
43 49 81
43 50 1
43 51 49
43 52 76
43 53 60
43 54 5
43 55 56
43 56 15
43 57 18
43 58 94
43 59 43
43 60 44
43 61 59
43 62 38
43 63 78
43 64 30
43 65 29
43 66 62
43 67 89
43 68 38
43 69 2
43 70 29
43 71 46
43 72 28
44 45 65
44 46 61
44 47 5
44 48 8
44 49 83
44 50 56
44 51 41
44 52 75
44 53 100
44 54 51
44 55 60
44 56 94
44 57 9
44 58 26
44 59 93
44 60 73
44 61 77
44 62 93
44 63 9
44 64 98
44 65 73
44 66 13
44 67 82
44 68 84
44 69 95
44 70 83
44 71 48
44 72 8
45 46 23
45 47 41
45 48 98
45 49 70
45 50 70
45 51 51
45 52 41
45 53 35
45 54 11
45 55 54
45 56 10
45 57 96
45 58 28
45 59 71
45 60 74
45 61 47
45 62 77
45 63 49
45 64 17
45 65 85
45 66 60
45 67 74
45 68 34
45 69 32
45 70 1
45 71 28
45 72 17
46 47 78
46 48 58
46 49 73
46 50 45
46 51 5
46 52 49
46 53 78
46 54 18
46 55 23
46 56 19
46 57 72
46 58 44
46 59 29
46 60 28
46 61 78
46 62 56
46 63 35
46 64 56
46 65 91
46 66 14
46 67 48
46 68 76
46 69 42
46 70 38
46 71 63
46 72 86
47 48 56
47 49 67
47 50 66
47 51 14
47 52 49
47 53 96
47 54 49
47 55 35
47 56 33
47 57 64
47 58 57
47 59 40
47 60 79
47 61 87
47 62 54
47 63 70
47 64 88
47 65 30
47 66 16
47 67 17
47 68 86
47 69 34
47 70 73
47 71 3
47 72 23
48 49 48
48 50 4
48 51 38
48 52 10
48 53 85
48 54 16
48 55 9
48 56 85
48 57 90
48 58 9
48 59 77
48 60 43
48 61 15
48 62 67
48 63 55
48 64 7
48 65 53
48 66 5
48 67 33
48 68 27
48 69 18
48 70 41
48 71 89
48 72 41
49 50 64
49 51 52
49 52 80
49 53 49
49 54 48
49 55 49
49 56 22
49 57 31
49 58 14
49 59 87
49 60 70
49 61 46
49 62 55
49 63 90
49 64 64
49 65 24
49 66 12
49 67 43
49 68 12
49 69 71
49 70 23
49 71 2
49 72 67
50 51 75
50 52 58
50 53 17
50 54 24
50 55 65
50 56 49
50 57 20
50 58 43
50 59 76
50 60 64
50 61 53
50 62 32
50 63 64
50 64 65
50 65 61
50 66 86
50 67 25
50 68 55
50 69 16
50 70 73
50 71 78
50 72 4
51 52 61
51 53 52
51 54 26
51 55 38
51 56 19
51 57 65
51 58 39
51 59 13
51 60 94
51 61 62
51 62 5
51 63 36
51 64 5
51 65 76
51 66 100
51 67 96
51 68 83
51 69 71
51 70 96
51 71 34
51 72 38
52 53 22
52 54 56
52 55 2
52 56 76
52 57 66
52 58 62
52 59 93
52 60 15
52 61 34
52 62 50
52 63 80
52 64 12
52 65 96
52 66 12
52 67 40
52 68 17
52 69 100
52 70 59
52 71 83
52 72 55
53 54 95
53 55 97
53 56 75
53 57 92
53 58 73
53 59 44
53 60 38
53 61 20
53 62 60
53 63 47
53 64 61
53 65 36
53 66 20
53 67 21
53 68 28
53 69 63
53 70 30
53 71 5
53 72 70
54 55 39
54 56 25
54 57 14
54 58 95
54 59 1
54 60 99
54 61 4
54 62 41
54 63 19
54 64 86
54 65 90
54 66 80
54 67 38
54 68 83
54 69 28
54 70 9
54 71 53
54 72 24
55 56 85
55 57 63
55 58 83
55 59 89
55 60 66
55 61 79
55 62 32
55 63 42
55 64 79
55 65 54
55 66 74
55 67 82
55 68 29
55 69 11
55 70 59
55 71 43
55 72 68
56 57 42
56 58 89
56 59 28
56 60 53
56 61 1
56 62 87
56 63 18
56 64 33
56 65 51
56 66 25
56 67 98
56 68 2
56 69 28
56 70 89
56 71 8
56 72 41
57 58 36
57 59 15
57 60 26
57 61 13
57 62 14
57 63 9
57 64 14
57 65 1
57 66 53
57 67 61
57 68 70
57 69 7
57 70 45
57 71 13
57 72 52
58 59 73
58 60 63
58 61 35
58 62 33
58 63 14
58 64 36
58 65 90
58 66 27
58 67 58
58 68 19
58 69 34
58 70 79
58 71 14
58 72 85
59 60 40
59 61 17
59 62 12
59 63 19
59 64 82
59 65 65
59 66 17
59 67 22
59 68 86
59 69 67
59 70 12
59 71 91
59 72 55
60 61 81
60 62 13
60 63 9
60 64 36
60 65 40
60 66 44
60 67 51
60 68 34
60 69 96
60 70 53
60 71 80
60 72 94
61 62 25
61 63 95
61 64 94
61 65 93
61 66 24
61 67 26
61 68 89
61 69 23
61 70 99
61 71 10
61 72 5
62 63 80
62 64 93
62 65 21
62 66 98
62 67 83
62 68 41
62 69 74
62 70 30
62 71 86
62 72 38
63 64 91
63 65 23
63 66 71
63 67 73
63 68 20
63 69 48
63 70 44
63 71 8
63 72 33
64 65 100
64 66 10
64 67 93
64 68 69
64 69 1
64 70 22
64 71 10
64 72 5
65 66 17
65 67 58
65 68 27
65 69 55
65 70 69
65 71 83
65 72 86
66 67 32
66 68 23
66 69 71
66 70 58
66 71 25
66 72 18
67 68 93
67 69 20
67 70 27
67 71 10
67 72 98
68 69 96
68 70 86
68 71 87
68 72 34
69 70 71
69 71 41
69 72 8
70 71 42
70 72 63
71 72 87
