39 741 38
1 2 22
1 3 42
1 4 73
1 5 91
1 6 87
1 7 49
1 8 51
1 9 29
1 10 7
1 11 59
1 12 92
1 13 56
1 14 15
1 15 59
1 16 70
1 17 99
1 18 48
1 19 30
1 20 18
1 21 8
1 22 7
1 23 20
1 24 52
1 25 80
1 26 76
1 27 46
1 28 41
1 29 97
1 30 58
1 31 71
1 32 76
1 33 4
1 34 16
1 35 63
1 36 40
1 37 60
1 38 99
1 39 74
2 3 25
2 4 61
2 5 29
2 6 65
2 7 60
2 8 2
2 9 57
2 10 90
2 11 82
2 12 84
2 13 11
2 14 41
2 15 74
2 16 6
2 17 26
2 18 36
2 19 52
2 20 64
2 21 93
2 22 49
2 23 44
2 24 100
2 25 38
2 26 41
2 27 1
2 28 18
2 29 23
2 30 50
2 31 68
2 32 49
2 33 26
2 34 11
2 35 64
2 36 18
2 37 95
2 38 37
2 39 57
3 4 10
3 5 96
3 6 1
3 7 82
3 8 9
3 9 15
3 10 97
3 11 22
3 12 22
3 13 10
3 14 47
3 15 16
3 16 20
3 17 64
3 18 14
3 19 35
3 20 19
3 21 36
3 22 67
3 23 16
3 24 23
3 25 4
3 26 18
3 27 40
3 28 64
3 29 86
3 30 93
3 31 82
3 32 12
3 33 60
3 34 10
3 35 5
3 36 32
3 37 10
3 38 28
3 39 36
4 5 39
4 6 94
4 7 46
4 8 8
4 9 8
4 10 11
4 11 90
4 12 57
4 13 79
4 14 97
4 15 83
4 16 98
4 17 41
4 18 71
4 19 9
4 20 40
4 21 90
4 22 79
4 23 70
4 24 90
4 25 43
4 26 97
4 27 76
4 28 23
4 29 47
4 30 57
4 31 45
4 32 94
4 33 4
4 34 84
4 35 6
4 36 32
4 37 52
4 38 22
4 39 78
5 6 17
5 7 95
5 8 24
5 9 56
5 10 45
5 11 82
5 12 3
5 13 54
5 14 59
5 15 69
5 16 73
5 17 87
5 18 18
5 19 96
5 20 78
5 21 90
5 22 69
5 23 59
5 24 56
5 25 16
5 26 4
5 27 18
5 28 13
5 29 70
5 30 40
5 31 9
5 32 2
5 33 92
5 34 38
5 35 50
5 36 2
5 37 89
5 38 93
5 39 63
6 7 8
6 8 71
6 9 57
6 10 23
6 11 78
6 12 2
6 13 4
6 14 75
6 15 9
6 16 14
6 17 55
6 18 21
6 19 14
6 20 27
6 21 19
6 22 83
6 23 83
6 24 58
6 25 24
6 26 89
6 27 82
6 28 55
6 29 54
6 30 86
6 31 49
6 32 24
6 33 59
6 34 83
6 35 94
6 36 9
6 37 72
6 38 90
6 39 24
7 8 8
7 9 42
7 10 59
7 11 72
7 12 23
7 13 83
7 14 15
7 15 81
7 16 100
7 17 54
7 18 57
7 19 44
7 20 48
7 21 72
7 22 55
7 23 50
7 24 29
7 25 34
7 26 82
7 27 88
7 28 77
7 29 3
7 30 87
7 31 17
7 32 72
7 33 100
7 34 50
7 35 20
7 36 38
7 37 59
7 38 61
7 39 38
8 9 5
8 10 67
8 11 13
8 12 81
8 13 23
8 14 3
8 15 76
8 16 78
8 17 63
8 18 30
8 19 76
8 20 68
8 21 65
8 22 39
8 23 28
8 24 77
8 25 34
8 26 91
8 27 5
8 28 69
8 29 11
8 30 99
8 31 40
8 32 96
8 33 73
8 34 79
8 35 15
8 36 25
8 37 65
8 38 71
8 39 67
9 10 29
9 11 16
9 12 44
9 13 44
9 14 10
9 15 70
9 16 82
9 17 8
9 18 94
9 19 97
9 20 85
9 21 95
9 22 28
9 23 70
9 24 18
9 25 30
9 26 57
9 27 24
9 28 18
9 29 100
9 30 11
9 31 73
9 32 78
9 33 52
9 34 66
9 35 31
9 36 37
9 37 49
9 38 93
9 39 92
10 11 16
10 12 2
10 13 84
10 14 100
10 15 20
10 16 15
10 17 63
10 18 81
10 19 80
10 20 72
10 21 8
10 22 100
10 23 94
10 24 19
10 25 98
10 26 89
10 27 14
10 28 44
10 29 55
10 30 43
10 31 27
10 32 75
10 33 83
10 34 43
10 35 15
10 36 61
10 37 61
10 38 89
10 39 94
11 12 10
11 13 25
11 14 62
11 15 96
11 16 79
11 17 37
11 18 10
11 19 66
11 20 78
11 21 37
11 22 53
11 23 87
11 24 90
11 25 48
11 26 42
11 27 4
11 28 63
11 29 6
11 30 27
11 31 56
11 32 3
11 33 16
11 34 58
11 35 28
11 36 49
11 37 25
11 38 31
11 39 4
12 13 37
12 14 88
12 15 62
12 16 89
12 17 81
12 18 1
12 19 22
12 20 98
12 21 75
12 22 99
12 23 87
12 24 78
12 25 2
12 26 51
12 27 98
12 28 67
12 29 52
12 30 58
12 31 92
12 32 2
12 33 27
12 34 93
12 35 96
12 36 47
12 37 77
12 38 41
12 39 42
13 14 67
13 15 55
13 16 2
13 17 52
13 18 27
13 19 19
13 20 78
13 21 99
13 22 62
13 23 46
13 24 26
13 25 53
13 26 66
13 27 51
13 28 56
13 29 11
13 30 85
13 31 12
13 32 55
13 33 42
13 34 59
13 35 52
13 36 81
13 37 59
13 38 38
13 39 50
14 15 12
14 16 1
14 17 93
14 18 10
14 19 74
14 20 57
14 21 58
14 22 44
14 23 37
14 24 95
14 25 48
14 26 50
14 27 31
14 28 66
14 29 68
14 30 12
14 31 81
14 32 18
14 33 78
14 34 62
14 35 88
14 36 75
14 37 11
14 38 50
14 39 59
15 16 88
15 17 96
15 18 66
15 19 40
15 20 81
15 21 85
15 22 85
15 23 49
15 24 7
15 25 33
15 26 1
15 27 3
15 28 54
15 29 42
15 30 98
15 31 15
15 32 51
15 33 42
15 34 27
15 35 66
15 36 83
15 37 19
15 38 75
15 39 61
16 17 61
16 18 56
16 19 36
16 20 79
16 21 38
16 22 57
16 23 7
16 24 73
16 25 4
16 26 68
16 27 29
16 28 15
16 29 74
16 30 66
16 31 61
16 32 50
16 33 8
16 34 71
16 35 25
16 36 69
16 37 23
16 38 67
16 39 93
17 18 69
17 19 23
17 20 68
17 21 4
17 22 27
17 23 67
17 24 65
17 25 13
17 26 52
17 27 2
17 28 66
17 29 63
17 30 94
17 31 67
17 32 90
17 33 66
17 34 39
17 35 20
17 36 77
17 37 66
17 38 11
17 39 65
18 19 71
18 20 47
18 21 21
18 22 60
18 23 92
18 24 49
18 25 85
18 26 48
18 27 37
18 28 45
18 29 2
18 30 33
18 31 65
18 32 57
18 33 63
18 34 78
18 35 34
18 36 96
18 37 54
18 38 31
18 39 73
19 20 48
19 21 100
19 22 63
19 23 9
19 24 71
19 25 28
19 26 33
19 27 38
19 28 36
19 29 5
19 30 16
19 31 73
19 32 12
19 33 37
19 34 92
19 35 46
19 36 26
19 37 38
19 38 52
19 39 40
20 21 73
20 22 22
20 23 35
20 24 88
20 25 66
20 26 51
20 27 57
20 28 27
20 29 24
20 30 3
20 31 12
20 32 34
20 33 53
20 34 29
20 35 51
20 36 84
20 37 43
20 38 55
20 39 92
21 22 89
21 23 17
21 24 30
21 25 54
21 26 96
21 27 69
21 28 56
21 29 84
21 30 51
21 31 33
21 32 57
21 33 70
21 34 18
21 35 54
21 36 93
21 37 79
21 38 83
21 39 58
22 23 56
22 24 27
22 25 25
22 26 41
22 27 81
22 28 54
22 29 85
22 30 97
22 31 28
22 32 8
22 33 57
22 34 70
22 35 27
22 36 77
22 37 16
22 38 6
22 39 39
23 24 80
23 25 80
23 26 32
23 27 66
23 28 38
23 29 16
23 30 7
23 31 74
23 32 86
23 33 79
23 34 52
23 35 59
23 36 83
23 37 36
23 38 74
23 39 79
24 25 81
24 26 29
24 27 76
24 28 62
24 29 48
24 30 54
24 31 45
24 32 69
24 33 45
24 34 14
24 35 7
24 36 96
24 37 48
24 38 1
24 39 96
25 26 65
25 27 98
25 28 97
25 29 39
25 30 28
25 31 40
25 32 49
25 33 60
25 34 34
25 35 64
25 36 56
25 37 8
25 38 33
25 39 3
26 27 4
26 28 18
26 29 32
26 30 51
26 31 95
26 32 2
26 33 6
26 34 86
26 35 49
26 36 48
26 37 87
26 38 29
26 39 28
27 28 34
27 29 58
27 30 65
27 31 3
27 32 42
27 33 73
27 34 78
27 35 6
27 36 19
27 37 51
27 38 56
27 39 63
28 29 56
28 30 53
28 31 31
28 32 81
28 33 68
28 34 84
28 35 19
28 36 42
28 37 100
28 38 82
28 39 65
29 30 54
29 31 67
29 32 2
29 33 75
29 34 49
29 35 19
29 36 95
29 37 69
29 38 27
29 39 32
30 31 58
30 32 49
30 33 5
30 34 16
30 35 39
30 36 76
30 37 19
30 38 68
30 39 52
31 32 79
31 33 98
31 34 9
31 35 73
31 36 29
31 37 14
31 38 26
31 39 74
32 33 55
32 34 55
32 35 39
32 36 36
32 37 95
32 38 35
32 39 100
33 34 73
33 35 55
33 36 16
33 37 64
33 38 91
33 39 90
34 35 100
34 36 15
34 37 23
34 38 44
34 39 66
35 36 60
35 37 29
35 38 32
35 39 75
36 37 7
36 38 76
36 39 52
37 38 32
37 39 30
38 39 82
