94 4371 93
1 2 49
1 3 14
1 4 1
1 5 86
1 6 29
1 7 28
1 8 94
1 9 93
1 10 43
1 11 26
1 12 27
1 13 91
1 14 70
1 15 91
1 16 50
1 17 87
1 18 94
1 19 82
1 20 90
1 21 4
1 22 73
1 23 39
1 24 34
1 25 26
1 26 85
1 27 7
1 28 38
1 29 89
1 30 54
1 31 9
1 32 16
1 33 5
1 34 78
1 35 49
1 36 88
1 37 75
1 38 13
1 39 31
1 40 56
1 41 58
1 42 89
1 43 24
1 44 52
1 45 53
1 46 76
1 47 73
1 48 72
1 49 12
1 50 75
1 51 9
1 52 89
1 53 79
1 54 83
1 55 37
1 56 54
1 57 54
1 58 37
1 59 77
1 60 84
1 61 87
1 62 25
1 63 11
1 64 96
1 65 94
1 66 74
1 67 46
1 68 71
1 69 78
1 70 40
1 71 90
1 72 47
1 73 48
1 74 69
1 75 63
1 76 41
1 77 84
1 78 72
1 79 31
1 80 73
1 81 86
1 82 93
1 83 74
1 84 66
1 85 17
1 86 35
1 87 92
1 88 71
1 89 70
1 90 79
1 91 82
1 92 29
1 93 50
1 94 38
2 3 26
2 4 32
2 5 44
2 6 76
2 7 3
2 8 76
2 9 16
2 10 100
2 11 37
2 12 99
2 13 41
2 14 1
2 15 30
2 16 34
2 17 83
2 18 67
2 19 68
2 20 6
2 21 37
2 22 84
2 23 11
2 24 82
2 25 12
2 26 57
2 27 60
2 28 59
2 29 27
2 30 54
2 31 1
2 32 71
2 33 22
2 34 94
2 35 27
2 36 67
2 37 89
2 38 1
2 39 41
2 40 98
2 41 35
2 42 79
2 43 63
2 44 33
2 45 86
2 46 4
2 47 55
2 48 8
2 49 50
2 50 15
2 51 53
2 52 44
2 53 97
2 54 32
2 55 88
2 56 17
2 57 10
2 58 48
2 59 24
2 60 50
2 61 59
2 62 74
2 63 87
2 64 83
2 65 22
2 66 89
2 67 55
2 68 49
2 69 30
2 70 63
2 71 63
2 72 22
2 73 49
2 74 79
2 75 28
2 76 33
2 77 34
2 78 27
2 79 65
2 80 32
2 81 25
2 82 67
2 83 78
2 84 24
2 85 97
2 86 75
2 87 2
2 88 22
2 89 72
2 90 3
2 91 17
2 92 72
2 93 41
2 94 82
3 4 56
3 5 10
3 6 50
3 7 37
3 8 23
3 9 38
3 10 93
3 11 89
3 12 13
3 13 30
3 14 55
3 15 33
3 16 70
3 17 44
3 18 96
3 19 29
3 20 88
3 21 21
3 22 10
3 23 28
3 24 76
3 25 55
3 26 36
3 27 92
3 28 1
3 29 99
3 30 3
3 31 83
3 32 19
3 33 45
3 34 67
3 35 55
3 36 40
3 37 100
3 38 26
3 39 73
3 40 1
3 41 7
3 42 23
3 43 37
3 44 38
3 45 27
3 46 96
3 47 43
3 48 11
3 49 66
3 50 62
3 51 63
3 52 94
3 53 1
3 54 80
3 55 93
3 56 83
3 57 21
3 58 88
3 59 38
3 60 40
3 61 2
3 62 83
3 63 1
3 64 49
3 65 28
3 66 20
3 67 65
3 68 2
3 69 96
3 70 74
3 71 80
3 72 75
3 73 19
3 74 36
3 75 59
3 76 91
3 77 21
3 78 1
3 79 12
3 80 24
3 81 20
3 82 57
3 83 32
3 84 37
3 85 35
3 86 12
3 87 13
3 88 27
3 89 96
3 90 1
3 91 83
3 92 22
3 93 11
3 94 54
4 5 82
4 6 7
4 7 71
4 8 74
4 9 38
4 10 53
4 11 76
4 12 58
4 13 84
4 14 62
4 15 3
4 16 56
4 17 32
4 18 41
4 19 89
4 20 36
4 21 96
4 22 52
4 23 44
4 24 77
4 25 21
4 26 19
4 27 78
4 28 11
4 29 40
4 30 19
4 31 74
4 32 15
4 33 35
4 34 51
4 35 98
4 36 54
4 37 92
4 38 70
4 39 33
4 40 97
4 41 43
4 42 54
4 43 27
4 44 77
4 45 27
4 46 5
4 47 65
4 48 12
4 49 96
4 50 61
4 51 21
4 52 7
4 53 33
4 54 64
4 55 38
4 56 64
4 57 37
4 58 85
4 59 5
4 60 23
4 61 39
4 62 61
4 63 81
4 64 58
4 65 65
4 66 71
4 67 3
4 68 13
4 69 98
4 70 10
4 71 65
4 72 1
4 73 84
4 74 25
4 75 33
4 76 44
4 77 39
4 78 42
4 79 42
4 80 72
4 81 76
4 82 48
4 83 62
4 84 99
4 85 5
4 86 1
4 87 60
4 88 8
4 89 80
4 90 66
4 91 93
4 92 36
4 93 46
4 94 40
5 6 31
5 7 68
5 8 67
5 9 83
5 10 37
5 11 29
5 12 97
5 13 81
5 14 86
5 15 53
5 16 69
5 17 64
5 18 29
5 19 99
5 20 75
5 21 79
5 22 40
5 23 4
5 24 46
5 25 93
5 26 41
5 27 53
5 28 65
5 29 50
5 30 90
5 31 83
5 32 99
5 33 77
5 34 7
5 35 94
5 36 67
5 37 67
5 38 49
5 39 12
5 40 25
5 41 54
5 42 44
5 43 20
5 44 91
5 45 89
5 46 5
5 47 79
5 48 96
5 49 98
5 50 3
5 51 31
5 52 33
5 53 98
5 54 13
5 55 80
5 56 19
5 57 99
5 58 28
5 59 94
5 60 88
5 61 51
5 62 48
5 63 15
5 64 28
5 65 3
5 66 65
5 67 40
5 68 76
5 69 48
5 70 69
5 71 100
5 72 95
5 73 29
5 74 8
5 75 39
5 76 74
5 77 96
5 78 94
5 79 30
5 80 88
5 81 98
5 82 45
5 83 12
5 84 81
5 85 69
5 86 46
5 87 64
5 88 22
5 89 53
5 90 49
5 91 33
5 92 81
5 93 68
5 94 74
6 7 42
6 8 48
6 9 19
6 10 26
6 11 86
6 12 44
6 13 66
6 14 50
6 15 20
6 16 18
6 17 73
6 18 86
6 19 84
6 20 59
6 21 93
6 22 12
6 23 79
6 24 69
6 25 71
6 26 30
6 27 70
6 28 46
6 29 44
6 30 89
6 31 85
6 32 10
6 33 41
6 34 53
6 35 27
6 36 96
6 37 17
6 38 57
6 39 43
6 40 5
6 41 43
6 42 4
6 43 84
6 44 56
6 45 79
6 46 3
6 47 79
6 48 97
6 49 8
6 50 20
6 51 91
6 52 50
6 53 1
6 54 40
6 55 28
6 56 31
6 57 36
6 58 35
6 59 100
6 60 17
6 61 73
6 62 89
6 63 34
6 64 73
6 65 33
6 66 41
6 67 6
6 68 27
6 69 43
6 70 46
6 71 91
6 72 18
6 73 17
6 74 74
6 75 16
6 76 95
6 77 100
6 78 11
6 79 97
6 80 32
6 81 72
6 82 62
6 83 71
6 84 12
6 85 16
6 86 3
6 87 81
6 88 6
6 89 87
6 90 68
6 91 2
6 92 74
6 93 40
6 94 43
7 8 64
7 9 42
7 10 85
7 11 31
7 12 60
7 13 56
7 14 18
7 15 47
7 16 79
7 17 3
7 18 16
7 19 34
7 20 83
7 21 36
7 22 6
7 23 3
7 24 25
7 25 97
7 26 36
7 27 37
7 28 69
7 29 28
7 30 5
7 31 84
7 32 44
7 33 21
7 34 13
7 35 19
7 36 68
7 37 77
7 38 23
7 39 14
7 40 88
7 41 43
7 42 92
7 43 95
7 44 53
7 45 49
7 46 19
7 47 77
7 48 36
7 49 61
7 50 51
7 51 64
7 52 30
7 53 7
7 54 64
7 55 92
7 56 95
7 57 58
7 58 45
7 59 18
7 60 80
7 61 83
7 62 10
7 63 100
7 64 25
7 65 46
7 66 60
7 67 11
7 68 65
7 69 75
7 70 61
7 71 54
7 72 4
7 73 97
7 74 38
7 75 45
7 76 46
7 77 97
7 78 77
7 79 90
7 80 51
7 81 13
7 82 39
7 83 49
7 84 59
7 85 27
7 86 67
7 87 51
7 88 25
7 89 22
7 90 61
7 91 32
7 92 19
7 93 99
7 94 6
8 9 4
8 10 84
8 11 79
8 12 14
8 13 44
8 14 11
8 15 21
8 16 80
8 17 70
8 18 10
8 19 98
8 20 58
8 21 13
8 22 36
8 23 23
8 24 45
8 25 38
8 26 8
8 27 1
8 28 48
8 29 96
8 30 3
8 31 61
8 32 94
8 33 65
8 34 42
8 35 49
8 36 43
8 37 4
8 38 82
8 39 69
8 40 35
8 41 32
8 42 20
8 43 27
8 44 43
8 45 39
8 46 55
8 47 24
8 48 44
8 49 95
8 50 73
8 51 79
8 52 9
8 53 2
8 54 3
8 55 27
8 56 39
8 57 42
8 58 94
8 59 17
8 60 40
8 61 27
8 62 44
8 63 54
8 64 20
8 65 90
8 66 72
8 67 2
8 68 70
8 69 55
8 70 37
8 71 98
8 72 83
8 73 97
8 74 81
8 75 51
8 76 47
8 77 20
8 78 67
8 79 83
8 80 16
8 81 1
8 82 79
8 83 42
8 84 64
8 85 72
8 86 62
8 87 70
8 88 55
8 89 59
8 90 39
8 91 38
8 92 6
8 93 42
8 94 51
9 10 87
9 11 97
9 12 56
9 13 77
9 14 60
9 15 96
9 16 21
9 17 91
9 18 100
9 19 90
9 20 32
9 21 1
9 22 39
9 23 60
9 24 55
9 25 98
9 26 35
9 27 31
9 28 3
9 29 2
9 30 86
9 31 90
9 32 74
9 33 7
9 34 9
9 35 7
9 36 35
9 37 88
9 38 61
9 39 86
9 40 23
9 41 8
9 42 31
9 43 12
9 44 29
9 45 56
9 46 75
9 47 91
9 48 84
9 49 35
9 50 69
9 51 91
9 52 63
9 53 18
9 54 75
9 55 93
9 56 95
9 57 17
9 58 42
9 59 34
9 60 100
9 61 16
9 62 46
9 63 97
9 64 92
9 65 79
9 66 14
9 67 79
9 68 57
9 69 68
9 70 30
9 71 81
9 72 83
9 73 48
9 74 43
9 75 14
9 76 40
9 77 90
9 78 44
9 79 72
9 80 19
9 81 64
9 82 27
9 83 1
9 84 85
9 85 66
9 86 73
9 87 36
9 88 99
9 89 45
9 90 67
9 91 95
9 92 92
9 93 58
9 94 10
10 11 46
10 12 75
10 13 37
10 14 40
10 15 88
10 16 75
10 17 44
10 18 45
10 19 43
10 20 47
10 21 66
10 22 58
10 23 35
10 24 21
10 25 92
10 26 96
10 27 94
10 28 41
10 29 79
10 30 24
10 31 75
10 32 62
10 33 6
10 34 60
10 35 4
10 36 81
10 37 43
10 38 39
10 39 42
10 40 35
10 41 50
10 42 3
10 43 25
10 44 76
10 45 79
10 46 94
10 47 98
10 48 21
10 49 75
10 50 8
10 51 58
10 52 73
10 53 17
10 54 20
10 55 77
10 56 68
10 57 18
10 58 44
10 59 66
10 60 62
10 61 10
10 62 64
10 63 46
10 64 90
10 65 25
10 66 95
10 67 38
10 68 90
10 69 7
10 70 36
10 71 96
10 72 40
10 73 95
10 74 59
10 75 79
10 76 28
10 77 58
10 78 62
10 79 27
10 80 38
10 81 94
10 82 32
10 83 77
10 84 74
10 85 49
10 86 93
10 87 81
10 88 25
10 89 19
10 90 80
10 91 99
10 92 46
10 93 89
10 94 82
11 12 5
11 13 20
11 14 8
11 15 97
11 16 41
11 17 78
11 18 60
11 19 80
11 20 58
11 21 38
11 22 63
11 23 12
11 24 27
11 25 50
11 26 84
11 27 46
11 28 24
11 29 29
11 30 93
11 31 73
11 32 70
11 33 54
11 34 69
11 35 7
11 36 83
11 37 18
11 38 74
11 39 18
11 40 66
11 41 100
11 42 91
11 43 29
11 44 72
11 45 94
11 46 66
11 47 90
11 48 40
11 49 79
11 50 67
11 51 58
11 52 7
11 53 21
11 54 22
11 55 92
11 56 47
11 57 56
11 58 28
11 59 50
11 60 25
11 61 100
11 62 60
11 63 54
11 64 25
11 65 35
11 66 77
11 67 61
11 68 47
11 69 15
11 70 82
11 71 15
11 72 79
11 73 22
11 74 73
11 75 70
11 76 97
11 77 36
11 78 7
11 79 52
11 80 29
11 81 90
11 82 99
11 83 81
11 84 75
11 85 82
11 86 7
11 87 89
11 88 62
11 89 27
11 90 69
11 91 58
11 92 67
11 93 6
11 94 68
12 13 8
12 14 51
12 15 29
12 16 9
12 17 89
12 18 83
12 19 60
12 20 12
12 21 67
12 22 64
12 23 60
12 24 61
12 25 99
12 26 6
12 27 18
12 28 63
12 29 10
12 30 46
12 31 17
12 32 68
12 33 98
12 34 34
12 35 7
12 36 60
12 37 10
12 38 57
12 39 76
12 40 43
12 41 68
12 42 90
12 43 9
12 44 46
12 45 72
12 46 18
12 47 77
12 48 44
12 49 17
12 50 51
12 51 75
12 52 11
12 53 92
12 54 46
12 55 11
12 56 57
12 57 21
12 58 18
12 59 34
12 60 61
12 61 20
12 62 4
12 63 54
12 64 6
12 65 95
12 66 57
12 67 51
12 68 96
12 69 61
12 70 79
12 71 27
12 72 13
12 73 61
12 74 75
12 75 78
12 76 31
12 77 44
12 78 41
12 79 68
12 80 26
12 81 4
12 82 30
12 83 47
12 84 21
12 85 100
12 86 11
12 87 15
12 88 75
12 89 87
12 90 57
12 91 47
12 92 84
12 93 89
12 94 29
13 14 2
13 15 63
13 16 46
13 17 85
13 18 58
13 19 95
13 20 75
13 21 94
13 22 76
13 23 69
13 24 56
13 25 89
13 26 42
13 27 65
13 28 66
13 29 42
13 30 69
13 31 69
13 32 5
13 33 3
13 34 87
13 35 45
13 36 99
13 37 58
13 38 25
13 39 6
13 40 91
13 41 83
13 42 63
13 43 36
13 44 51
13 45 43
13 46 24
13 47 96
13 48 92
13 49 17
13 50 74
13 51 59
13 52 72
13 53 22
13 54 18
13 55 94
13 56 10
13 57 85
13 58 81
13 59 65
13 60 61
13 61 94
13 62 72
13 63 77
13 64 83
13 65 69
13 66 100
13 67 38
13 68 51
13 69 8
13 70 82
13 71 72
13 72 7
13 73 34
13 74 30
13 75 95
13 76 23
13 77 75
13 78 23
13 79 38
13 80 14
13 81 47
13 82 71
13 83 3
13 84 24
13 85 59
13 86 32
13 87 30
13 88 75
13 89 97
13 90 63
13 91 72
13 92 45
13 93 95
13 94 64
14 15 57
14 16 5
14 17 62
14 18 93
14 19 14
14 20 53
14 21 95
14 22 18
14 23 68
14 24 53
14 25 94
14 26 92
14 27 7
14 28 84
14 29 26
14 30 96
14 31 46
14 32 82
14 33 13
14 34 83
14 35 38
14 36 21
14 37 70
14 38 93
14 39 94
14 40 96
14 41 60
14 42 14
14 43 3
14 44 89
14 45 30
14 46 30
14 47 70
14 48 76
14 49 28
14 50 97
14 51 7
14 52 70
14 53 45
14 54 81
14 55 94
14 56 63
14 57 27
14 58 71
14 59 100
14 60 36
14 61 22
14 62 59
14 63 28
14 64 81
14 65 45
14 66 76
14 67 94
14 68 42
14 69 86
14 70 69
14 71 58
14 72 43
14 73 91
14 74 25
14 75 100
14 76 36
14 77 38
14 78 51
14 79 36
14 80 32
14 81 46
14 82 80
14 83 32
14 84 43
14 85 36
14 86 84
14 87 100
14 88 84
14 89 48
14 90 95
14 91 1
14 92 53
14 93 23
14 94 34
15 16 71
15 17 5
15 18 91
15 19 1
15 20 7
15 21 45
15 22 82
15 23 18
15 24 47
15 25 59
15 26 11
15 27 9
15 28 77
15 29 44
15 30 80
15 31 84
15 32 22
15 33 91
15 34 32
15 35 34
15 36 10
15 37 79
15 38 34
15 39 31
15 40 85
15 41 45
15 42 10
15 43 78
15 44 54
15 45 58
15 46 43
15 47 38
15 48 1
15 49 8
15 50 13
15 51 81
15 52 65
15 53 62
15 54 57
15 55 16
15 56 77
15 57 12
15 58 77
15 59 75
15 60 17
15 61 81
15 62 92
15 63 93
15 64 71
15 65 85
15 66 66
15 67 98
15 68 92
15 69 69
15 70 43
15 71 36
15 72 29
15 73 11
15 74 17
15 75 5
15 76 54
15 77 46
15 78 21
15 79 21
15 80 48
15 81 12
15 82 82
15 83 62
15 84 75
15 85 66
15 86 18
15 87 25
15 88 37
15 89 80
15 90 73
15 91 31
15 92 57
15 93 4
15 94 65
16 17 71
16 18 64
16 19 1
16 20 84
16 21 18
16 22 53
16 23 71
16 24 88
16 25 34
16 26 70
16 27 34
16 28 43
16 29 88
16 30 22
16 31 97
16 32 94
16 33 34
16 34 49
16 35 88
16 36 49
16 37 47
16 38 61
16 39 97
16 40 32
16 41 72
16 42 71
16 43 11
16 44 97
16 45 88
16 46 5
16 47 95
16 48 98
16 49 30
16 50 35
16 51 36
16 52 1
16 53 19
16 54 12
16 55 31
16 56 69
16 57 88
16 58 7
16 59 26
16 60 90
16 61 95
16 62 85
16 63 34
16 64 40
16 65 11
16 66 94
16 67 34
16 68 87
16 69 57
16 70 20
16 71 74
16 72 77
16 73 32
16 74 24
16 75 16
16 76 68
16 77 81
16 78 73
16 79 92
16 80 73
16 81 69
16 82 2
16 83 90
16 84 22
16 85 48
16 86 4
16 87 1
16 88 10
16 89 94
16 90 62
16 91 73
16 92 16
16 93 87
16 94 25
17 18 74
17 19 56
17 20 77
17 21 60
17 22 32
17 23 82
17 24 9
17 25 62
17 26 53
17 27 93
17 28 80
17 29 26
17 30 3
17 31 99
17 32 76
17 33 100
17 34 87
17 35 68
17 36 40
17 37 28
17 38 27
17 39 70
17 40 96
17 41 54
17 42 40
17 43 95
17 44 91
17 45 98
17 46 22
17 47 2
17 48 54
17 49 31
17 50 5
17 51 20
17 52 3
17 53 94
17 54 65
17 55 42
17 56 89
17 57 96
17 58 75
17 59 53
17 60 52
17 61 91
17 62 33
17 63 100
17 64 41
17 65 46
17 66 11
17 67 91
17 68 56
17 69 36
17 70 4
17 71 34
17 72 10
17 73 43
17 74 43
17 75 67
17 76 39
17 77 26
17 78 26
17 79 14
17 80 23
17 81 58
17 82 67
17 83 28
17 84 62
17 85 14
17 86 10
17 87 44
17 88 54
17 89 24
17 90 21
17 91 8
17 92 43
17 93 22
17 94 39
18 19 41
18 20 33
18 21 68
18 22 3
18 23 59
18 24 18
18 25 40
18 26 34
18 27 46
18 28 20
18 29 95
18 30 29
18 31 30
18 32 10
18 33 20
18 34 82
18 35 14
18 36 39
18 37 76
18 38 89
18 39 20
18 40 28
18 41 45
18 42 46
18 43 66
18 44 11
18 45 15
18 46 12
18 47 11
18 48 33
18 49 9
18 50 28
18 51 40
18 52 1
18 53 28
18 54 42
18 55 11
18 56 43
18 57 82
18 58 95
18 59 45
18 60 75
18 61 19
18 62 23
18 63 36
18 64 39
18 65 7
18 66 54
18 67 90
18 68 98
18 69 28
18 70 42
18 71 12
18 72 22
18 73 12
18 74 81
18 75 42
18 76 28
18 77 20
18 78 91
18 79 67
18 80 34
18 81 18
18 82 25
18 83 19
18 84 65
18 85 60
18 86 75
18 87 34
18 88 30
18 89 96
18 90 88
18 91 49
18 92 61
18 93 14
18 94 85
19 20 73
19 21 30
19 22 4
19 23 95
19 24 13
19 25 11
19 26 52
19 27 49
19 28 28
19 29 16
19 30 47
19 31 50
19 32 71
19 33 22
19 34 37
19 35 92
19 36 66
19 37 72
19 38 69
19 39 12
19 40 41
19 41 67
19 42 42
19 43 50
19 44 98
19 45 33
19 46 95
19 47 89
19 48 16
19 49 10
19 50 57
19 51 69
19 52 36
19 53 76
19 54 42
19 55 7
19 56 12
19 57 61
19 58 39
19 59 48
19 60 40
19 61 36
19 62 59
19 63 67
19 64 51
19 65 66
19 66 67
19 67 83
19 68 20
19 69 9
19 70 52
19 71 77
19 72 23
19 73 49
19 74 99
19 75 50
19 76 36
19 77 31
19 78 94
19 79 95
19 80 63
19 81 38
19 82 33
19 83 94
19 84 3
19 85 88
19 86 58
19 87 6
19 88 51
19 89 61
19 90 58
19 91 67
19 92 97
19 93 72
19 94 88
20 21 21
20 22 41
20 23 82
20 24 75
20 25 91
20 26 68
20 27 49
20 28 36
20 29 18
20 30 97
20 31 53
20 32 70
20 33 95
20 34 79
20 35 27
20 36 56
20 37 81
20 38 81
20 39 76
20 40 22
20 41 9
20 42 74
20 43 67
20 44 15
20 45 99
20 46 96
20 47 10
20 48 28
20 49 87
20 50 54
20 51 88
20 52 72
20 53 97
20 54 31
20 55 72
20 56 5
20 57 67
20 58 60
20 59 25
20 60 55
20 61 68
20 62 97
20 63 19
20 64 54
20 65 14
20 66 68
20 67 60
20 68 62
20 69 61
20 70 41
20 71 20
20 72 48
20 73 4
20 74 86
20 75 53
20 76 44
20 77 31
20 78 50
20 79 80
20 80 10
20 81 42
20 82 11
20 83 77
20 84 45
20 85 5
20 86 88
20 87 85
20 88 48
20 89 5
20 90 9
20 91 59
20 92 7
20 93 70
20 94 52
21 22 32
21 23 94
21 24 15
21 25 63
21 26 80
21 27 48
21 28 16
21 29 38
21 30 60
21 31 85
21 32 22
21 33 9
21 34 35
21 35 67
21 36 44
21 37 39
21 38 87
21 39 86
21 40 46
21 41 90
21 42 9
21 43 83
21 44 96
21 45 44
21 46 35
21 47 74
21 48 7
21 49 44
21 50 58
21 51 98
21 52 35
21 53 78
21 54 91
21 55 33
21 56 75
21 57 87
21 58 32
21 59 60
21 60 79
21 61 77
21 62 1
21 63 66
21 64 38
21 65 58
21 66 96
21 67 33
21 68 8
21 69 94
21 70 2
21 71 14
21 72 81
21 73 61
21 74 76
21 75 26
21 76 62
21 77 54
21 78 20
21 79 8
21 80 26
21 81 66
21 82 76
21 83 50
21 84 47
21 85 83
21 86 89
21 87 97
21 88 44
21 89 63
21 90 71
21 91 34
21 92 99
21 93 67
21 94 29
22 23 31
22 24 96
22 25 93
22 26 83
22 27 28
22 28 69
22 29 61
22 30 50
22 31 19
22 32 57
22 33 28
22 34 81
22 35 97
22 36 71
22 37 93
22 38 64
22 39 81
22 40 58
22 41 69
22 42 74
22 43 44
22 44 19
22 45 15
22 46 84
22 47 7
22 48 97
22 49 89
22 50 84
22 51 65
22 52 49
22 53 9
22 54 40
22 55 64
22 56 90
22 57 50
22 58 88
22 59 29
22 60 55
22 61 84
22 62 97
22 63 71
22 64 24
22 65 23
22 66 96
22 67 37
22 68 97
22 69 12
22 70 20
22 71 88
22 72 76
22 73 66
22 74 64
22 75 48
22 76 33
22 77 61
22 78 40
22 79 46
22 80 73
22 81 27
22 82 56
22 83 1
22 84 1
22 85 52
22 86 43
22 87 56
22 88 8
22 89 22
22 90 65
22 91 73
22 92 98
22 93 83
22 94 85
23 24 36
23 25 97
23 26 8
23 27 42
23 28 65
23 29 65
23 30 33
23 31 76
23 32 56
23 33 95
23 34 45
23 35 83
23 36 73
23 37 70
23 38 71
23 39 58
23 40 53
23 41 57
23 42 57
23 43 22
23 44 13
23 45 1
23 46 21
23 47 54
23 48 65
23 49 72
23 50 66
23 51 18
23 52 51
23 53 53
23 54 77
23 55 27
23 56 34
23 57 8
23 58 17
23 59 4
23 60 76
23 61 46
23 62 69
23 63 50
23 64 11
23 65 18
23 66 23
23 67 80
23 68 80
23 69 56
23 70 58
23 71 58
23 72 39
23 73 66
23 74 68
23 75 75
23 76 87
23 77 24
23 78 10
23 79 43
23 80 29
23 81 12
23 82 17
23 83 39
23 84 20
23 85 21
23 86 37
23 87 81
23 88 29
23 89 67
23 90 80
23 91 12
23 92 71
23 93 71
23 94 1
24 25 84
24 26 2
24 27 18
24 28 50
24 29 42
24 30 51
24 31 41
24 32 32
24 33 99
24 34 97
24 35 32
24 36 21
24 37 37
24 38 1
24 39 75
24 40 91
24 41 4
24 42 34
24 43 22
24 44 77
24 45 81
24 46 33
24 47 48
24 48 66
24 49 100
24 50 64
24 51 51
24 52 22
24 53 89
24 54 71
24 55 65
24 56 98
24 57 79
24 58 39
24 59 56
24 60 65
24 61 7
24 62 91
24 63 77
24 64 21
24 65 9
24 66 85
24 67 47
24 68 58
24 69 100
24 70 94
24 71 97
24 72 51
24 73 90
24 74 29
24 75 85
24 76 94
24 77 51
24 78 47
24 79 42
24 80 1
24 81 74
24 82 44
24 83 99
24 84 52
24 85 68
24 86 5
24 87 20
24 88 43
24 89 91
24 90 48
24 91 62
24 92 17
24 93 53
24 94 96
25 26 8
25 27 45
25 28 6
25 29 93
25 30 26
25 31 61
25 32 20
25 33 54
25 34 62
25 35 56
25 36 66
25 37 58
25 38 47
25 39 97
25 40 98
25 41 68
25 42 36
25 43 67
25 44 98
25 45 54
25 46 28
25 47 81
25 48 36
25 49 81
25 50 61
25 51 79
25 52 63
25 53 57
25 54 48
25 55 19
25 56 4
25 57 96
25 58 64
25 59 65
25 60 30
25 61 24
25 62 1
25 63 78
25 64 95
25 65 37
25 66 64
25 67 28
25 68 93
25 69 19
25 70 3
25 71 83
25 72 47
25 73 15
25 74 51
25 75 4
25 76 73
25 77 48
25 78 15
25 79 88
25 80 77
25 81 92
25 82 40
25 83 79
25 84 59
25 85 18
25 86 5
25 87 22
25 88 86
25 89 21
25 90 53
25 91 30
25 92 5
25 93 5
25 94 48
26 27 27
26 28 23
26 29 83
26 30 8
26 31 48
26 32 10
26 33 9
26 34 93
26 35 19
26 36 57
26 37 92
26 38 34
26 39 45
26 40 46
26 41 16
26 42 7
26 43 30
26 44 56
26 45 100
26 46 31
26 47 72
26 48 23
26 49 93
26 50 73
26 51 89
26 52 27
26 53 68
26 54 8
26 55 63
26 56 84
26 57 54
26 58 46
26 59 99
26 60 50
26 61 61
26 62 76
26 63 52
26 64 18
26 65 30
26 66 58
26 67 7
26 68 87
26 69 86
26 70 11
26 71 1
26 72 76
26 73 43
26 74 69
26 75 1
26 76 3
26 77 54
26 78 74
26 79 56
26 80 30
26 81 48
26 82 46
26 83 40
26 84 98
26 85 25
26 86 22
26 87 81
26 88 89
26 89 96
26 90 50
26 91 73
26 92 8
26 93 87
26 94 26
27 28 18
27 29 91
27 30 56
27 31 37
27 32 81
27 33 33
27 34 6
27 35 5
27 36 33
27 37 2
27 38 53
27 39 12
27 40 10
27 41 25
27 42 81
27 43 70
27 44 37
27 45 94
27 46 9
27 47 28
27 48 78
27 49 52
27 50 83
27 51 82
27 52 19
27 53 38
27 54 30
27 55 2
27 56 33
27 57 74
27 58 19
27 59 48
27 60 74
27 61 92
27 62 81
27 63 64
27 64 26
27 65 19
27 66 31
27 67 43
27 68 34
27 69 48
27 70 32
27 71 10
27 72 38
27 73 14
27 74 29
27 75 41
27 76 27
27 77 84
27 78 66
27 79 55
27 80 96
27 81 39
27 82 8
27 83 69
27 84 83
27 85 32
27 86 16
27 87 18
27 88 41
27 89 35
27 90 96
27 91 47
27 92 45
27 93 64
27 94 34
28 29 7
28 30 13
28 31 35
28 32 57
28 33 84
28 34 14
28 35 47
28 36 98
28 37 91
28 38 10
28 39 22
28 40 30
28 41 24
28 42 74
28 43 78
28 44 45
28 45 19
28 46 98
28 47 20
28 48 43
28 49 2
28 50 91
28 51 53
28 52 44
28 53 90
28 54 58
28 55 81
28 56 42
28 57 47
28 58 15
28 59 6
28 60 86
28 61 42
28 62 16
28 63 36
28 64 70
28 65 87
28 66 87
28 67 91
28 68 6
28 69 2
28 70 28
28 71 86
28 72 87
28 73 99
28 74 78
28 75 91
28 76 64
28 77 55
28 78 100
28 79 34
28 80 47
28 81 51
28 82 49
28 83 87
28 84 42
28 85 90
28 86 65
28 87 49
28 88 78
28 89 15
28 90 25
28 91 49
28 92 82
28 93 76
28 94 6
29 30 42
29 31 45
29 32 63
29 33 23
29 34 1
29 35 20
29 36 60
29 37 41
29 38 85
29 39 68
29 40 15
29 41 77
29 42 43
29 43 49
29 44 9
29 45 98
29 46 57
29 47 75
29 48 30
29 49 85
29 50 45
29 51 70
29 52 31
29 53 97
29 54 9
29 55 93
29 56 17
29 57 9
29 58 68
29 59 95
29 60 79
29 61 10
29 62 37
29 63 17
29 64 4
29 65 56
29 66 76
29 67 12
29 68 76
29 69 71
29 70 81
29 71 55
29 72 73
29 73 18
29 74 87
29 75 62
29 76 97
29 77 18
29 78 38
29 79 38
29 80 90
29 81 99
29 82 30
29 83 53
29 84 43
29 85 12
29 86 54
29 87 96
29 88 62
29 89 64
29 90 9
29 91 82
29 92 68
29 93 35
29 94 61
30 31 17
30 32 78
30 33 68
30 34 13
30 35 78
30 36 55
30 37 22
30 38 77
30 39 70
30 40 11
30 41 16
30 42 97
30 43 81
30 44 32
30 45 62
30 46 33
30 47 55
30 48 24
30 49 79
30 50 2
30 51 28
30 52 32
30 53 27
30 54 87
30 55 56
30 56 47
30 57 62
30 58 91
30 59 67
30 60 27
30 61 86
30 62 100
30 63 20
30 64 13
30 65 75
30 66 12
30 67 3
30 68 32
30 69 57
30 70 91
30 71 75
30 72 75
30 73 66
30 74 99
30 75 55
30 76 18
30 77 53
30 78 15
30 79 20
30 80 55
30 81 85
30 82 92
30 83 42
30 84 37
30 85 100
30 86 12
30 87 2
30 88 49
30 89 96
30 90 70
30 91 54
30 92 49
30 93 12
30 94 92
31 32 79
31 33 73
31 34 2
31 35 10
31 36 64
31 37 2
31 38 23
31 39 65
31 40 7
31 41 86
31 42 12
31 43 61
31 44 95
31 45 61
31 46 18
31 47 23
31 48 67
31 49 45
31 50 39
31 51 23
31 52 22
31 53 55
31 54 40
31 55 95
31 56 97
31 57 37
31 58 28
31 59 48
31 60 41
31 61 29
31 62 46
31 63 70
31 64 31
31 65 15
31 66 40
31 67 87
31 68 84
31 69 43
31 70 81
31 71 54
31 72 60
31 73 97
31 74 14
31 75 70
31 76 73
31 77 60
31 78 25
31 79 71
31 80 56
31 81 65
31 82 82
31 83 94
31 84 50
31 85 65
31 86 86
31 87 55
31 88 95
31 89 16
31 90 88
31 91 88
31 92 22
31 93 15
31 94 46
32 33 71
32 34 71
32 35 35
32 36 82
32 37 12
32 38 42
32 39 13
32 40 68
32 41 90
32 42 78
32 43 8
32 44 69
32 45 28
32 46 89
32 47 86
32 48 20
32 49 76
32 50 51
32 51 94
32 52 4
32 53 70
32 54 50
32 55 88
32 56 45
32 57 22
32 58 38
32 59 40
32 60 71
32 61 73
32 62 44
32 63 79
32 64 78
32 65 87
32 66 82
32 67 6
32 68 35
32 69 6
32 70 21
32 71 16
32 72 49
32 73 46
32 74 23
32 75 18
32 76 87
32 77 37
32 78 34
32 79 79
32 80 17
32 81 8
32 82 39
32 83 87
32 84 4
32 85 70
32 86 15
32 87 68
32 88 24
32 89 5
32 90 2
32 91 2
32 92 17
32 93 35
32 94 83
33 34 35
33 35 48
33 36 17
33 37 40
33 38 71
33 39 96
33 40 15
33 41 67
33 42 66
33 43 84
33 44 73
33 45 97
33 46 94
33 47 25
33 48 31
33 49 78
33 50 29
33 51 8
33 52 89
33 53 65
33 54 44
33 55 45
33 56 29
33 57 44
33 58 38
33 59 27
33 60 48
33 61 44
33 62 90
33 63 19
33 64 31
33 65 27
33 66 14
33 67 54
33 68 49
33 69 51
33 70 92
33 71 43
33 72 52
33 73 1
33 74 71
33 75 91
33 76 52
33 77 50
33 78 27
33 79 71
33 80 68
33 81 13
33 82 72
33 83 13
33 84 4
33 85 58
33 86 70
33 87 68
33 88 61
33 89 81
33 90 18
33 91 86
33 92 87
33 93 100
33 94 43
34 35 70
34 36 9
34 37 40
34 38 51
34 39 82
34 40 22
34 41 84
34 42 96
34 43 57
34 44 93
34 45 100
34 46 71
34 47 60
34 48 30
34 49 87
34 50 1
34 51 9
34 52 34
34 53 56
34 54 91
34 55 81
34 56 12
34 57 22
34 58 12
34 59 11
34 60 25
34 61 25
34 62 92
34 63 51
34 64 50
34 65 14
34 66 99
34 67 69
34 68 53
34 69 99
34 70 44
34 71 25
34 72 81
34 73 43
34 74 64
34 75 14
34 76 36
34 77 34
34 78 59
34 79 93
34 80 59
34 81 16
34 82 45
34 83 58
34 84 99
34 85 10
34 86 40
34 87 32
34 88 86
34 89 5
34 90 38
34 91 42
34 92 92
34 93 46
34 94 95
35 36 97
35 37 92
35 38 83
35 39 7
35 40 77
35 41 2
35 42 37
35 43 26
35 44 65
35 45 92
35 46 70
35 47 47
35 48 89
35 49 70
35 50 86
35 51 27
35 52 2
35 53 31
35 54 82
35 55 32
35 56 44
35 57 90
35 58 84
35 59 30
35 60 36
35 61 30
35 62 18
35 63 78
35 64 9
35 65 77
35 66 16
35 67 70
35 68 63
35 69 87
35 70 12
35 71 73
35 72 61
35 73 42
35 74 74
35 75 76
35 76 94
35 77 56
35 78 98
35 79 8
35 80 62
35 81 89
35 82 15
35 83 11
35 84 58
35 85 14
35 86 72
35 87 64
35 88 52
35 89 14
35 90 17
35 91 7
35 92 14
35 93 49
35 94 34
36 37 62
36 38 20
36 39 22
36 40 58
36 41 9
36 42 53
36 43 32
36 44 74
36 45 39
36 46 35
36 47 49
36 48 1
36 49 90
36 50 96
36 51 71
36 52 64
36 53 27
36 54 32
36 55 24
36 56 5
36 57 45
36 58 15
36 59 25
36 60 69
36 61 82
36 62 90
36 63 67
36 64 25
36 65 58
36 66 7
36 67 64
36 68 46
36 69 27
36 70 18
36 71 13
36 72 8
36 73 31
36 74 70
36 75 59
36 76 28
36 77 91
36 78 7
36 79 99
36 80 88
36 81 51
36 82 61
36 83 59
36 84 59
36 85 7
36 86 59
36 87 62
36 88 49
36 89 83
36 90 95
36 91 25
36 92 89
36 93 74
36 94 77
37 38 38
37 39 25
37 40 3
37 41 81
37 42 21
37 43 11
37 44 67
37 45 7
37 46 47
37 47 87
37 48 72
37 49 8
37 50 84
37 51 57
37 52 34
37 53 37
37 54 6
37 55 22
37 56 75
37 57 9
37 58 42
37 59 75
37 60 95
37 61 7
37 62 35
37 63 8
37 64 94
37 65 70
37 66 32
37 67 44
37 68 57
37 69 71
37 70 67
37 71 43
37 72 82
37 73 11
37 74 9
37 75 89
37 76 20
37 77 63
37 78 60
37 79 28
37 80 95
37 81 36
37 82 47
37 83 79
37 84 12
37 85 100
37 86 37
37 87 41
37 88 15
37 89 34
37 90 4
37 91 44
37 92 66
37 93 79
37 94 44
38 39 51
38 40 45
38 41 82
38 42 28
38 43 25
38 44 8
38 45 81
38 46 71
38 47 54
38 48 91
38 49 34
38 50 3
38 51 100
38 52 64
38 53 100
38 54 49
38 55 99
38 56 59
38 57 64
38 58 80
38 59 99
38 60 95
38 61 23
38 62 80
38 63 96
38 64 92
38 65 88
38 66 93
38 67 79
38 68 68
38 69 20
38 70 49
38 71 98
38 72 67
38 73 38
38 74 83
38 75 16
38 76 35
38 77 45
38 78 10
38 79 73
38 80 12
38 81 75
38 82 77
38 83 56
38 84 28
38 85 16
38 86 80
38 87 59
38 88 18
38 89 39
38 90 59
38 91 50
38 92 33
38 93 91
38 94 56
39 40 43
39 41 58
39 42 78
39 43 13
39 44 53
39 45 83
39 46 23
39 47 25
39 48 6
39 49 93
39 50 82
39 51 11
39 52 57
39 53 49
39 54 5
39 55 86
39 56 75
39 57 64
39 58 90
39 59 45
39 60 83
39 61 81
39 62 13
39 63 6
39 64 71
39 65 72
39 66 24
39 67 56
39 68 69
39 69 85
39 70 64
39 71 13
39 72 40
39 73 54
39 74 43
39 75 40
39 76 76
39 77 50
39 78 19
39 79 38
39 80 44
39 81 53
39 82 30
39 83 36
39 84 63
39 85 3
39 86 45
39 87 26
39 88 48
39 89 30
39 90 74
39 91 8
39 92 56
39 93 7
39 94 51
40 41 26
40 42 50
40 43 74
40 44 75
40 45 41
40 46 75
40 47 34
40 48 14
40 49 96
40 50 65
40 51 54
40 52 83
40 53 37
40 54 86
40 55 2
40 56 34
40 57 10
40 58 59
40 59 74
40 60 16
40 61 85
40 62 74
40 63 5
40 64 29
40 65 86
40 66 54
40 67 20
40 68 55
40 69 60
40 70 76
40 71 2
40 72 68
40 73 44
40 74 1
40 75 5
40 76 17
40 77 50
40 78 43
40 79 64
40 80 11
40 81 13
40 82 21
40 83 87
40 84 42
40 85 48
40 86 95
40 87 84
40 88 58
40 89 62
40 90 93
40 91 79
40 92 19
40 93 45
40 94 11
41 42 15
41 43 26
41 44 99
41 45 70
41 46 11
41 47 11
41 48 71
41 49 85
41 50 19
41 51 69
41 52 30
41 53 40
41 54 31
41 55 43
41 56 11
41 57 5
41 58 2
41 59 45
41 60 55
41 61 72
41 62 70
41 63 9
41 64 69
41 65 86
41 66 51
41 67 42
41 68 61
41 69 65
41 70 81
41 71 60
41 72 75
41 73 31
41 74 51
41 75 83
41 76 2
41 77 43
41 78 2
41 79 18
41 80 46
41 81 42
41 82 2
41 83 38
41 84 47
41 85 72
41 86 97
41 87 36
41 88 45
41 89 18
41 90 67
41 91 45
41 92 67
41 93 13
41 94 77
42 43 72
42 44 25
42 45 79
42 46 61
42 47 74
42 48 68
42 49 33
42 50 57
42 51 95
42 52 45
42 53 4
42 54 90
42 55 2
42 56 68
42 57 37
42 58 7
42 59 89
42 60 53
42 61 99
42 62 51
42 63 97
42 64 70
42 65 14
42 66 58
42 67 40
42 68 11
42 69 45
42 70 2
42 71 59
42 72 59
42 73 19
42 74 17
42 75 20
42 76 3
42 77 26
42 78 7
42 79 37
42 80 34
42 81 32
42 82 73
42 83 1
42 84 33
42 85 74
42 86 88
42 87 49
42 88 91
42 89 77
42 90 1
42 91 76
42 92 100
42 93 36
42 94 43
43 44 9
43 45 31
43 46 12
43 47 69
43 48 45
43 49 59
43 50 78
43 51 83
43 52 7
43 53 53
43 54 55
43 55 44
43 56 40
43 57 49
43 58 74
43 59 30
43 60 47
43 61 45
43 62 79
43 63 7
43 64 22
43 65 1
43 66 77
43 67 75
43 68 8
43 69 19
43 70 64
43 71 94
43 72 22
43 73 45
43 74 2
43 75 73
43 76 87
43 77 78
43 78 84
43 79 36
43 80 90
43 81 24
43 82 7
43 83 97
43 84 20
43 85 67
43 86 94
43 87 66
43 88 58
43 89 57
43 90 33
43 91 30
43 92 51
43 93 12
43 94 55
44 45 4
44 46 53
44 47 30
44 48 63
44 49 71
44 50 23
44 51 1
44 52 85
44 53 99
44 54 54
44 55 42
44 56 1
44 57 27
44 58 79
44 59 100
44 60 66
44 61 63
44 62 13
44 63 80
44 64 79
44 65 73
44 66 96
44 67 34
44 68 6
44 69 29
44 70 74
44 71 46
44 72 69
44 73 96
44 74 10
44 75 75
44 76 68
44 77 59
44 78 18
44 79 31
44 80 54
44 81 99
44 82 94
44 83 84
44 84 36
44 85 1
44 86 25
44 87 91
44 88 62
44 89 68
44 90 13
44 91 29
44 92 88
44 93 81
44 94 92
45 46 26
45 47 22
45 48 39
45 49 18
45 50 36
45 51 4
45 52 19
45 53 83
45 54 64
45 55 82
45 56 8
45 57 7
45 58 20
45 59 8
45 60 77
45 61 36
45 62 77
45 63 35
45 64 62
45 65 57
45 66 91
45 67 69
45 68 16
45 69 58
45 70 96
45 71 8
45 72 33
45 73 62
45 74 92
45 75 20
45 76 97
45 77 3
45 78 24
45 79 49
45 80 33
45 81 19
45 82 60
45 83 16
45 84 26
45 85 29
45 86 69
45 87 38
45 88 43
45 89 97
45 90 82
45 91 80
45 92 27
45 93 57
45 94 25
46 47 70
46 48 100
46 49 40
46 50 26
46 51 90
46 52 86
46 53 92
46 54 87
46 55 80
46 56 94
46 57 43
46 58 83
46 59 45
46 60 3
46 61 81
46 62 13
46 63 51
46 64 52
46 65 96
46 66 6
46 67 55
46 68 48
46 69 69
46 70 29
46 71 31
46 72 16
46 73 67
46 74 26
46 75 46
46 76 28
46 77 64
46 78 66
46 79 46
46 80 89
46 81 28
46 82 31
46 83 21
46 84 42
46 85 95
46 86 93
46 87 40
46 88 73
46 89 60
46 90 61
46 91 48
46 92 26
46 93 30
46 94 4
47 48 55
47 49 60
47 50 17
47 51 76
47 52 44
47 53 67
47 54 88
47 55 62
47 56 23
47 57 75
47 58 98
47 59 95
47 60 31
47 61 82
47 62 93
47 63 14
47 64 22
47 65 64
47 66 19
47 67 45
47 68 56
47 69 28
47 70 88
47 71 67
47 72 57
47 73 87
47 74 87
47 75 73
47 76 74
47 77 28
47 78 93
47 79 63
47 80 61
47 81 100
47 82 37
47 83 96
47 84 9
47 85 87
47 86 22
47 87 96
47 88 39
47 89 47
47 90 73
47 91 63
47 92 46
47 93 21
47 94 92
48 49 48
48 50 39
48 51 45
48 52 7
48 53 23
48 54 34
48 55 60
48 56 73
48 57 37
48 58 86
48 59 71
48 60 13
48 61 95
48 62 90
48 63 83
48 64 89
48 65 82
48 66 25
48 67 46
48 68 34
48 69 64
48 70 21
48 71 46
48 72 53
48 73 15
48 74 34
48 75 7
48 76 82
48 77 58
48 78 97
48 79 90
48 80 15
48 81 25
48 82 82
48 83 10
48 84 71
48 85 49
48 86 20
48 87 19
48 88 36
48 89 5
48 90 33
48 91 53
48 92 58
48 93 2
48 94 52
49 50 24
49 51 11
49 52 98
49 53 73
49 54 80
49 55 44
49 56 58
49 57 72
49 58 6
49 59 28
49 60 9
49 61 7
49 62 69
49 63 6
49 64 97
49 65 35
49 66 59
49 67 54
49 68 62
49 69 47
49 70 12
49 71 79
49 72 44
49 73 3
49 74 57
49 75 2
49 76 92
49 77 24
49 78 19
49 79 85
49 80 76
49 81 82
49 82 82
49 83 36
49 84 85
49 85 56
49 86 33
49 87 25
49 88 72
49 89 6
49 90 86
49 91 44
49 92 42
49 93 65
49 94 79
50 51 32
50 52 74
50 53 29
50 54 77
50 55 2
50 56 97
50 57 25
50 58 84
50 59 75
50 60 88
50 61 78
50 62 31
50 63 72
50 64 96
50 65 77
50 66 88
50 67 97
50 68 87
50 69 31
50 70 50
50 71 51
50 72 8
50 73 49
50 74 91
50 75 33
50 76 76
50 77 87
50 78 64
50 79 26
50 80 86
50 81 59
50 82 42
50 83 6
50 84 85
50 85 95
50 86 72
50 87 93
50 88 87
50 89 53
50 90 40
50 91 9
50 92 93
50 93 75
50 94 44
51 52 61
51 53 5
51 54 91
51 55 91
51 56 50
51 57 12
51 58 87
51 59 88
51 60 98
51 61 33
51 62 47
51 63 78
51 64 64
51 65 11
51 66 46
51 67 86
51 68 30
51 69 92
51 70 33
51 71 64
51 72 4
51 73 7
51 74 10
51 75 28
51 76 98
51 77 78
51 78 70
51 79 62
51 80 54
51 81 72
51 82 31
51 83 36
51 84 67
51 85 14
51 86 91
51 87 49
51 88 51
51 89 60
51 90 43
51 91 43
51 92 30
51 93 91
51 94 96
52 53 90
52 54 46
52 55 30
52 56 37
52 57 97
52 58 77
52 59 38
52 60 36
52 61 6
52 62 54
52 63 29
52 64 12
52 65 80
52 66 90
52 67 7
52 68 6
52 69 16
52 70 61
52 71 11
52 72 55
52 73 66
52 74 71
52 75 98
52 76 7
52 77 21
52 78 71
52 79 56
52 80 20
52 81 56
52 82 89
52 83 31
52 84 94
52 85 38
52 86 37
52 87 21
52 88 58
52 89 31
52 90 14
52 91 38
52 92 96
52 93 97
52 94 81
53 54 64
53 55 56
53 56 94
53 57 84
53 58 43
53 59 34
53 60 15
53 61 20
53 62 85
53 63 16
53 64 18
53 65 86
53 66 24
53 67 70
53 68 2
53 69 37
53 70 84
53 71 78
53 72 20
53 73 45
53 74 33
53 75 79
53 76 19
53 77 79
53 78 92
53 79 55
53 80 11
53 81 1
53 82 71
53 83 74
53 84 5
53 85 50
53 86 83
53 87 6
53 88 35
53 89 60
53 90 89
53 91 34
53 92 67
53 93 87
53 94 34
54 55 2
54 56 52
54 57 68
54 58 30
54 59 89
54 60 54
54 61 9
54 62 63
54 63 50
54 64 87
54 65 7
54 66 90
54 67 79
54 68 84
54 69 89
54 70 85
54 71 76
54 72 33
54 73 50
54 74 76
54 75 54
54 76 60
54 77 70
54 78 9
54 79 47
54 80 24
54 81 24
54 82 62
54 83 70
54 84 30
54 85 97
54 86 90
54 87 45
54 88 88
54 89 51
54 90 85
54 91 59
54 92 17
54 93 57
54 94 74
55 56 60
55 57 91
55 58 81
55 59 16
55 60 81
55 61 82
55 62 49
55 63 92
55 64 66
55 65 43
55 66 12
55 67 24
55 68 56
55 69 3
55 70 83
55 71 45
55 72 64
55 73 34
55 74 27
55 75 100
55 76 14
55 77 15
55 78 93
55 79 36
55 80 48
55 81 13
55 82 22
55 83 17
55 84 9
55 85 85
55 86 24
55 87 18
55 88 92
55 89 90
55 90 50
55 91 12
55 92 11
55 93 62
55 94 70
56 57 89
56 58 72
56 59 97
56 60 89
56 61 65
56 62 94
56 63 97
56 64 9
56 65 48
56 66 56
56 67 9
56 68 84
56 69 33
56 70 9
56 71 59
56 72 100
56 73 43
56 74 92
56 75 72
56 76 60
56 77 15
56 78 44
56 79 42
56 80 65
56 81 85
56 82 66
56 83 13
56 84 8
56 85 9
56 86 95
56 87 33
56 88 82
56 89 79
56 90 88
56 91 19
56 92 63
56 93 87
56 94 41
57 58 7
57 59 89
57 60 93
57 61 32
57 62 18
57 63 86
57 64 13
57 65 29
57 66 85
57 67 30
57 68 77
57 69 6
57 70 45
57 71 29
57 72 85
57 73 37
57 74 98
57 75 51
57 76 51
57 77 32
57 78 82
57 79 82
57 80 85
57 81 74
57 82 8
57 83 5
57 84 33
57 85 39
57 86 44
57 87 50
57 88 65
57 89 53
57 90 4
57 91 39
57 92 51
57 93 29
57 94 83
58 59 70
58 60 9
58 61 100
58 62 58
58 63 21
58 64 21
58 65 44
58 66 87
58 67 8
58 68 61
58 69 6
58 70 43
58 71 33
58 72 8
58 73 92
58 74 31
58 75 32
58 76 82
58 77 68
58 78 78
58 79 44
58 80 8
58 81 91
58 82 33
58 83 54
58 84 89
58 85 77
58 86 57
58 87 34
58 88 87
58 89 91
58 90 5
58 91 37
58 92 71
58 93 46
58 94 57
59 60 93
59 61 31
59 62 38
59 63 23
59 64 21
59 65 68
59 66 27
59 67 70
59 68 37
59 69 3
59 70 76
59 71 31
59 72 13
59 73 45
59 74 28
59 75 42
59 76 96
59 77 25
59 78 54
59 79 49
59 80 87
59 81 66
59 82 57
59 83 40
59 84 100
59 85 90
59 86 80
59 87 56
59 88 20
59 89 24
59 90 48
59 91 88
59 92 35
59 93 26
59 94 28
60 61 4
60 62 2
60 63 85
60 64 99
60 65 19
60 66 58
60 67 90
60 68 32
60 69 73
60 70 38
60 71 96
60 72 62
60 73 25
60 74 19
60 75 61
60 76 7
60 77 92
60 78 38
60 79 53
60 80 88
60 81 63
60 82 95
60 83 21
60 84 78
60 85 3
60 86 60
60 87 83
60 88 16
60 89 35
60 90 100
60 91 81
60 92 50
60 93 66
60 94 32
61 62 76
61 63 73
61 64 52
61 65 11
61 66 50
61 67 86
61 68 59
61 69 24
61 70 13
61 71 90
61 72 79
61 73 98
61 74 67
61 75 59
61 76 58
61 77 11
61 78 96
61 79 91
61 80 17
61 81 44
61 82 41
61 83 81
61 84 16
61 85 25
61 86 33
61 87 98
61 88 23
61 89 63
61 90 6
61 91 34
61 92 47
61 93 8
61 94 37
62 63 43
62 64 19
62 65 77
62 66 58
62 67 23
62 68 73
62 69 4
62 70 78
62 71 98
62 72 20
62 73 45
62 74 58
62 75 16
62 76 46
62 77 96
62 78 7
62 79 53
62 80 13
62 81 86
62 82 100
62 83 18
62 84 10
62 85 8
62 86 15
62 87 53
62 88 61
62 89 96
62 90 41
62 91 33
62 92 84
62 93 41
62 94 93
63 64 10
63 65 47
63 66 41
63 67 4
63 68 13
63 69 76
63 70 1
63 71 95
63 72 38
63 73 27
63 74 58
63 75 86
63 76 6
63 77 55
63 78 12
63 79 71
63 80 43
63 81 95
63 82 10
63 83 99
63 84 95
63 85 7
63 86 73
63 87 1
63 88 6
63 89 41
63 90 36
63 91 81
63 92 29
63 93 54
63 94 20
64 65 37
64 66 35
64 67 20
64 68 3
64 69 30
64 70 66
64 71 70
64 72 6
64 73 56
64 74 79
64 75 99
64 76 94
64 77 71
64 78 35
64 79 51
64 80 87
64 81 93
64 82 76
64 83 21
64 84 79
64 85 20
64 86 63
64 87 20
64 88 3
64 89 6
64 90 27
64 91 36
64 92 26
64 93 29
64 94 99
65 66 50
65 67 72
65 68 92
65 69 41
65 70 59
65 71 16
65 72 56
65 73 20
65 74 78
65 75 16
65 76 25
65 77 30
65 78 24
65 79 29
65 80 38
65 81 36
65 82 43
65 83 64
65 84 94
65 85 37
65 86 7
65 87 82
65 88 47
65 89 100
65 90 70
65 91 47
65 92 42
65 93 28
65 94 18
66 67 39
66 68 81
66 69 71
66 70 10
66 71 35
66 72 94
66 73 8
66 74 14
66 75 28
66 76 78
66 77 86
66 78 69
66 79 5
66 80 33
66 81 3
66 82 37
66 83 42
66 84 50
66 85 99
66 86 8
66 87 63
66 88 5
66 89 78
66 90 14
66 91 40
66 92 16
66 93 29
66 94 36
67 68 34
67 69 35
67 70 78
67 71 87
67 72 66
67 73 84
67 74 91
67 75 36
67 76 82
67 77 77
67 78 80
67 79 26
67 80 58
67 81 3
67 82 56
67 83 31
67 84 19
67 85 93
67 86 99
67 87 6
67 88 39
67 89 33
67 90 56
67 91 91
67 92 80
67 93 83
67 94 20
68 69 64
68 70 21
68 71 76
68 72 81
68 73 64
68 74 68
68 75 86
68 76 48
68 77 77
68 78 62
68 79 1
68 80 13
68 81 71
68 82 30
68 83 11
68 84 21
68 85 92
68 86 5
68 87 41
68 88 24
68 89 97
68 90 99
68 91 87
68 92 24
68 93 12
68 94 61
69 70 20
69 71 21
69 72 15
69 73 43
69 74 71
69 75 62
69 76 56
69 77 28
69 78 60
69 79 25
69 80 19
69 81 65
69 82 64
69 83 25
69 84 28
69 85 89
69 86 89
69 87 59
69 88 71
69 89 80
69 90 55
69 91 14
69 92 11
69 93 13
69 94 83
70 71 52
70 72 55
70 73 2
70 74 8
70 75 40
70 76 72
70 77 78
70 78 74
70 79 20
70 80 73
70 81 26
70 82 78
70 83 21
70 84 21
70 85 43
70 86 89
70 87 88
70 88 84
70 89 8
70 90 29
70 91 75
70 92 59
70 93 51
70 94 77
71 72 84
71 73 68
71 74 78
71 75 88
71 76 54
71 77 42
71 78 93
71 79 36
71 80 85
71 81 13
71 82 86
71 83 100
71 84 61
71 85 77
71 86 8
71 87 45
71 88 80
71 89 89
71 90 94
71 91 47
71 92 47
71 93 15
71 94 77
72 73 42
72 74 28
72 75 68
72 76 78
72 77 52
72 78 87
72 79 83
72 80 89
72 81 33
72 82 84
72 83 60
72 84 6
72 85 52
72 86 54
72 87 93
72 88 94
72 89 70
72 90 33
72 91 78
72 92 4
72 93 59
72 94 45
73 74 46
73 75 48
73 76 36
73 77 29
73 78 46
73 79 10
73 80 89
73 81 17
73 82 54
73 83 58
73 84 46
73 85 11
73 86 85
73 87 10
73 88 80
73 89 58
73 90 78
73 91 45
73 92 52
73 93 46
73 94 18
74 75 27
74 76 98
74 77 2
74 78 60
74 79 16
74 80 40
74 81 100
74 82 44
74 83 96
74 84 62
74 85 73
74 86 46
74 87 78
74 88 55
74 89 32
74 90 100
74 91 10
74 92 91
74 93 73
74 94 78
75 76 96
75 77 86
75 78 68
75 79 28
75 80 59
75 81 34
75 82 10
75 83 48
75 84 19
75 85 88
75 86 99
75 87 52
75 88 11
75 89 32
75 90 48
75 91 48
75 92 16
75 93 13
75 94 21
76 77 73
76 78 75
76 79 54
76 80 13
76 81 37
76 82 87
76 83 52
76 84 78
76 85 63
76 86 48
76 87 3
76 88 52
76 89 39
76 90 41
76 91 31
76 92 79
76 93 15
76 94 66
77 78 22
77 79 82
77 80 50
77 81 73
77 82 50
77 83 70
77 84 9
77 85 38
77 86 1
77 87 45
77 88 27
77 89 51
77 90 57
77 91 60
77 92 11
77 93 74
77 94 5
78 79 35
78 80 79
78 81 27
78 82 24
78 83 10
78 84 62
78 85 21
78 86 66
78 87 9
78 88 97
78 89 67
78 90 44
78 91 42
78 92 33
78 93 34
78 94 43
79 80 98
79 81 81
79 82 89
79 83 91
79 84 1
79 85 7
79 86 40
79 87 7
79 88 33
79 89 60
79 90 65
79 91 86
79 92 5
79 93 68
79 94 40
80 81 78
80 82 39
80 83 41
80 84 35
80 85 21
80 86 92
80 87 29
80 88 68
80 89 63
80 90 40
80 91 25
80 92 64
80 93 21
80 94 2
81 82 23
81 83 49
81 84 68
81 85 84
81 86 9
81 87 14
81 88 46
81 89 70
81 90 75
81 91 37
81 92 16
81 93 38
81 94 70
82 83 37
82 84 85
82 85 67
82 86 41
82 87 32
82 88 90
82 89 87
82 90 50
82 91 6
82 92 11
82 93 62
82 94 81
83 84 35
83 85 3
83 86 48
83 87 90
83 88 85
83 89 76
83 90 12
83 91 14
83 92 58
83 93 86
83 94 37
84 85 6
84 86 63
84 87 15
84 88 22
84 89 17
84 90 80
84 91 77
84 92 58
84 93 94
84 94 19
85 86 27
85 87 19
85 88 43
85 89 47
85 90 87
85 91 1
85 92 76
85 93 6
85 94 27
86 87 2
86 88 53
86 89 68
86 90 46
86 91 31
86 92 3
86 93 91
86 94 94
87 88 74
87 89 49
87 90 99
87 91 72
87 92 76
87 93 30
87 94 35
88 89 38
88 90 19
88 91 27
88 92 78
88 93 55
88 94 6
89 90 73
89 91 88
89 92 24
89 93 22
89 94 56
90 91 84
90 92 100
90 93 55
90 94 98
91 92 64
91 93 43
91 94 8
92 93 3
92 94 58
93 94 78
