91 4095 90
1 2 76
1 3 61
1 4 64
1 5 41
1 6 60
1 7 73
1 8 97
1 9 21
1 10 55
1 11 33
1 12 46
1 13 72
1 14 92
1 15 34
1 16 90
1 17 25
1 18 53
1 19 51
1 20 9
1 21 73
1 22 16
1 23 91
1 24 31
1 25 56
1 26 45
1 27 36
1 28 58
1 29 10
1 30 8
1 31 94
1 32 58
1 33 59
1 34 20
1 35 54
1 36 15
1 37 53
1 38 2
1 39 31
1 40 71
1 41 19
1 42 40
1 43 72
1 44 40
1 45 49
1 46 62
1 47 30
1 48 75
1 49 42
1 50 90
1 51 54
1 52 25
1 53 48
1 54 53
1 55 30
1 56 16
1 57 89
1 58 99
1 59 6
1 60 30
1 61 6
1 62 37
1 63 88
1 64 81
1 65 62
1 66 91
1 67 36
1 68 77
1 69 89
1 70 19
1 71 57
1 72 71
1 73 78
1 74 16
1 75 88
1 76 6
1 77 58
1 78 100
1 79 9
1 80 53
1 81 63
1 82 35
1 83 91
1 84 81
1 85 51
1 86 43
1 87 64
1 88 25
1 89 57
1 90 100
1 91 23
2 3 32
2 4 42
2 5 96
2 6 27
2 7 61
2 8 40
2 9 81
2 10 38
2 11 92
2 12 51
2 13 47
2 14 77
2 15 56
2 16 45
2 17 50
2 18 7
2 19 9
2 20 40
2 21 25
2 22 7
2 23 1
2 24 69
2 25 55
2 26 85
2 27 11
2 28 36
2 29 22
2 30 78
2 31 46
2 32 8
2 33 84
2 34 20
2 35 18
2 36 55
2 37 89
2 38 71
2 39 35
2 40 91
2 41 20
2 42 65
2 43 72
2 44 59
2 45 72
2 46 36
2 47 36
2 48 5
2 49 36
2 50 16
2 51 100
2 52 66
2 53 44
2 54 82
2 55 65
2 56 29
2 57 95
2 58 56
2 59 51
2 60 61
2 61 47
2 62 2
2 63 27
2 64 64
2 65 22
2 66 83
2 67 16
2 68 40
2 69 56
2 70 9
2 71 16
2 72 21
2 73 18
2 74 69
2 75 82
2 76 28
2 77 72
2 78 86
2 79 92
2 80 87
2 81 66
2 82 62
2 83 24
2 84 36
2 85 41
2 86 97
2 87 5
2 88 9
2 89 48
2 90 96
2 91 46
3 4 12
3 5 7
3 6 23
3 7 9
3 8 8
3 9 24
3 10 100
3 11 48
3 12 86
3 13 34
3 14 94
3 15 50
3 16 50
3 17 19
3 18 49
3 19 69
3 20 19
3 21 84
3 22 19
3 23 40
3 24 37
3 25 31
3 26 62
3 27 58
3 28 69
3 29 80
3 30 32
3 31 100
3 32 48
3 33 15
3 34 98
3 35 16
3 36 42
3 37 3
3 38 65
3 39 90
3 40 25
3 41 20
3 42 18
3 43 2
3 44 7
3 45 92
3 46 56
3 47 67
3 48 74
3 49 81
3 50 67
3 51 22
3 52 76
3 53 60
3 54 27
3 55 48
3 56 69
3 57 57
3 58 38
3 59 15
3 60 96
3 61 62
3 62 77
3 63 82
3 64 23
3 65 61
3 66 7
3 67 54
3 68 59
3 69 74
3 70 5
3 71 62
3 72 19
3 73 13
3 74 26
3 75 45
3 76 75
3 77 10
3 78 68
3 79 78
3 80 30
3 81 13
3 82 7
3 83 75
3 84 21
3 85 12
3 86 4
3 87 18
3 88 85
3 89 78
3 90 53
3 91 29
4 5 77
4 6 62
4 7 52
4 8 90
4 9 79
4 10 58
4 11 31
4 12 89
4 13 62
4 14 59
4 15 89
4 16 81
4 17 36
4 18 85
4 19 53
4 20 32
4 21 92
4 22 67
4 23 5
4 24 75
4 25 52
4 26 28
4 27 70
4 28 6
4 29 42
4 30 59
4 31 28
4 32 78
4 33 18
4 34 27
4 35 61
4 36 13
4 37 74
4 38 51
4 39 15
4 40 35
4 41 42
4 42 7
4 43 75
4 44 42
4 45 56
4 46 62
4 47 59
4 48 71
4 49 70
4 50 32
4 51 33
4 52 49
4 53 56
4 54 55
4 55 79
4 56 18
4 57 61
4 58 3
4 59 29
4 60 23
4 61 82
4 62 46
4 63 97
4 64 17
4 65 58
4 66 61
4 67 74
4 68 69
4 69 78
4 70 29
4 71 84
4 72 55
4 73 91
4 74 24
4 75 93
4 76 15
4 77 99
4 78 23
4 79 70
4 80 20
4 81 48
4 82 60
4 83 38
4 84 43
4 85 3
4 86 60
4 87 74
4 88 3
4 89 49
4 90 63
4 91 78
5 6 36
5 7 31
5 8 48
5 9 91
5 10 83
5 11 45
5 12 11
5 13 64
5 14 73
5 15 37
5 16 66
5 17 22
5 18 86
5 19 32
5 20 74
5 21 47
5 22 67
5 23 64
5 24 92
5 25 44
5 26 48
5 27 46
5 28 21
5 29 75
5 30 59
5 31 78
5 32 76
5 33 45
5 34 63
5 35 15
5 36 88
5 37 74
5 38 21
5 39 33
5 40 80
5 41 57
5 42 17
5 43 15
5 44 72
5 45 51
5 46 86
5 47 3
5 48 33
5 49 46
5 50 39
5 51 20
5 52 37
5 53 75
5 54 23
5 55 90
5 56 80
5 57 81
5 58 23
5 59 100
5 60 73
5 61 53
5 62 29
5 63 85
5 64 70
5 65 25
5 66 58
5 67 59
5 68 75
5 69 7
5 70 69
5 71 42
5 72 69
5 73 59
5 74 12
5 75 17
5 76 70
5 77 41
5 78 3
5 79 19
5 80 99
5 81 4
5 82 61
5 83 15
5 84 85
5 85 1
5 86 38
5 87 76
5 88 87
5 89 33
5 90 70
5 91 85
6 7 87
6 8 56
6 9 52
6 10 49
6 11 9
6 12 33
6 13 7
6 14 99
6 15 30
6 16 92
6 17 88
6 18 16
6 19 56
6 20 91
6 21 53
6 22 90
6 23 88
6 24 98
6 25 24
6 26 33
6 27 7
6 28 60
6 29 64
6 30 7
6 31 90
6 32 41
6 33 14
6 34 5
6 35 32
6 36 59
6 37 80
6 38 6
6 39 78
6 40 58
6 41 12
6 42 46
6 43 79
6 44 34
6 45 92
6 46 77
6 47 80
6 48 51
6 49 32
6 50 47
6 51 52
6 52 80
6 53 52
6 54 76
6 55 2
6 56 65
6 57 36
6 58 82
6 59 35
6 60 88
6 61 43
6 62 100
6 63 79
6 64 89
6 65 53
6 66 37
6 67 17
6 68 51
6 69 4
6 70 36
6 71 61
6 72 42
6 73 53
6 74 35
6 75 88
6 76 37
6 77 72
6 78 96
6 79 72
6 80 78
6 81 72
6 82 57
6 83 10
6 84 29
6 85 61
6 86 4
6 87 22
6 88 98
6 89 90
6 90 96
6 91 12
7 8 73
7 9 1
7 10 18
7 11 27
7 12 88
7 13 25
7 14 2
7 15 93
7 16 16
7 17 58
7 18 6
7 19 66
7 20 63
7 21 9
7 22 2
7 23 69
7 24 29
7 25 16
7 26 33
7 27 38
7 28 38
7 29 20
7 30 90
7 31 69
7 32 61
7 33 100
7 34 23
7 35 35
7 36 14
7 37 85
7 38 82
7 39 46
7 40 69
7 41 26
7 42 8
7 43 40
7 44 71
7 45 95
7 46 40
7 47 43
7 48 23
7 49 66
7 50 70
7 51 63
7 52 54
7 53 16
7 54 17
7 55 50
7 56 100
7 57 82
7 58 14
7 59 85
7 60 93
7 61 2
7 62 10
7 63 47
7 64 9
7 65 95
7 66 4
7 67 17
7 68 59
7 69 89
7 70 88
7 71 82
7 72 68
7 73 60
7 74 25
7 75 22
7 76 7
7 77 98
7 78 38
7 79 21
7 80 90
7 81 16
7 82 75
7 83 98
7 84 50
7 85 63
7 86 39
7 87 86
7 88 73
7 89 46
7 90 68
7 91 10
8 9 43
8 10 41
8 11 43
8 12 40
8 13 18
8 14 6
8 15 95
8 16 72
8 17 88
8 18 68
8 19 65
8 20 76
8 21 30
8 22 5
8 23 96
8 24 31
8 25 82
8 26 96
8 27 99
8 28 13
8 29 57
8 30 86
8 31 94
8 32 54
8 33 11
8 34 63
8 35 96
8 36 90
8 37 21
8 38 27
8 39 8
8 40 34
8 41 8
8 42 14
8 43 53
8 44 9
8 45 59
8 46 61
8 47 43
8 48 6
8 49 7
8 50 33
8 51 41
8 52 31
8 53 67
8 54 86
8 55 32
8 56 85
8 57 2
8 58 72
8 59 78
8 60 68
8 61 19
8 62 48
8 63 98
8 64 46
8 65 71
8 66 29
8 67 34
8 68 32
8 69 58
8 70 18
8 71 12
8 72 6
8 73 9
8 74 8
8 75 60
8 76 21
8 77 74
8 78 72
8 79 6
8 80 95
8 81 59
8 82 4
8 83 28
8 84 97
8 85 66
8 86 80
8 87 24
8 88 46
8 89 73
8 90 16
8 91 73
9 10 93
9 11 89
9 12 30
9 13 100
9 14 36
9 15 53
9 16 65
9 17 87
9 18 62
9 19 16
9 20 60
9 21 95
9 22 23
9 23 90
9 24 25
9 25 58
9 26 71
9 27 34
9 28 78
9 29 47
9 30 61
9 31 86
9 32 76
9 33 55
9 34 57
9 35 69
9 36 5
9 37 22
9 38 40
9 39 77
9 40 20
9 41 14
9 42 4
9 43 66
9 44 16
9 45 39
9 46 58
9 47 31
9 48 24
9 49 85
9 50 100
9 51 69
9 52 59
9 53 15
9 54 25
9 55 40
9 56 81
9 57 4
9 58 41
9 59 94
9 60 60
9 61 89
9 62 67
9 63 11
9 64 1
9 65 54
9 66 83
9 67 48
9 68 12
9 69 40
9 70 84
9 71 62
9 72 29
9 73 76
9 74 19
9 75 51
9 76 86
9 77 27
9 78 6
9 79 13
9 80 72
9 81 71
9 82 71
9 83 43
9 84 88
9 85 76
9 86 29
9 87 44
9 88 31
9 89 42
9 90 58
9 91 76
10 11 13
10 12 19
10 13 92
10 14 69
10 15 30
10 16 67
10 17 56
10 18 23
10 19 5
10 20 65
10 21 81
10 22 100
10 23 73
10 24 20
10 25 71
10 26 78
10 27 96
10 28 7
10 29 87
10 30 36
10 31 56
10 32 5
10 33 24
10 34 67
10 35 35
10 36 96
10 37 72
10 38 12
10 39 59
10 40 22
10 41 33
10 42 43
10 43 65
10 44 67
10 45 12
10 46 81
10 47 8
10 48 46
10 49 13
10 50 48
10 51 72
10 52 13
10 53 80
10 54 70
10 55 18
10 56 68
10 57 1
10 58 3
10 59 42
10 60 1
10 61 67
10 62 32
10 63 27
10 64 40
10 65 10
10 66 12
10 67 36
10 68 35
10 69 68
10 70 51
10 71 80
10 72 65
10 73 92
10 74 26
10 75 1
10 76 12
10 77 60
10 78 90
10 79 87
10 80 11
10 81 21
10 82 9
10 83 100
10 84 69
10 85 97
10 86 62
10 87 93
10 88 42
10 89 31
10 90 81
10 91 45
11 12 77
11 13 47
11 14 52
11 15 81
11 16 30
11 17 38
11 18 53
11 19 27
11 20 89
11 21 84
11 22 58
11 23 74
11 24 76
11 25 50
11 26 78
11 27 78
11 28 20
11 29 66
11 30 2
11 31 2
11 32 14
11 33 63
11 34 31
11 35 20
11 36 24
11 37 45
11 38 67
11 39 35
11 40 11
11 41 85
11 42 46
11 43 96
11 44 46
11 45 6
11 46 74
11 47 43
11 48 60
11 49 67
11 50 50
11 51 66
11 52 70
11 53 81
11 54 83
11 55 9
11 56 9
11 57 28
11 58 92
11 59 1
11 60 24
11 61 50
11 62 57
11 63 28
11 64 94
11 65 22
11 66 88
11 67 95
11 68 40
11 69 95
11 70 90
11 71 40
11 72 83
11 73 64
11 74 64
11 75 62
11 76 68
11 77 19
11 78 5
11 79 70
11 80 13
11 81 67
11 82 16
11 83 38
11 84 35
11 85 27
11 86 71
11 87 3
11 88 65
11 89 17
11 90 44
11 91 32
12 13 47
12 14 68
12 15 71
12 16 26
12 17 23
12 18 78
12 19 80
12 20 32
12 21 2
12 22 77
12 23 5
12 24 24
12 25 34
12 26 91
12 27 55
12 28 78
12 29 42
12 30 88
12 31 80
12 32 12
12 33 76
12 34 56
12 35 18
12 36 26
12 37 34
12 38 19
12 39 59
12 40 57
12 41 17
12 42 14
12 43 17
12 44 14
12 45 52
12 46 35
12 47 89
12 48 73
12 49 43
12 50 66
12 51 2
12 52 38
12 53 62
12 54 57
12 55 3
12 56 68
12 57 93
12 58 11
12 59 50
12 60 99
12 61 86
12 62 88
12 63 95
12 64 69
12 65 68
12 66 76
12 67 61
12 68 71
12 69 82
12 70 24
12 71 5
12 72 10
12 73 50
12 74 47
12 75 52
12 76 49
12 77 83
12 78 20
12 79 57
12 80 16
12 81 76
12 82 75
12 83 2
12 84 1
12 85 17
12 86 13
12 87 13
12 88 80
12 89 93
12 90 2
12 91 20
13 14 54
13 15 22
13 16 3
13 17 2
13 18 74
13 19 17
13 20 20
13 21 10
13 22 37
13 23 93
13 24 52
13 25 71
13 26 53
13 27 31
13 28 80
13 29 67
13 30 78
13 31 36
13 32 6
13 33 64
13 34 66
13 35 43
13 36 9
13 37 68
13 38 39
13 39 8
13 40 33
13 41 6
13 42 57
13 43 92
13 44 56
13 45 65
13 46 83
13 47 86
13 48 51
13 49 66
13 50 98
13 51 58
13 52 65
13 53 22
13 54 14
13 55 78
13 56 3
13 57 53
13 58 21
13 59 73
13 60 93
13 61 36
13 62 1
13 63 95
13 64 68
13 65 26
13 66 24
13 67 91
13 68 18
13 69 93
13 70 94
13 71 87
13 72 52
13 73 22
13 74 75
13 75 20
13 76 71
13 77 42
13 78 91
13 79 68
13 80 33
13 81 64
13 82 45
13 83 89
13 84 61
13 85 24
13 86 21
13 87 61
13 88 86
13 89 14
13 90 14
13 91 18
14 15 84
14 16 50
14 17 9
14 18 71
14 19 92
14 20 30
14 21 6
14 22 62
14 23 47
14 24 59
14 25 57
14 26 54
14 27 60
14 28 66
14 29 98
14 30 14
14 31 94
14 32 100
14 33 81
14 34 99
14 35 1
14 36 89
14 37 89
14 38 4
14 39 78
14 40 8
14 41 35
14 42 32
14 43 49
14 44 50
14 45 39
14 46 23
14 47 76
14 48 94
14 49 40
14 50 57
14 51 90
14 52 39
14 53 41
14 54 48
14 55 58
14 56 7
14 57 99
14 58 7
14 59 99
14 60 38
14 61 70
14 62 14
14 63 98
14 64 96
14 65 19
14 66 15
14 67 86
14 68 41
14 69 36
14 70 24
14 71 48
14 72 78
14 73 37
14 74 81
14 75 30
14 76 32
14 77 29
14 78 98
14 79 8
14 80 64
14 81 54
14 82 85
14 83 53
14 84 93
14 85 55
14 86 13
14 87 27
14 88 34
14 89 26
14 90 82
14 91 7
15 16 15
15 17 6
15 18 19
15 19 11
15 20 97
15 21 69
15 22 32
15 23 15
15 24 92
15 25 50
15 26 35
15 27 23
15 28 98
15 29 62
15 30 21
15 31 2
15 32 1
15 33 65
15 34 7
15 35 23
15 36 17
15 37 6
15 38 1
15 39 97
15 40 9
15 41 20
15 42 69
15 43 71
15 44 9
15 45 9
15 46 52
15 47 71
15 48 21
15 49 99
15 50 72
15 51 16
15 52 63
15 53 91
15 54 37
15 55 41
15 56 91
15 57 54
15 58 6
15 59 39
15 60 87
15 61 82
15 62 68
15 63 35
15 64 29
15 65 55
15 66 20
15 67 81
15 68 31
15 69 35
15 70 18
15 71 98
15 72 68
15 73 18
15 74 42
15 75 19
15 76 13
15 77 18
15 78 39
15 79 39
15 80 60
15 81 48
15 82 22
15 83 74
15 84 36
15 85 73
15 86 72
15 87 14
15 88 6
15 89 79
15 90 91
15 91 86
16 17 1
16 18 90
16 19 39
16 20 68
16 21 58
16 22 60
16 23 60
16 24 48
16 25 71
16 26 70
16 27 52
16 28 78
16 29 79
16 30 67
16 31 32
16 32 40
16 33 22
16 34 27
16 35 45
16 36 96
16 37 30
16 38 78
16 39 30
16 40 80
16 41 42
16 42 81
16 43 24
16 44 96
16 45 85
16 46 10
16 47 41
16 48 76
16 49 95
16 50 51
16 51 100
16 52 64
16 53 82
16 54 33
16 55 40
16 56 40
16 57 87
16 58 26
16 59 9
16 60 86
16 61 45
16 62 83
16 63 25
16 64 8
16 65 96
16 66 68
16 67 9
16 68 81
16 69 67
16 70 95
16 71 98
16 72 32
16 73 45
16 74 90
16 75 13
16 76 26
16 77 17
16 78 59
16 79 28
16 80 72
16 81 56
16 82 74
16 83 87
16 84 21
16 85 93
16 86 20
16 87 61
16 88 89
16 89 64
16 90 16
16 91 58
17 18 74
17 19 88
17 20 55
17 21 44
17 22 72
17 23 38
17 24 28
17 25 39
17 26 98
17 27 15
17 28 11
17 29 11
17 30 80
17 31 100
17 32 49
17 33 74
17 34 64
17 35 80
17 36 50
17 37 14
17 38 3
17 39 68
17 40 36
17 41 54
17 42 21
17 43 7
17 44 81
17 45 45
17 46 5
17 47 100
17 48 67
17 49 4
17 50 95
17 51 1
17 52 3
17 53 92
17 54 61
17 55 7
17 56 79
17 57 4
17 58 81
17 59 14
17 60 40
17 61 27
17 62 58
17 63 61
17 64 29
17 65 66
17 66 91
17 67 12
17 68 67
17 69 51
17 70 78
17 71 55
17 72 54
17 73 12
17 74 91
17 75 14
17 76 14
17 77 54
17 78 87
17 79 85
17 80 55
17 81 50
17 82 88
17 83 16
17 84 6
17 85 6
17 86 21
17 87 69
17 88 33
17 89 89
17 90 92
17 91 63
18 19 71
18 20 51
18 21 92
18 22 97
18 23 58
18 24 94
18 25 68
18 26 3
18 27 20
18 28 8
18 29 53
18 30 7
18 31 17
18 32 38
18 33 3
18 34 40
18 35 44
18 36 78
18 37 28
18 38 16
18 39 20
18 40 57
18 41 53
18 42 76
18 43 58
18 44 49
18 45 87
18 46 14
18 47 45
18 48 60
18 49 17
18 50 87
18 51 73
18 52 95
18 53 49
18 54 78
18 55 35
18 56 24
18 57 53
18 58 95
18 59 43
18 60 13
18 61 40
18 62 61
18 63 1
18 64 30
18 65 78
18 66 72
18 67 61
18 68 43
18 69 64
18 70 91
18 71 58
18 72 79
18 73 74
18 74 84
18 75 17
18 76 92
18 77 20
18 78 36
18 79 30
18 80 32
18 81 82
18 82 45
18 83 86
18 84 100
18 85 24
18 86 15
18 87 74
18 88 77
18 89 47
18 90 90
18 91 29
19 20 89
19 21 10
19 22 88
19 23 40
19 24 3
19 25 23
19 26 26
19 27 57
19 28 20
19 29 16
19 30 25
19 31 11
19 32 53
19 33 15
19 34 58
19 35 20
19 36 69
19 37 68
19 38 72
19 39 9
19 40 12
19 41 38
19 42 61
19 43 32
19 44 38
19 45 37
19 46 29
19 47 48
19 48 97
19 49 17
19 50 65
19 51 19
19 52 68
19 53 20
19 54 92
19 55 69
19 56 78
19 57 38
19 58 82
19 59 78
19 60 22
19 61 33
19 62 89
19 63 72
19 64 72
19 65 41
19 66 6
19 67 48
19 68 26
19 69 96
19 70 90
19 71 36
19 72 34
19 73 41
19 74 35
19 75 72
19 76 83
19 77 45
19 78 70
19 79 55
19 80 6
19 81 99
19 82 10
19 83 31
19 84 67
19 85 89
19 86 81
19 87 93
19 88 89
19 89 46
19 90 76
19 91 96
20 21 27
20 22 26
20 23 44
20 24 27
20 25 8
20 26 9
20 27 57
20 28 83
20 29 69
20 30 89
20 31 52
20 32 75
20 33 10
20 34 78
20 35 22
20 36 23
20 37 98
20 38 87
20 39 79
20 40 9
20 41 63
20 42 78
20 43 47
20 44 92
20 45 82
20 46 76
20 47 51
20 48 33
20 49 98
20 50 94
20 51 36
20 52 80
20 53 95
20 54 80
20 55 84
20 56 6
20 57 17
20 58 19
20 59 97
20 60 99
20 61 37
20 62 42
20 63 22
20 64 73
20 65 14
20 66 55
20 67 62
20 68 75
20 69 96
20 70 19
20 71 46
20 72 28
20 73 89
20 74 46
20 75 100
20 76 41
20 77 17
20 78 15
20 79 94
20 80 73
20 81 35
20 82 82
20 83 56
20 84 15
20 85 38
20 86 38
20 87 6
20 88 100
20 89 79
20 90 21
20 91 42
21 22 30
21 23 84
21 24 7
21 25 100
21 26 1
21 27 29
21 28 98
21 29 56
21 30 65
21 31 8
21 32 28
21 33 13
21 34 81
21 35 66
21 36 27
21 37 93
21 38 67
21 39 1
21 40 69
21 41 29
21 42 23
21 43 6
21 44 79
21 45 35
21 46 31
21 47 38
21 48 87
21 49 93
21 50 45
21 51 2
21 52 54
21 53 88
21 54 13
21 55 77
21 56 36
21 57 14
21 58 64
21 59 46
21 60 22
21 61 43
21 62 61
21 63 36
21 64 96
21 65 96
21 66 90
21 67 6
21 68 64
21 69 93
21 70 79
21 71 80
21 72 31
21 73 29
21 74 32
21 75 79
21 76 84
21 77 82
21 78 62
21 79 64
21 80 81
21 81 8
21 82 92
21 83 18
21 84 86
21 85 18
21 86 88
21 87 16
21 88 35
21 89 54
21 90 34
21 91 66
22 23 33
22 24 9
22 25 96
22 26 6
22 27 96
22 28 65
22 29 12
22 30 34
22 31 63
22 32 2
22 33 29
22 34 29
22 35 61
22 36 54
22 37 59
22 38 37
22 39 56
22 40 71
22 41 89
22 42 64
22 43 67
22 44 43
22 45 38
22 46 98
22 47 28
22 48 97
22 49 80
22 50 17
22 51 84
22 52 67
22 53 26
22 54 84
22 55 93
22 56 64
22 57 80
22 58 20
22 59 90
22 60 86
22 61 27
22 62 36
22 63 38
22 64 74
22 65 47
22 66 30
22 67 6
22 68 84
22 69 46
22 70 1
22 71 59
22 72 15
22 73 42
22 74 77
22 75 35
22 76 66
22 77 15
22 78 31
22 79 23
22 80 63
22 81 8
22 82 22
22 83 12
22 84 8
22 85 15
22 86 44
22 87 41
22 88 94
22 89 26
22 90 81
22 91 34
23 24 65
23 25 48
23 26 76
23 27 47
23 28 55
23 29 100
23 30 86
23 31 7
23 32 25
23 33 24
23 34 18
23 35 38
23 36 64
23 37 68
23 38 91
23 39 31
23 40 22
23 41 82
23 42 56
23 43 33
23 44 50
23 45 88
23 46 76
23 47 36
23 48 95
23 49 2
23 50 32
23 51 3
23 52 100
23 53 58
23 54 13
23 55 59
23 56 28
23 57 62
23 58 47
23 59 39
23 60 50
23 61 36
23 62 87
23 63 42
23 64 82
23 65 98
23 66 33
23 67 55
23 68 1
23 69 43
23 70 9
23 71 49
23 72 62
23 73 19
23 74 74
23 75 11
23 76 39
23 77 49
23 78 92
23 79 33
23 80 12
23 81 87
23 82 41
23 83 52
23 84 41
23 85 56
23 86 86
23 87 64
23 88 59
23 89 10
23 90 31
23 91 37
24 25 54
24 26 52
24 27 98
24 28 61
24 29 68
24 30 37
24 31 71
24 32 48
24 33 22
24 34 98
24 35 18
24 36 94
24 37 74
24 38 96
24 39 3
24 40 50
24 41 77
24 42 66
24 43 4
24 44 1
24 45 35
24 46 60
24 47 54
24 48 33
24 49 99
24 50 13
24 51 85
24 52 36
24 53 100
24 54 43
24 55 64
24 56 28
24 57 90
24 58 3
24 59 5
24 60 37
24 61 31
24 62 14
24 63 91
24 64 22
24 65 56
24 66 14
24 67 29
24 68 24
24 69 82
24 70 69
24 71 20
24 72 76
24 73 48
24 74 94
24 75 90
24 76 57
24 77 89
24 78 38
24 79 29
24 80 26
24 81 86
24 82 18
24 83 56
24 84 72
24 85 79
24 86 10
24 87 61
24 88 49
24 89 100
24 90 34
24 91 48
25 26 14
25 27 85
25 28 1
25 29 99
25 30 51
25 31 11
25 32 8
25 33 25
25 34 17
25 35 31
25 36 74
25 37 54
25 38 100
25 39 47
25 40 53
25 41 39
25 42 21
25 43 60
25 44 21
25 45 30
25 46 39
25 47 94
25 48 43
25 49 96
25 50 8
25 51 88
25 52 14
25 53 100
25 54 81
25 55 26
25 56 97
25 57 46
25 58 74
25 59 24
25 60 76
25 61 3
25 62 58
25 63 28
25 64 62
25 65 19
25 66 26
25 67 13
25 68 73
25 69 27
25 70 4
25 71 91
25 72 89
25 73 65
25 74 87
25 75 97
25 76 77
25 77 33
25 78 1
25 79 93
25 80 14
25 81 66
25 82 80
25 83 5
25 84 91
25 85 72
25 86 54
25 87 69
25 88 21
25 89 44
25 90 86
25 91 99
26 27 3
26 28 76
26 29 85
26 30 40
26 31 34
26 32 22
26 33 98
26 34 76
26 35 88
26 36 25
26 37 73
26 38 78
26 39 55
26 40 70
26 41 66
26 42 81
26 43 70
26 44 4
26 45 57
26 46 69
26 47 27
26 48 15
26 49 80
26 50 99
26 51 68
26 52 33
26 53 78
26 54 61
26 55 96
26 56 27
26 57 93
26 58 92
26 59 39
26 60 38
26 61 30
26 62 93
26 63 6
26 64 18
26 65 2
26 66 33
26 67 22
26 68 3
26 69 28
26 70 8
26 71 15
26 72 95
26 73 6
26 74 82
26 75 26
26 76 77
26 77 85
26 78 3
26 79 84
26 80 55
26 81 85
26 82 65
26 83 13
26 84 86
26 85 56
26 86 2
26 87 30
26 88 5
26 89 12
26 90 7
26 91 48
27 28 54
27 29 94
27 30 80
27 31 42
27 32 89
27 33 66
27 34 65
27 35 91
27 36 85
27 37 58
27 38 37
27 39 40
27 40 45
27 41 79
27 42 3
27 43 16
27 44 40
27 45 97
27 46 72
27 47 90
27 48 13
27 49 81
27 50 2
27 51 90
27 52 1
27 53 57
27 54 11
27 55 41
27 56 67
27 57 94
27 58 72
27 59 99
27 60 81
27 61 54
27 62 74
27 63 68
27 64 9
27 65 63
27 66 35
27 67 39
27 68 94
27 69 10
27 70 4
27 71 56
27 72 4
27 73 77
27 74 44
27 75 80
27 76 10
27 77 77
27 78 46
27 79 15
27 80 1
27 81 83
27 82 96
27 83 24
27 84 64
27 85 20
27 86 4
27 87 81
27 88 3
27 89 47
27 90 68
27 91 65
28 29 11
28 30 56
28 31 57
28 32 48
28 33 42
28 34 18
28 35 44
28 36 80
28 37 22
28 38 42
28 39 70
28 40 54
28 41 25
28 42 55
28 43 91
28 44 75
28 45 64
28 46 28
28 47 46
28 48 27
28 49 43
28 50 11
28 51 9
28 52 81
28 53 45
28 54 41
28 55 34
28 56 8
28 57 66
28 58 79
28 59 33
28 60 21
28 61 60
28 62 60
28 63 91
28 64 29
28 65 47
28 66 62
28 67 100
28 68 84
28 69 13
28 70 83
28 71 93
28 72 43
28 73 27
28 74 52
28 75 54
28 76 30
28 77 46
28 78 32
28 79 78
28 80 88
28 81 36
28 82 40
28 83 17
28 84 17
28 85 48
28 86 76
28 87 12
28 88 39
28 89 37
28 90 5
28 91 38
29 30 21
29 31 86
29 32 71
29 33 30
29 34 5
29 35 91
29 36 54
29 37 79
29 38 68
29 39 68
29 40 59
29 41 98
29 42 80
29 43 55
29 44 45
29 45 33
29 46 76
29 47 19
29 48 53
29 49 96
29 50 44
29 51 35
29 52 15
29 53 81
29 54 45
29 55 36
29 56 2
29 57 93
29 58 46
29 59 2
29 60 96
29 61 11
29 62 85
29 63 59
29 64 75
29 65 18
29 66 6
29 67 63
29 68 90
29 69 38
29 70 4
29 71 23
29 72 26
29 73 84
29 74 56
29 75 72
29 76 62
29 77 20
29 78 2
29 79 21
29 80 16
29 81 12
29 82 8
29 83 42
29 84 82
29 85 15
29 86 70
29 87 72
29 88 64
29 89 92
29 90 38
29 91 69
30 31 90
30 32 24
30 33 21
30 34 36
30 35 48
30 36 78
30 37 80
30 38 53
30 39 49
30 40 44
30 41 84
30 42 28
30 43 58
30 44 28
30 45 90
30 46 13
30 47 94
30 48 5
30 49 3
30 50 63
30 51 56
30 52 87
30 53 2
30 54 41
30 55 96
30 56 17
30 57 9
30 58 34
30 59 77
30 60 57
30 61 61
30 62 53
30 63 31
30 64 50
30 65 10
30 66 55
30 67 39
30 68 15
30 69 99
30 70 72
30 71 52
30 72 94
30 73 90
30 74 68
30 75 5
30 76 54
30 77 73
30 78 19
30 79 47
30 80 5
30 81 70
30 82 70
30 83 90
30 84 3
30 85 16
30 86 53
30 87 45
30 88 80
30 89 86
30 90 27
30 91 71
31 32 72
31 33 90
31 34 69
31 35 57
31 36 52
31 37 93
31 38 5
31 39 18
31 40 89
31 41 82
31 42 74
31 43 27
31 44 16
31 45 8
31 46 97
31 47 6
31 48 58
31 49 23
31 50 58
31 51 52
31 52 26
31 53 45
31 54 87
31 55 41
31 56 28
31 57 78
31 58 16
31 59 99
31 60 64
31 61 54
31 62 43
31 63 30
31 64 40
31 65 46
31 66 73
31 67 22
31 68 70
31 69 23
31 70 46
31 71 44
31 72 4
31 73 53
31 74 78
31 75 4
31 76 55
31 77 25
31 78 93
31 79 57
31 80 94
31 81 16
31 82 28
31 83 100
31 84 12
31 85 49
31 86 3
31 87 10
31 88 57
31 89 8
31 90 29
31 91 39
32 33 83
32 34 98
32 35 70
32 36 67
32 37 69
32 38 50
32 39 34
32 40 26
32 41 7
32 42 90
32 43 73
32 44 85
32 45 91
32 46 95
32 47 83
32 48 13
32 49 91
32 50 66
32 51 25
32 52 37
32 53 6
32 54 20
32 55 56
32 56 17
32 57 77
32 58 66
32 59 32
32 60 7
32 61 23
32 62 6
32 63 72
32 64 58
32 65 12
32 66 86
32 67 39
32 68 34
32 69 2
32 70 20
32 71 87
32 72 49
32 73 65
32 74 89
32 75 20
32 76 74
32 77 22
32 78 69
32 79 48
32 80 99
32 81 77
32 82 67
32 83 47
32 84 2
32 85 72
32 86 85
32 87 79
32 88 27
32 89 69
32 90 84
32 91 66
33 34 99
33 35 99
33 36 67
33 37 76
33 38 5
33 39 17
33 40 76
33 41 21
33 42 90
33 43 100
33 44 54
33 45 89
33 46 47
33 47 52
33 48 49
33 49 31
33 50 41
33 51 76
33 52 40
33 53 54
33 54 95
33 55 26
33 56 23
33 57 3
33 58 94
33 59 21
33 60 24
33 61 82
33 62 96
33 63 12
33 64 48
33 65 4
33 66 64
33 67 10
33 68 40
33 69 17
33 70 45
33 71 47
33 72 85
33 73 69
33 74 49
33 75 69
33 76 25
33 77 72
33 78 81
33 79 15
33 80 35
33 81 31
33 82 77
33 83 96
33 84 100
33 85 21
33 86 93
33 87 9
33 88 5
33 89 86
33 90 11
33 91 88
34 35 28
34 36 14
34 37 53
34 38 67
34 39 22
34 40 54
34 41 43
34 42 79
34 43 18
34 44 19
34 45 92
34 46 88
34 47 39
34 48 66
34 49 50
34 50 46
34 51 33
34 52 61
34 53 64
34 54 64
34 55 47
34 56 42
34 57 71
34 58 82
34 59 62
34 60 86
34 61 80
34 62 95
34 63 33
34 64 7
34 65 1
34 66 61
34 67 77
34 68 60
34 69 44
34 70 11
34 71 6
34 72 100
34 73 24
34 74 41
34 75 51
34 76 35
34 77 78
34 78 25
34 79 43
34 80 14
34 81 86
34 82 81
34 83 56
34 84 100
34 85 31
34 86 62
34 87 1
34 88 40
34 89 43
34 90 61
34 91 48
35 36 20
35 37 25
35 38 26
35 39 72
35 40 33
35 41 80
35 42 57
35 43 61
35 44 57
35 45 76
35 46 52
35 47 25
35 48 54
35 49 92
35 50 16
35 51 1
35 52 81
35 53 48
35 54 35
35 55 57
35 56 30
35 57 57
35 58 36
35 59 29
35 60 38
35 61 97
35 62 77
35 63 92
35 64 62
35 65 35
35 66 90
35 67 78
35 68 68
35 69 92
35 70 59
35 71 84
35 72 47
35 73 57
35 74 96
35 75 24
35 76 17
35 77 23
35 78 49
35 79 49
35 80 55
35 81 84
35 82 30
35 83 91
35 84 42
35 85 98
35 86 2
35 87 18
35 88 58
35 89 25
35 90 37
35 91 76
36 37 61
36 38 71
36 39 87
36 40 75
36 41 28
36 42 33
36 43 13
36 44 62
36 45 53
36 46 2
36 47 50
36 48 36
36 49 44
36 50 51
36 51 23
36 52 46
36 53 52
36 54 12
36 55 89
36 56 42
36 57 85
36 58 99
36 59 73
36 60 39
36 61 70
36 62 92
36 63 13
36 64 68
36 65 10
36 66 28
36 67 53
36 68 22
36 69 88
36 70 15
36 71 51
36 72 26
36 73 86
36 74 33
36 75 22
36 76 70
36 77 95
36 78 19
36 79 78
36 80 29
36 81 49
36 82 8
36 83 71
36 84 55
36 85 16
36 86 94
36 87 55
36 88 17
36 89 98
36 90 95
36 91 10
37 38 18
37 39 96
37 40 60
37 41 48
37 42 86
37 43 23
37 44 56
37 45 89
37 46 13
37 47 31
37 48 7
37 49 31
37 50 98
37 51 33
37 52 31
37 53 4
37 54 78
37 55 36
37 56 85
37 57 65
37 58 7
37 59 75
37 60 96
37 61 74
37 62 62
37 63 14
37 64 4
37 65 7
37 66 69
37 67 27
37 68 84
37 69 10
37 70 55
37 71 36
37 72 65
37 73 92
37 74 8
37 75 75
37 76 55
37 77 98
37 78 74
37 79 3
37 80 36
37 81 9
37 82 72
37 83 96
37 84 73
37 85 12
37 86 46
37 87 31
37 88 62
37 89 98
37 90 8
37 91 16
38 39 1
38 40 29
38 41 36
38 42 89
38 43 29
38 44 36
38 45 22
38 46 66
38 47 6
38 48 21
38 49 36
38 50 96
38 51 86
38 52 67
38 53 65
38 54 16
38 55 52
38 56 78
38 57 16
38 58 1
38 59 75
38 60 60
38 61 4
38 62 27
38 63 25
38 64 29
38 65 64
38 66 14
38 67 75
38 68 73
38 69 66
38 70 88
38 71 53
38 72 43
38 73 6
38 74 7
38 75 11
38 76 55
38 77 90
38 78 3
38 79 58
38 80 31
38 81 42
38 82 94
38 83 41
38 84 2
38 85 32
38 86 52
38 87 55
38 88 25
38 89 48
38 90 86
38 91 16
39 40 85
39 41 78
39 42 20
39 43 76
39 44 43
39 45 46
39 46 65
39 47 99
39 48 58
39 49 29
39 50 39
39 51 100
39 52 46
39 53 51
39 54 71
39 55 41
39 56 97
39 57 94
39 58 93
39 59 49
39 60 51
39 61 68
39 62 63
39 63 22
39 64 29
39 65 75
39 66 15
39 67 88
39 68 90
39 69 62
39 70 60
39 71 60
39 72 72
39 73 66
39 74 46
39 75 20
39 76 33
39 77 9
39 78 25
39 79 13
39 80 31
39 81 69
39 82 9
39 83 26
39 84 66
39 85 100
39 86 57
39 87 89
39 88 77
39 89 9
39 90 62
39 91 53
40 41 45
40 42 31
40 43 42
40 44 27
40 45 77
40 46 39
40 47 48
40 48 62
40 49 45
40 50 46
40 51 1
40 52 8
40 53 46
40 54 31
40 55 25
40 56 22
40 57 85
40 58 33
40 59 9
40 60 28
40 61 20
40 62 90
40 63 10
40 64 36
40 65 76
40 66 7
40 67 26
40 68 2
40 69 11
40 70 87
40 71 33
40 72 78
40 73 6
40 74 92
40 75 48
40 76 51
40 77 33
40 78 79
40 79 98
40 80 29
40 81 12
40 82 21
40 83 43
40 84 54
40 85 22
40 86 19
40 87 3
40 88 22
40 89 44
40 90 96
40 91 74
41 42 58
41 43 21
41 44 49
41 45 77
41 46 100
41 47 84
41 48 94
41 49 28
41 50 17
41 51 45
41 52 23
41 53 23
41 54 68
41 55 38
41 56 21
41 57 6
41 58 10
41 59 92
41 60 2
41 61 3
41 62 51
41 63 35
41 64 52
41 65 22
41 66 85
41 67 95
41 68 57
41 69 18
41 70 57
41 71 49
41 72 44
41 73 2
41 74 27
41 75 44
41 76 26
41 77 96
41 78 67
41 79 45
41 80 71
41 81 37
41 82 55
41 83 80
41 84 13
41 85 93
41 86 72
41 87 90
41 88 22
41 89 4
41 90 34
41 91 65
42 43 5
42 44 86
42 45 61
42 46 2
42 47 81
42 48 26
42 49 50
42 50 97
42 51 82
42 52 85
42 53 24
42 54 20
42 55 78
42 56 22
42 57 83
42 58 8
42 59 65
42 60 67
42 61 68
42 62 4
42 63 58
42 64 99
42 65 44
42 66 19
42 67 94
42 68 26
42 69 40
42 70 83
42 71 42
42 72 6
42 73 54
42 74 59
42 75 84
42 76 43
42 77 92
42 78 8
42 79 93
42 80 20
42 81 4
42 82 95
42 83 17
42 84 41
42 85 66
42 86 81
42 87 26
42 88 82
42 89 25
42 90 2
42 91 27
43 44 31
43 45 87
43 46 61
43 47 41
43 48 78
43 49 87
43 50 15
43 51 52
43 52 47
43 53 55
43 54 43
43 55 27
43 56 61
43 57 100
43 58 23
43 59 51
43 60 57
43 61 68
43 62 74
43 63 64
43 64 83
43 65 11
43 66 84
43 67 99
43 68 40
43 69 24
43 70 78
43 71 37
43 72 31
43 73 30
43 74 22
43 75 11
43 76 46
43 77 65
43 78 54
43 79 85
43 80 94
43 81 16
43 82 61
43 83 37
43 84 81
43 85 37
43 86 85
43 87 48
43 88 53
43 89 44
43 90 58
43 91 29
44 45 37
44 46 68
44 47 90
44 48 29
44 49 17
44 50 57
44 51 76
44 52 16
44 53 41
44 54 38
44 55 2
44 56 38
44 57 50
44 58 33
44 59 42
44 60 2
44 61 1
44 62 100
44 63 37
44 64 85
44 65 81
44 66 11
44 67 81
44 68 51
44 69 3
44 70 75
44 71 28
44 72 26
44 73 91
44 74 89
44 75 97
44 76 94
44 77 6
44 78 97
44 79 9
44 80 15
44 81 17
44 82 40
44 83 47
44 84 48
44 85 46
44 86 30
44 87 37
44 88 62
44 89 89
44 90 88
44 91 35
45 46 1
45 47 23
45 48 35
45 49 92
45 50 14
45 51 82
45 52 51
45 53 3
45 54 31
45 55 93
45 56 57
45 57 85
45 58 90
45 59 28
45 60 75
45 61 17
45 62 24
45 63 36
45 64 30
45 65 42
45 66 14
45 67 3
45 68 12
45 69 34
45 70 100
45 71 63
45 72 89
45 73 22
45 74 83
45 75 41
45 76 24
45 77 25
45 78 94
45 79 29
45 80 39
45 81 78
45 82 94
45 83 60
45 84 97
45 85 67
45 86 30
45 87 74
45 88 71
45 89 28
45 90 39
45 91 60
46 47 42
46 48 25
46 49 41
46 50 85
46 51 76
46 52 46
46 53 28
46 54 32
46 55 58
46 56 68
46 57 58
46 58 57
46 59 52
46 60 28
46 61 19
46 62 46
46 63 94
46 64 72
46 65 64
46 66 27
46 67 82
46 68 22
46 69 84
46 70 21
46 71 60
46 72 39
46 73 84
46 74 53
46 75 75
46 76 100
46 77 25
46 78 54
46 79 24
46 80 29
46 81 22
46 82 9
46 83 4
46 84 97
46 85 51
46 86 10
46 87 46
46 88 85
46 89 1
46 90 28
46 91 100
47 48 32
47 49 22
47 50 60
47 51 35
47 52 10
47 53 19
47 54 37
47 55 10
47 56 70
47 57 62
47 58 16
47 59 100
47 60 96
47 61 19
47 62 68
47 63 1
47 64 77
47 65 12
47 66 100
47 67 25
47 68 58
47 69 51
47 70 92
47 71 83
47 72 39
47 73 60
47 74 75
47 75 99
47 76 63
47 77 24
47 78 22
47 79 6
47 80 97
47 81 2
47 82 28
47 83 12
47 84 49
47 85 84
47 86 51
47 87 77
47 88 93
47 89 83
47 90 96
47 91 71
48 49 44
48 50 58
48 51 39
48 52 40
48 53 24
48 54 66
48 55 18
48 56 78
48 57 14
48 58 73
48 59 100
48 60 79
48 61 44
48 62 71
48 63 61
48 64 95
48 65 70
48 66 76
48 67 27
48 68 46
48 69 88
48 70 59
48 71 31
48 72 68
48 73 91
48 74 88
48 75 13
48 76 96
48 77 5
48 78 45
48 79 59
48 80 50
48 81 56
48 82 82
48 83 99
48 84 5
48 85 31
48 86 38
48 87 65
48 88 50
48 89 39
48 90 89
48 91 46
49 50 72
49 51 94
49 52 42
49 53 59
49 54 80
49 55 70
49 56 68
49 57 44
49 58 33
49 59 58
49 60 10
49 61 46
49 62 100
49 63 6
49 64 28
49 65 91
49 66 57
49 67 32
49 68 70
49 69 73
49 70 12
49 71 34
49 72 33
49 73 44
49 74 27
49 75 21
49 76 51
49 77 1
49 78 27
49 79 70
49 80 54
49 81 2
49 82 42
49 83 32
49 84 94
49 85 68
49 86 79
49 87 21
49 88 26
49 89 33
49 90 32
49 91 11
50 51 4
50 52 29
50 53 87
50 54 69
50 55 24
50 56 81
50 57 17
50 58 91
50 59 100
50 60 31
50 61 50
50 62 85
50 63 52
50 64 34
50 65 42
50 66 74
50 67 73
50 68 79
50 69 50
50 70 21
50 71 31
50 72 32
50 73 99
50 74 8
50 75 24
50 76 83
50 77 13
50 78 26
50 79 40
50 80 19
50 81 69
50 82 46
50 83 5
50 84 60
50 85 23
50 86 71
50 87 3
50 88 56
50 89 33
50 90 97
50 91 99
51 52 47
51 53 93
51 54 67
51 55 74
51 56 82
51 57 73
51 58 65
51 59 61
51 60 82
51 61 2
51 62 10
51 63 74
51 64 35
51 65 85
51 66 100
51 67 88
51 68 100
51 69 87
51 70 63
51 71 91
51 72 20
51 73 7
51 74 98
51 75 64
51 76 93
51 77 81
51 78 22
51 79 81
51 80 37
51 81 35
51 82 1
51 83 55
51 84 62
51 85 31
51 86 49
51 87 83
51 88 11
51 89 98
51 90 18
51 91 14
52 53 10
52 54 16
52 55 44
52 56 16
52 57 82
52 58 44
52 59 63
52 60 56
52 61 5
52 62 2
52 63 42
52 64 15
52 65 40
52 66 11
52 67 96
52 68 89
52 69 83
52 70 62
52 71 24
52 72 46
52 73 66
52 74 54
52 75 23
52 76 40
52 77 73
52 78 57
52 79 60
52 80 20
52 81 57
52 82 72
52 83 37
52 84 26
52 85 49
52 86 63
52 87 96
52 88 99
52 89 37
52 90 20
52 91 9
53 54 95
53 55 68
53 56 53
53 57 23
53 58 74
53 59 39
53 60 96
53 61 51
53 62 73
53 63 33
53 64 33
53 65 91
53 66 54
53 67 42
53 68 50
53 69 5
53 70 10
53 71 51
53 72 61
53 73 10
53 74 9
53 75 96
53 76 44
53 77 35
53 78 56
53 79 71
53 80 52
53 81 82
53 82 9
53 83 91
53 84 93
53 85 72
53 86 47
53 87 12
53 88 9
53 89 25
53 90 41
53 91 24
54 55 88
54 56 12
54 57 94
54 58 100
54 59 25
54 60 24
54 61 72
54 62 98
54 63 92
54 64 18
54 65 73
54 66 85
54 67 15
54 68 100
54 69 52
54 70 20
54 71 13
54 72 7
54 73 88
54 74 82
54 75 63
54 76 14
54 77 29
54 78 25
54 79 94
54 80 63
54 81 1
54 82 32
54 83 92
54 84 80
54 85 80
54 86 21
54 87 61
54 88 36
54 89 37
54 90 30
54 91 60
55 56 21
55 57 81
55 58 14
55 59 4
55 60 87
55 61 99
55 62 50
55 63 56
55 64 70
55 65 64
55 66 86
55 67 79
55 68 82
55 69 87
55 70 74
55 71 9
55 72 26
55 73 2
55 74 22
55 75 28
55 76 74
55 77 32
55 78 75
55 79 47
55 80 76
55 81 19
55 82 12
55 83 49
55 84 97
55 85 53
55 86 69
55 87 35
55 88 80
55 89 72
55 90 75
55 91 25
56 57 50
56 58 6
56 59 5
56 60 19
56 61 21
56 62 74
56 63 6
56 64 26
56 65 7
56 66 52
56 67 60
56 68 30
56 69 70
56 70 9
56 71 5
56 72 97
56 73 54
56 74 64
56 75 16
56 76 47
56 77 69
56 78 49
56 79 63
56 80 10
56 81 57
56 82 71
56 83 73
56 84 55
56 85 65
56 86 87
56 87 68
56 88 16
56 89 29
56 90 88
56 91 7
57 58 65
57 59 91
57 60 81
57 61 28
57 62 38
57 63 71
57 64 80
57 65 26
57 66 98
57 67 47
57 68 82
57 69 8
57 70 61
57 71 27
57 72 75
57 73 8
57 74 44
57 75 24
57 76 94
57 77 29
57 78 41
57 79 38
57 80 31
57 81 81
57 82 9
57 83 52
57 84 86
57 85 74
57 86 82
57 87 93
57 88 43
57 89 27
57 90 3
57 91 63
58 59 46
58 60 99
58 61 64
58 62 14
58 63 98
58 64 47
58 65 25
58 66 95
58 67 98
58 68 4
58 69 30
58 70 40
58 71 78
58 72 12
58 73 52
58 74 38
58 75 55
58 76 78
58 77 81
58 78 21
58 79 68
58 80 92
58 81 34
58 82 17
58 83 25
58 84 56
58 85 21
58 86 40
58 87 54
58 88 87
58 89 85
58 90 53
58 91 39
59 60 85
59 61 58
59 62 42
59 63 12
59 64 74
59 65 72
59 66 27
59 67 87
59 68 29
59 69 60
59 70 15
59 71 26
59 72 32
59 73 75
59 74 58
59 75 39
59 76 34
59 77 77
59 78 83
59 79 32
59 80 58
59 81 45
59 82 22
59 83 60
59 84 24
59 85 7
59 86 63
59 87 8
59 88 32
59 89 8
59 90 70
59 91 39
60 61 33
60 62 71
60 63 12
60 64 12
60 65 73
60 66 92
60 67 63
60 68 6
60 69 74
60 70 76
60 71 91
60 72 73
60 73 13
60 74 96
60 75 63
60 76 33
60 77 58
60 78 25
60 79 34
60 80 68
60 81 76
60 82 70
60 83 5
60 84 63
60 85 71
60 86 60
60 87 29
60 88 67
60 89 36
60 90 75
60 91 4
61 62 15
61 63 41
61 64 64
61 65 82
61 66 22
61 67 14
61 68 91
61 69 48
61 70 73
61 71 71
61 72 93
61 73 20
61 74 95
61 75 73
61 76 63
61 77 29
61 78 54
61 79 20
61 80 77
61 81 34
61 82 10
61 83 58
61 84 90
61 85 92
61 86 56
61 87 43
61 88 92
61 89 77
61 90 68
61 91 16
62 63 15
62 64 8
62 65 67
62 66 22
62 67 89
62 68 30
62 69 6
62 70 2
62 71 88
62 72 52
62 73 18
62 74 43
62 75 21
62 76 80
62 77 92
62 78 50
62 79 72
62 80 30
62 81 27
62 82 18
62 83 28
62 84 55
62 85 87
62 86 74
62 87 74
62 88 6
62 89 60
62 90 12
62 91 89
63 64 63
63 65 3
63 66 52
63 67 12
63 68 24
63 69 77
63 70 50
63 71 86
63 72 5
63 73 17
63 74 77
63 75 28
63 76 90
63 77 6
63 78 97
63 79 60
63 80 64
63 81 20
63 82 83
63 83 21
63 84 5
63 85 21
63 86 89
63 87 53
63 88 82
63 89 77
63 90 57
63 91 65
64 65 20
64 66 94
64 67 42
64 68 43
64 69 20
64 70 11
64 71 16
64 72 83
64 73 61
64 74 37
64 75 99
64 76 77
64 77 3
64 78 12
64 79 54
64 80 14
64 81 34
64 82 16
64 83 21
64 84 97
64 85 82
64 86 31
64 87 20
64 88 68
64 89 33
64 90 2
64 91 69
65 66 42
65 67 64
65 68 71
65 69 74
65 70 81
65 71 69
65 72 91
65 73 48
65 74 25
65 75 60
65 76 20
65 77 60
65 78 38
65 79 83
65 80 93
65 81 5
65 82 70
65 83 47
65 84 42
65 85 41
65 86 32
65 87 73
65 88 40
65 89 12
65 90 3
65 91 98
66 67 81
66 68 86
66 69 81
66 70 25
66 71 10
66 72 87
66 73 12
66 74 52
66 75 25
66 76 47
66 77 65
66 78 90
66 79 79
66 80 30
66 81 70
66 82 37
66 83 70
66 84 93
66 85 67
66 86 21
66 87 59
66 88 38
66 89 64
66 90 7
66 91 33
67 68 45
67 69 61
67 70 87
67 71 59
67 72 22
67 73 67
67 74 20
67 75 92
67 76 56
67 77 14
67 78 23
67 79 41
67 80 34
67 81 32
67 82 3
67 83 30
67 84 79
67 85 39
67 86 42
67 87 69
67 88 57
67 89 67
67 90 75
67 91 43
68 69 39
68 70 70
68 71 88
68 72 90
68 73 72
68 74 40
68 75 49
68 76 63
68 77 90
68 78 21
68 79 71
68 80 53
68 81 74
68 82 85
68 83 60
68 84 37
68 85 14
68 86 63
68 87 50
68 88 90
68 89 80
68 90 28
68 91 84
69 70 100
69 71 57
69 72 67
69 73 43
69 74 55
69 75 61
69 76 42
69 77 9
69 78 2
69 79 58
69 80 1
69 81 76
69 82 61
69 83 61
69 84 41
69 85 51
69 86 36
69 87 97
69 88 77
69 89 73
69 90 65
69 91 91
70 71 58
70 72 44
70 73 62
70 74 16
70 75 61
70 76 10
70 77 92
70 78 64
70 79 54
70 80 29
70 81 17
70 82 14
70 83 42
70 84 99
70 85 1
70 86 20
70 87 71
70 88 1
70 89 71
70 90 20
70 91 20
71 72 83
71 73 26
71 74 38
71 75 45
71 76 69
71 77 76
71 78 99
71 79 37
71 80 22
71 81 33
71 82 50
71 83 40
71 84 74
71 85 99
71 86 41
71 87 70
71 88 56
71 89 68
71 90 93
71 91 100
72 73 42
72 74 59
72 75 38
72 76 33
72 77 52
72 78 99
72 79 42
72 80 85
72 81 12
72 82 74
72 83 24
72 84 100
72 85 13
72 86 85
72 87 15
72 88 22
72 89 60
72 90 74
72 91 28
73 74 65
73 75 45
73 76 21
73 77 57
73 78 36
73 79 18
73 80 70
73 81 99
73 82 23
73 83 3
73 84 91
73 85 89
73 86 63
73 87 34
73 88 89
73 89 70
73 90 75
73 91 38
74 75 1
74 76 1
74 77 30
74 78 4
74 79 57
74 80 67
74 81 67
74 82 99
74 83 14
74 84 98
74 85 26
74 86 32
74 87 23
74 88 50
74 89 58
74 90 19
74 91 14
75 76 92
75 77 44
75 78 31
75 79 57
75 80 50
75 81 52
75 82 33
75 83 53
75 84 99
75 85 95
75 86 51
75 87 99
75 88 4
75 89 25
75 90 61
75 91 91
76 77 43
76 78 19
76 79 47
76 80 36
76 81 53
76 82 10
76 83 39
76 84 66
76 85 24
76 86 20
76 87 68
76 88 13
76 89 8
76 90 58
76 91 37
77 78 35
77 79 44
77 80 55
77 81 17
77 82 86
77 83 28
77 84 34
77 85 12
77 86 20
77 87 87
77 88 23
77 89 2
77 90 58
77 91 84
78 79 94
78 80 33
78 81 94
78 82 98
78 83 96
78 84 8
78 85 94
78 86 29
78 87 98
78 88 98
78 89 23
78 90 26
78 91 42
79 80 10
79 81 82
79 82 2
79 83 57
79 84 1
79 85 10
79 86 97
79 87 74
79 88 9
79 89 11
79 90 82
79 91 27
80 81 66
80 82 73
80 83 50
80 84 85
80 85 56
80 86 73
80 87 69
80 88 30
80 89 87
80 90 9
80 91 70
81 82 12
81 83 15
81 84 30
81 85 73
81 86 86
81 87 9
81 88 27
81 89 67
81 90 69
81 91 88
82 83 86
82 84 47
82 85 68
82 86 96
82 87 68
82 88 47
82 89 65
82 90 70
82 91 19
83 84 5
83 85 58
83 86 42
83 87 81
83 88 20
83 89 34
83 90 33
83 91 68
84 85 12
84 86 23
84 87 65
84 88 18
84 89 9
84 90 91
84 91 8
85 86 13
85 87 52
85 88 61
85 89 34
85 90 71
85 91 26
86 87 75
86 88 68
86 89 91
86 90 22
86 91 65
87 88 9
87 89 100
87 90 46
87 91 44
88 89 59
88 90 38
88 91 92
89 90 95
89 91 4
90 91 77
