19 171 18
1 2 80
1 3 73
1 4 72
1 5 7
1 6 50
1 7 100
1 8 44
1 9 84
1 10 10
1 11 95
1 12 61
1 13 27
1 14 31
1 15 2
1 16 37
1 17 22
1 18 47
1 19 1
2 3 40
2 4 49
2 5 72
2 6 54
2 7 40
2 8 8
2 9 67
2 10 18
2 11 81
2 12 63
2 13 51
2 14 91
2 15 53
2 16 49
2 17 95
2 18 23
2 19 24
3 4 42
3 5 1
3 6 12
3 7 23
3 8 73
3 9 7
3 10 24
3 11 31
3 12 65
3 13 75
3 14 6
3 15 83
3 16 40
3 17 96
3 18 54
3 19 3
4 5 94
4 6 59
4 7 30
4 8 86
4 9 75
4 10 47
4 11 25
4 12 82
4 13 73
4 14 80
4 15 13
4 16 52
4 17 35
4 18 12
4 19 21
5 6 61
5 7 87
5 8 7
5 9 13
5 10 23
5 11 19
5 12 35
5 13 92
5 14 77
5 15 67
5 16 31
5 17 16
5 18 68
5 19 4
6 7 35
6 8 73
6 9 85
6 10 64
6 11 65
6 12 20
6 13 39
6 14 72
6 15 75
6 16 96
6 17 6
6 18 52
6 19 64
7 8 39
7 9 92
7 10 6
7 11 42
7 12 59
7 13 54
7 14 25
7 15 97
7 16 85
7 17 86
7 18 74
7 19 95
8 9 2
8 10 97
8 11 77
8 12 96
8 13 62
8 14 97
8 15 34
8 16 12
8 17 74
8 18 47
8 19 41
9 10 67
9 11 21
9 12 16
9 13 44
9 14 46
9 15 61
9 16 31
9 17 58
9 18 48
9 19 59
10 11 96
10 12 24
10 13 53
10 14 58
10 15 28
10 16 98
10 17 68
10 18 64
10 19 98
11 12 22
11 13 99
11 14 80
11 15 18
11 16 92
11 17 40
11 18 84
11 19 71
12 13 16
12 14 20
12 15 71
12 16 21
12 17 73
12 18 99
12 19 75
13 14 11
13 15 69
13 16 78
13 17 50
13 18 28
13 19 59
14 15 22
14 16 69
14 17 97
14 18 36
14 19 21
15 16 100
15 17 9
15 18 76
15 19 66
16 17 61
16 18 45
16 19 35
17 18 24
17 19 85
18 19 90
