38 703 37
1 2 59
1 3 70
1 4 26
1 5 84
1 6 13
1 7 66
1 8 8
1 9 1
1 10 28
1 11 41
1 12 94
1 13 30
1 14 21
1 15 42
1 16 76
1 17 3
1 18 50
1 19 49
1 20 60
1 21 18
1 22 35
1 23 92
1 24 88
1 25 20
1 26 84
1 27 29
1 28 98
1 29 21
1 30 17
1 31 23
1 32 58
1 33 60
1 34 29
1 35 97
1 36 2
1 37 67
1 38 94
2 3 2
2 4 69
2 5 83
2 6 84
2 7 26
2 8 17
2 9 18
2 10 56
2 11 4
2 12 58
2 13 60
2 14 89
2 15 37
2 16 48
2 17 73
2 18 36
2 19 40
2 20 78
2 21 15
2 22 81
2 23 97
2 24 72
2 25 81
2 26 56
2 27 27
2 28 76
2 29 9
2 30 48
2 31 83
2 32 95
2 33 43
2 34 64
2 35 77
2 36 15
2 37 40
2 38 99
3 4 6
3 5 36
3 6 42
3 7 43
3 8 91
3 9 23
3 10 15
3 11 24
3 12 49
3 13 66
3 14 99
3 15 24
3 16 30
3 17 4
3 18 38
3 19 50
3 20 27
3 21 87
3 22 37
3 23 94
3 24 94
3 25 47
3 26 95
3 27 65
3 28 73
3 29 80
3 30 73
3 31 87
3 32 12
3 33 48
3 34 41
3 35 21
3 36 75
3 37 5
3 38 57
4 5 15
4 6 64
4 7 14
4 8 90
4 9 94
4 10 87
4 11 60
4 12 80
4 13 76
4 14 75
4 15 79
4 16 89
4 17 39
4 18 63
4 19 97
4 20 25
4 21 93
4 22 26
4 23 49
4 24 97
4 25 18
4 26 21
4 27 10
4 28 20
4 29 57
4 30 100
4 31 5
4 32 3
4 33 39
4 34 62
4 35 34
4 36 8
4 37 55
4 38 6
5 6 90
5 7 55
5 8 27
5 9 73
5 10 99
5 11 14
5 12 50
5 13 93
5 14 53
5 15 47
5 16 96
5 17 3
5 18 47
5 19 86
5 20 43
5 21 95
5 22 13
5 23 91
5 24 32
5 25 49
5 26 61
5 27 26
5 28 32
5 29 14
5 30 73
5 31 15
5 32 84
5 33 36
5 34 96
5 35 70
5 36 88
5 37 33
5 38 16
6 7 2
6 8 94
6 9 51
6 10 96
6 11 40
6 12 31
6 13 37
6 14 26
6 15 27
6 16 5
6 17 2
6 18 54
6 19 87
6 20 2
6 21 64
6 22 44
6 23 27
6 24 86
6 25 13
6 26 61
6 27 88
6 28 7
6 29 58
6 30 25
6 31 43
6 32 74
6 33 28
6 34 77
6 35 53
6 36 98
6 37 69
6 38 92
7 8 12
7 9 87
7 10 84
7 11 71
7 12 10
7 13 40
7 14 64
7 15 24
7 16 77
7 17 55
7 18 95
7 19 87
7 20 4
7 21 100
7 22 3
7 23 93
7 24 51
7 25 90
7 26 94
7 27 61
7 28 33
7 29 18
7 30 15
7 31 33
7 32 69
7 33 41
7 34 25
7 35 79
7 36 41
7 37 99
7 38 6
8 9 19
8 10 65
8 11 60
8 12 12
8 13 52
8 14 56
8 15 51
8 16 21
8 17 76
8 18 94
8 19 21
8 20 67
8 21 63
8 22 18
8 23 84
8 24 63
8 25 44
8 26 21
8 27 74
8 28 57
8 29 9
8 30 7
8 31 18
8 32 100
8 33 90
8 34 50
8 35 88
8 36 64
8 37 23
8 38 32
9 10 9
9 11 56
9 12 54
9 13 27
9 14 47
9 15 10
9 16 23
9 17 8
9 18 67
9 19 91
9 20 91
9 21 97
9 22 72
9 23 64
9 24 77
9 25 34
9 26 4
9 27 60
9 28 70
9 29 71
9 30 45
9 31 82
9 32 88
9 33 23
9 34 69
9 35 86
9 36 11
9 37 35
9 38 52
10 11 80
10 12 55
10 13 13
10 14 60
10 15 22
10 16 31
10 17 25
10 18 66
10 19 86
10 20 39
10 21 60
10 22 88
10 23 13
10 24 47
10 25 73
10 26 48
10 27 3
10 28 53
10 29 100
10 30 35
10 31 57
10 32 82
10 33 60
10 34 28
10 35 6
10 36 41
10 37 41
10 38 26
11 12 1
11 13 80
11 14 19
11 15 40
11 16 9
11 17 62
11 18 54
11 19 80
11 20 88
11 21 92
11 22 44
11 23 8
11 24 53
11 25 38
11 26 36
11 27 27
11 28 4
11 29 41
11 30 24
11 31 25
11 32 87
11 33 82
11 34 45
11 35 71
11 36 75
11 37 23
11 38 15
12 13 4
12 14 96
12 15 55
12 16 76
12 17 77
12 18 32
12 19 41
12 20 89
12 21 53
12 22 18
12 23 82
12 24 46
12 25 98
12 26 73
12 27 31
12 28 33
12 29 100
12 30 29
12 31 7
12 32 1
12 33 81
12 34 12
12 35 98
12 36 71
12 37 75
12 38 40
13 14 26
13 15 57
13 16 88
13 17 50
13 18 61
13 19 40
13 20 41
13 21 3
13 22 69
13 23 79
13 24 23
13 25 9
13 26 23
13 27 64
13 28 70
13 29 18
13 30 37
13 31 19
13 32 25
13 33 36
13 34 14
13 35 85
13 36 55
13 37 32
13 38 66
14 15 92
14 16 49
14 17 31
14 18 89
14 19 14
14 20 53
14 21 23
14 22 55
14 23 20
14 24 7
14 25 63
14 26 2
14 27 24
14 28 87
14 29 28
14 30 95
14 31 90
14 32 67
14 33 9
14 34 11
14 35 74
14 36 31
14 37 54
14 38 43
15 16 49
15 17 67
15 18 81
15 19 59
15 20 98
15 21 64
15 22 72
15 23 66
15 24 54
15 25 74
15 26 14
15 27 2
15 28 30
15 29 17
15 30 40
15 31 99
15 32 44
15 33 64
15 34 23
15 35 91
15 36 94
15 37 44
15 38 23
16 17 87
16 18 6
16 19 52
16 20 59
16 21 19
16 22 52
16 23 20
16 24 79
16 25 84
16 26 43
16 27 34
16 28 38
16 29 4
16 30 84
16 31 73
16 32 80
16 33 63
16 34 6
16 35 51
16 36 8
16 37 7
16 38 71
17 18 8
17 19 98
17 20 79
17 21 83
17 22 100
17 23 34
17 24 5
17 25 27
17 26 79
17 27 97
17 28 99
17 29 27
17 30 12
17 31 91
17 32 48
17 33 84
17 34 6
17 35 43
17 36 8
17 37 91
17 38 42
18 19 10
18 20 84
18 21 45
18 22 88
18 23 7
18 24 84
18 25 92
18 26 60
18 27 88
18 28 6
18 29 22
18 30 15
18 31 20
18 32 77
18 33 77
18 34 77
18 35 30
18 36 73
18 37 41
18 38 46
19 20 23
19 21 1
19 22 14
19 23 17
19 24 57
19 25 13
19 26 81
19 27 76
19 28 40
19 29 75
19 30 27
19 31 88
19 32 38
19 33 7
19 34 60
19 35 22
19 36 90
19 37 11
19 38 53
20 21 99
20 22 71
20 23 60
20 24 16
20 25 100
20 26 3
20 27 70
20 28 3
20 29 20
20 30 38
20 31 83
20 32 75
20 33 14
20 34 56
20 35 48
20 36 56
20 37 83
20 38 88
21 22 43
21 23 79
21 24 43
21 25 77
21 26 33
21 27 50
21 28 25
21 29 43
21 30 61
21 31 75
21 32 85
21 33 82
21 34 14
21 35 65
21 36 34
21 37 28
21 38 12
22 23 94
22 24 29
22 25 95
22 26 88
22 27 69
22 28 61
22 29 32
22 30 7
22 31 64
22 32 81
22 33 68
22 34 10
22 35 62
22 36 80
22 37 80
22 38 49
23 24 49
23 25 34
23 26 13
23 27 35
23 28 31
23 29 21
23 30 36
23 31 43
23 32 90
23 33 39
23 34 99
23 35 69
23 36 18
23 37 68
23 38 29
24 25 85
24 26 53
24 27 15
24 28 27
24 29 19
24 30 36
24 31 75
24 32 39
24 33 50
24 34 88
24 35 66
24 36 80
24 37 93
24 38 87
25 26 14
25 27 82
25 28 67
25 29 5
25 30 10
25 31 87
25 32 56
25 33 5
25 34 22
25 35 82
25 36 79
25 37 44
25 38 42
26 27 28
26 28 93
26 29 52
26 30 7
26 31 78
26 32 52
26 33 64
26 34 45
26 35 68
26 36 60
26 37 53
26 38 48
27 28 39
27 29 12
27 30 28
27 31 98
27 32 8
27 33 64
27 34 62
27 35 65
27 36 93
27 37 86
27 38 68
28 29 83
28 30 34
28 31 17
28 32 56
28 33 35
28 34 28
28 35 4
28 36 56
28 37 68
28 38 59
29 30 20
29 31 84
29 32 84
29 33 95
29 34 8
29 35 3
29 36 4
29 37 91
29 38 47
30 31 72
30 32 78
30 33 27
30 34 48
30 35 81
30 36 53
30 37 47
30 38 13
31 32 83
31 33 25
31 34 37
31 35 86
31 36 71
31 37 65
31 38 29
32 33 89
32 34 47
32 35 32
32 36 98
32 37 84
32 38 70
33 34 9
33 35 56
33 36 94
33 37 2
33 38 51
34 35 49
34 36 92
34 37 80
34 38 66
35 36 29
35 37 68
35 38 37
36 37 5
36 38 75
37 38 94
