54 1431 53
1 2 58
1 3 63
1 4 79
1 5 24
1 6 60
1 7 100
1 8 63
1 9 39
1 10 56
1 11 45
1 12 15
1 13 9
1 14 61
1 15 27
1 16 90
1 17 95
1 18 12
1 19 68
1 20 53
1 21 30
1 22 43
1 23 82
1 24 13
1 25 61
1 26 86
1 27 80
1 28 85
1 29 75
1 30 18
1 31 47
1 32 61
1 33 15
1 34 17
1 35 8
1 36 43
1 37 32
1 38 5
1 39 32
1 40 80
1 41 59
1 42 68
1 43 38
1 44 97
1 45 67
1 46 55
1 47 63
1 48 93
1 49 23
1 50 71
1 51 26
1 52 9
1 53 54
1 54 54
2 3 21
2 4 25
2 5 90
2 6 39
2 7 55
2 8 61
2 9 29
2 10 74
2 11 43
2 12 82
2 13 96
2 14 54
2 15 66
2 16 36
2 17 48
2 18 21
2 19 81
2 20 89
2 21 87
2 22 71
2 23 51
2 24 78
2 25 70
2 26 91
2 27 13
2 28 2
2 29 24
2 30 87
2 31 42
2 32 56
2 33 59
2 34 86
2 35 76
2 36 93
2 37 38
2 38 90
2 39 15
2 40 92
2 41 47
2 42 99
2 43 19
2 44 100
2 45 69
2 46 98
2 47 39
2 48 54
2 49 67
2 50 40
2 51 98
2 52 1
2 53 32
2 54 17
3 4 82
3 5 92
3 6 25
3 7 17
3 8 55
3 9 44
3 10 23
3 11 7
3 12 83
3 13 51
3 14 54
3 15 33
3 16 69
3 17 16
3 18 82
3 19 38
3 20 88
3 21 84
3 22 9
3 23 76
3 24 54
3 25 91
3 26 24
3 27 62
3 28 2
3 29 6
3 30 91
3 31 92
3 32 84
3 33 14
3 34 91
3 35 49
3 36 62
3 37 98
3 38 74
3 39 82
3 40 69
3 41 50
3 42 21
3 43 44
3 44 35
3 45 69
3 46 74
3 47 90
3 48 33
3 49 24
3 50 56
3 51 2
3 52 6
3 53 90
3 54 59
4 5 5
4 6 7
4 7 41
4 8 23
4 9 31
4 10 78
4 11 78
4 12 18
4 13 100
4 14 10
4 15 83
4 16 58
4 17 68
4 18 78
4 19 57
4 20 23
4 21 48
4 22 30
4 23 42
4 24 66
4 25 84
4 26 44
4 27 9
4 28 45
4 29 53
4 30 54
4 31 28
4 32 56
4 33 35
4 34 84
4 35 48
4 36 78
4 37 9
4 38 66
4 39 44
4 40 37
4 41 72
4 42 99
4 43 55
4 44 54
4 45 68
4 46 22
4 47 88
4 48 62
4 49 68
4 50 1
4 51 25
4 52 42
4 53 56
4 54 58
5 6 100
5 7 7
5 8 16
5 9 55
5 10 40
5 11 100
5 12 24
5 13 10
5 14 81
5 15 31
5 16 98
5 17 3
5 18 41
5 19 50
5 20 81
5 21 75
5 22 86
5 23 51
5 24 34
5 25 23
5 26 61
5 27 25
5 28 20
5 29 59
5 30 36
5 31 56
5 32 31
5 33 67
5 34 73
5 35 90
5 36 35
5 37 85
5 38 19
5 39 52
5 40 88
5 41 3
5 42 7
5 43 81
5 44 17
5 45 74
5 46 57
5 47 50
5 48 92
5 49 91
5 50 73
5 51 8
5 52 34
5 53 9
5 54 25
6 7 47
6 8 67
6 9 61
6 10 67
6 11 34
6 12 97
6 13 69
6 14 85
6 15 61
6 16 93
6 17 27
6 18 48
6 19 95
6 20 74
6 21 64
6 22 75
6 23 49
6 24 92
6 25 3
6 26 20
6 27 25
6 28 74
6 29 13
6 30 35
6 31 57
6 32 46
6 33 94
6 34 22
6 35 78
6 36 78
6 37 21
6 38 99
6 39 98
6 40 73
6 41 11
6 42 63
6 43 57
6 44 80
6 45 73
6 46 100
6 47 69
6 48 24
6 49 69
6 50 41
6 51 60
6 52 27
6 53 43
6 54 47
7 8 13
7 9 56
7 10 76
7 11 8
7 12 97
7 13 97
7 14 56
7 15 37
7 16 6
7 17 65
7 18 91
7 19 65
7 20 12
7 21 61
7 22 50
7 23 50
7 24 29
7 25 73
7 26 33
7 27 79
7 28 64
7 29 72
7 30 12
7 31 31
7 32 61
7 33 51
7 34 45
7 35 39
7 36 77
7 37 16
7 38 52
7 39 67
7 40 15
7 41 88
7 42 53
7 43 4
7 44 85
7 45 11
7 46 6
7 47 9
7 48 78
7 49 22
7 50 17
7 51 57
7 52 80
7 53 77
7 54 17
8 9 37
8 10 57
8 11 80
8 12 29
8 13 10
8 14 41
8 15 16
8 16 92
8 17 15
8 18 93
8 19 45
8 20 81
8 21 82
8 22 63
8 23 15
8 24 22
8 25 67
8 26 14
8 27 23
8 28 6
8 29 93
8 30 93
8 31 7
8 32 39
8 33 60
8 34 50
8 35 3
8 36 49
8 37 49
8 38 85
8 39 67
8 40 81
8 41 65
8 42 90
8 43 8
8 44 45
8 45 49
8 46 1
8 47 6
8 48 7
8 49 14
8 50 29
8 51 38
8 52 97
8 53 51
8 54 55
9 10 93
9 11 86
9 12 80
9 13 11
9 14 49
9 15 17
9 16 37
9 17 8
9 18 15
9 19 38
9 20 18
9 21 63
9 22 2
9 23 53
9 24 99
9 25 95
9 26 25
9 27 25
9 28 28
9 29 57
9 30 48
9 31 57
9 32 85
9 33 84
9 34 43
9 35 40
9 36 39
9 37 71
9 38 33
9 39 95
9 40 31
9 41 22
9 42 73
9 43 54
9 44 78
9 45 70
9 46 67
9 47 35
9 48 59
9 49 47
9 50 55
9 51 47
9 52 67
9 53 83
9 54 64
10 11 21
10 12 65
10 13 67
10 14 100
10 15 16
10 16 72
10 17 28
10 18 27
10 19 57
10 20 56
10 21 64
10 22 82
10 23 55
10 24 8
10 25 50
10 26 72
10 27 88
10 28 39
10 29 78
10 30 40
10 31 6
10 32 36
10 33 74
10 34 39
10 35 68
10 36 43
10 37 65
10 38 57
10 39 91
10 40 41
10 41 10
10 42 42
10 43 82
10 44 91
10 45 13
10 46 11
10 47 74
10 48 54
10 49 10
10 50 61
10 51 34
10 52 48
10 53 74
10 54 75
11 12 3
11 13 79
11 14 22
11 15 71
11 16 49
11 17 9
11 18 57
11 19 71
11 20 58
11 21 27
11 22 4
11 23 25
11 24 70
11 25 64
11 26 9
11 27 91
11 28 95
11 29 34
11 30 59
11 31 95
11 32 89
11 33 82
11 34 55
11 35 65
11 36 2
11 37 29
11 38 3
11 39 89
11 40 50
11 41 80
11 42 18
11 43 52
11 44 68
11 45 18
11 46 76
11 47 8
11 48 93
11 49 92
11 50 32
11 51 43
11 52 30
11 53 45
11 54 56
12 13 76
12 14 6
12 15 52
12 16 86
12 17 91
12 18 56
12 19 10
12 20 75
12 21 70
12 22 8
12 23 94
12 24 75
12 25 72
12 26 89
12 27 10
12 28 43
12 29 21
12 30 60
12 31 63
12 32 60
12 33 1
12 34 86
12 35 30
12 36 90
12 37 26
12 38 63
12 39 71
12 40 6
12 41 84
12 42 91
12 43 47
12 44 46
12 45 57
12 46 61
12 47 10
12 48 80
12 49 88
12 50 54
12 51 28
12 52 95
12 53 100
12 54 29
13 14 75
13 15 39
13 16 1
13 17 14
13 18 80
13 19 6
13 20 78
13 21 94
13 22 30
13 23 32
13 24 8
13 25 62
13 26 84
13 27 7
13 28 18
13 29 11
13 30 26
13 31 30
13 32 75
13 33 44
13 34 62
13 35 90
13 36 3
13 37 45
13 38 71
13 39 45
13 40 80
13 41 62
13 42 32
13 43 81
13 44 85
13 45 34
13 46 69
13 47 94
13 48 87
13 49 67
13 50 55
13 51 80
13 52 60
13 53 17
13 54 80
14 15 67
14 16 85
14 17 22
14 18 84
14 19 78
14 20 73
14 21 48
14 22 68
14 23 36
14 24 50
14 25 48
14 26 68
14 27 8
14 28 98
14 29 54
14 30 9
14 31 98
14 32 1
14 33 57
14 34 27
14 35 18
14 36 60
14 37 45
14 38 79
14 39 78
14 40 51
14 41 76
14 42 96
14 43 1
14 44 26
14 45 3
14 46 98
14 47 46
14 48 27
14 49 9
14 50 68
14 51 61
14 52 99
14 53 40
14 54 9
15 16 86
15 17 38
15 18 47
15 19 23
15 20 42
15 21 64
15 22 26
15 23 46
15 24 26
15 25 11
15 26 48
15 27 33
15 28 2
15 29 42
15 30 28
15 31 96
15 32 33
15 33 8
15 34 62
15 35 25
15 36 93
15 37 19
15 38 98
15 39 90
15 40 80
15 41 89
15 42 40
15 43 28
15 44 99
15 45 29
15 46 48
15 47 1
15 48 14
15 49 74
15 50 34
15 51 93
15 52 17
15 53 69
15 54 23
16 17 46
16 18 96
16 19 69
16 20 37
16 21 73
16 22 37
16 23 43
16 24 23
16 25 4
16 26 47
16 27 41
16 28 83
16 29 72
16 30 47
16 31 33
16 32 7
16 33 75
16 34 56
16 35 7
16 36 47
16 37 7
16 38 61
16 39 37
16 40 8
16 41 5
16 42 69
16 43 1
16 44 88
16 45 83
16 46 38
16 47 98
16 48 87
16 49 25
16 50 15
16 51 31
16 52 24
16 53 94
16 54 26
17 18 80
17 19 91
17 20 80
17 21 7
17 22 63
17 23 93
17 24 34
17 25 84
17 26 2
17 27 75
17 28 37
17 29 52
17 30 6
17 31 97
17 32 83
17 33 97
17 34 56
17 35 14
17 36 54
17 37 91
17 38 62
17 39 52
17 40 83
17 41 13
17 42 99
17 43 2
17 44 22
17 45 20
17 46 66
17 47 93
17 48 13
17 49 31
17 50 4
17 51 65
17 52 8
17 53 95
17 54 78
18 19 89
18 20 34
18 21 50
18 22 7
18 23 79
18 24 15
18 25 80
18 26 10
18 27 84
18 28 34
18 29 95
18 30 93
18 31 59
18 32 90
18 33 32
18 34 21
18 35 65
18 36 10
18 37 65
18 38 51
18 39 47
18 40 80
18 41 84
18 42 55
18 43 23
18 44 39
18 45 64
18 46 39
18 47 1
18 48 12
18 49 96
18 50 4
18 51 14
18 52 42
18 53 13
18 54 75
19 20 6
19 21 27
19 22 70
19 23 13
19 24 5
19 25 91
19 26 94
19 27 5
19 28 40
19 29 92
19 30 10
19 31 63
19 32 41
19 33 61
19 34 22
19 35 37
19 36 39
19 37 22
19 38 49
19 39 89
19 40 47
19 41 39
19 42 27
19 43 79
19 44 67
19 45 59
19 46 16
19 47 46
19 48 7
19 49 36
19 50 76
19 51 7
19 52 66
19 53 2
19 54 24
20 21 92
20 22 50
20 23 99
20 24 22
20 25 16
20 26 41
20 27 41
20 28 85
20 29 74
20 30 20
20 31 52
20 32 31
20 33 8
20 34 16
20 35 68
20 36 86
20 37 19
20 38 9
20 39 45
20 40 50
20 41 91
20 42 86
20 43 98
20 44 37
20 45 53
20 46 67
20 47 13
20 48 67
20 49 77
20 50 38
20 51 44
20 52 81
20 53 34
20 54 65
21 22 55
21 23 24
21 24 68
21 25 90
21 26 53
21 27 12
21 28 68
21 29 21
21 30 71
21 31 17
21 32 36
21 33 78
21 34 13
21 35 97
21 36 38
21 37 29
21 38 58
21 39 24
21 40 46
21 41 52
21 42 89
21 43 6
21 44 29
21 45 7
21 46 92
21 47 88
21 48 55
21 49 96
21 50 8
21 51 38
21 52 83
21 53 16
21 54 97
22 23 53
22 24 25
22 25 54
22 26 75
22 27 3
22 28 96
22 29 21
22 30 62
22 31 58
22 32 62
22 33 54
22 34 77
22 35 83
22 36 21
22 37 62
22 38 47
22 39 91
22 40 59
22 41 98
22 42 25
22 43 26
22 44 12
22 45 34
22 46 35
22 47 42
22 48 69
22 49 53
22 50 7
22 51 29
22 52 57
22 53 85
22 54 63
23 24 21
23 25 43
23 26 3
23 27 26
23 28 22
23 29 49
23 30 12
23 31 94
23 32 15
23 33 55
23 34 98
23 35 70
23 36 86
23 37 46
23 38 69
23 39 85
23 40 95
23 41 42
23 42 36
23 43 24
23 44 13
23 45 63
23 46 53
23 47 45
23 48 8
23 49 72
23 50 21
23 51 7
23 52 10
23 53 39
23 54 38
24 25 45
24 26 35
24 27 23
24 28 63
24 29 13
24 30 37
24 31 56
24 32 61
24 33 19
24 34 5
24 35 2
24 36 53
24 37 20
24 38 60
24 39 72
24 40 33
24 41 35
24 42 96
24 43 24
24 44 98
24 45 26
24 46 60
24 47 35
24 48 66
24 49 7
24 50 54
24 51 59
24 52 79
24 53 54
24 54 68
25 26 43
25 27 65
25 28 93
25 29 57
25 30 39
25 31 25
25 32 26
25 33 35
25 34 44
25 35 12
25 36 52
25 37 23
25 38 87
25 39 10
25 40 100
25 41 99
25 42 25
25 43 71
25 44 51
25 45 72
25 46 12
25 47 71
25 48 35
25 49 100
25 50 90
25 51 53
25 52 26
25 53 63
25 54 19
26 27 48
26 28 80
26 29 31
26 30 36
26 31 83
26 32 33
26 33 53
26 34 69
26 35 17
26 36 15
26 37 98
26 38 74
26 39 90
26 40 84
26 41 27
26 42 5
26 43 86
26 44 12
26 45 68
26 46 70
26 47 2
26 48 81
26 49 14
26 50 37
26 51 46
26 52 25
26 53 43
26 54 82
27 28 35
27 29 76
27 30 88
27 31 59
27 32 8
27 33 65
27 34 56
27 35 95
27 36 59
27 37 63
27 38 71
27 39 39
27 40 65
27 41 45
27 42 39
27 43 30
27 44 26
27 45 46
27 46 28
27 47 5
27 48 92
27 49 83
27 50 70
27 51 98
27 52 24
27 53 16
27 54 26
28 29 72
28 30 49
28 31 83
28 32 52
28 33 69
28 34 99
28 35 84
28 36 13
28 37 60
28 38 8
28 39 22
28 40 98
28 41 74
28 42 48
28 43 55
28 44 10
28 45 44
28 46 43
28 47 54
28 48 79
28 49 79
28 50 46
28 51 1
28 52 84
28 53 32
28 54 81
29 30 28
29 31 38
29 32 36
29 33 23
29 34 41
29 35 7
29 36 42
29 37 23
29 38 29
29 39 95
29 40 71
29 41 60
29 42 41
29 43 88
29 44 40
29 45 43
29 46 5
29 47 32
29 48 100
29 49 13
29 50 91
29 51 9
29 52 28
29 53 92
29 54 12
30 31 88
30 32 45
30 33 72
30 34 100
30 35 64
30 36 86
30 37 88
30 38 5
30 39 57
30 40 86
30 41 96
30 42 60
30 43 79
30 44 67
30 45 1
30 46 25
30 47 17
30 48 5
30 49 39
30 50 52
30 51 17
30 52 7
30 53 60
30 54 41
31 32 29
31 33 7
31 34 100
31 35 29
31 36 17
31 37 80
31 38 89
31 39 41
31 40 20
31 41 55
31 42 63
31 43 78
31 44 47
31 45 41
31 46 21
31 47 87
31 48 95
31 49 70
31 50 45
31 51 58
31 52 78
31 53 31
31 54 8
32 33 3
32 34 100
32 35 93
32 36 54
32 37 27
32 38 53
32 39 21
32 40 44
32 41 55
32 42 92
32 43 85
32 44 100
32 45 13
32 46 51
32 47 58
32 48 49
32 49 78
32 50 11
32 51 75
32 52 5
32 53 63
32 54 1
33 34 51
33 35 72
33 36 83
33 37 42
33 38 12
33 39 42
33 40 4
33 41 76
33 42 55
33 43 3
33 44 2
33 45 54
33 46 28
33 47 18
33 48 59
33 49 94
33 50 98
33 51 28
33 52 55
33 53 6
33 54 55
34 35 78
34 36 60
34 37 63
34 38 23
34 39 94
34 40 63
34 41 60
34 42 54
34 43 90
34 44 75
34 45 76
34 46 85
34 47 66
34 48 42
34 49 86
34 50 52
34 51 15
34 52 40
34 53 73
34 54 84
35 36 28
35 37 16
35 38 45
35 39 15
35 40 8
35 41 53
35 42 39
35 43 54
35 44 87
35 45 42
35 46 63
35 47 5
35 48 70
35 49 5
35 50 85
35 51 2
35 52 45
35 53 32
35 54 78
36 37 18
36 38 29
36 39 18
36 40 88
36 41 60
36 42 9
36 43 12
36 44 57
36 45 19
36 46 79
36 47 74
36 48 67
36 49 84
36 50 93
36 51 20
36 52 59
36 53 12
36 54 43
37 38 13
37 39 58
37 40 35
37 41 42
37 42 2
37 43 3
37 44 72
37 45 51
37 46 91
37 47 31
37 48 52
37 49 43
37 50 77
37 51 45
37 52 80
37 53 64
37 54 79
38 39 77
38 40 100
38 41 56
38 42 25
38 43 40
38 44 30
38 45 56
38 46 26
38 47 78
38 48 50
38 49 43
38 50 42
38 51 32
38 52 44
38 53 1
38 54 83
39 40 61
39 41 33
39 42 22
39 43 62
39 44 2
39 45 79
39 46 42
39 47 9
39 48 79
39 49 23
39 50 73
39 51 70
39 52 59
39 53 23
39 54 15
40 41 69
40 42 87
40 43 8
40 44 2
40 45 27
40 46 62
40 47 64
40 48 100
40 49 73
40 50 78
40 51 99
40 52 97
40 53 19
40 54 45
41 42 67
41 43 33
41 44 96
41 45 74
41 46 74
41 47 68
41 48 28
41 49 50
41 50 91
41 51 41
41 52 71
41 53 89
41 54 72
42 43 48
42 44 78
42 45 96
42 46 22
42 47 52
42 48 26
42 49 88
42 50 71
42 51 92
42 52 93
42 53 57
42 54 33
43 44 36
43 45 62
43 46 97
43 47 96
43 48 12
43 49 92
43 50 15
43 51 54
43 52 36
43 53 16
43 54 57
44 45 17
44 46 48
44 47 90
44 48 6
44 49 35
44 50 40
44 51 91
44 52 62
44 53 85
44 54 39
45 46 41
45 47 23
45 48 3
45 49 90
45 50 47
45 51 11
45 52 88
45 53 8
45 54 6
46 47 59
46 48 75
46 49 63
46 50 100
46 51 77
46 52 46
46 53 99
46 54 10
47 48 69
47 49 46
47 50 4
47 51 56
47 52 15
47 53 27
47 54 57
48 49 14
48 50 43
48 51 50
48 52 44
48 53 8
48 54 36
49 50 48
49 51 16
49 52 5
49 53 52
49 54 31
50 51 22
50 52 14
50 53 54
50 54 72
51 52 17
51 53 56
51 54 43
52 53 94
52 54 64
53 54 58
