87 3741 86
1 2 37
1 3 32
1 4 8
1 5 82
1 6 39
1 7 70
1 8 7
1 9 70
1 10 78
1 11 38
1 12 91
1 13 10
1 14 54
1 15 6
1 16 85
1 17 52
1 18 67
1 19 98
1 20 73
1 21 91
1 22 39
1 23 1
1 24 9
1 25 42
1 26 95
1 27 49
1 28 52
1 29 7
1 30 75
1 31 3
1 32 13
1 33 99
1 34 73
1 35 67
1 36 91
1 37 10
1 38 86
1 39 79
1 40 38
1 41 28
1 42 99
1 43 47
1 44 66
1 45 9
1 46 60
1 47 71
1 48 30
1 49 43
1 50 45
1 51 23
1 52 55
1 53 21
1 54 28
1 55 69
1 56 1
1 57 79
1 58 56
1 59 54
1 60 21
1 61 31
1 62 61
1 63 32
1 64 63
1 65 11
1 66 61
1 67 22
1 68 5
1 69 96
1 70 76
1 71 66
1 72 95
1 73 24
1 74 79
1 75 91
1 76 30
1 77 88
1 78 24
1 79 32
1 80 92
1 81 18
1 82 74
1 83 77
1 84 66
1 85 9
1 86 40
1 87 70
2 3 56
2 4 90
2 5 45
2 6 69
2 7 23
2 8 91
2 9 39
2 10 58
2 11 37
2 12 69
2 13 98
2 14 55
2 15 40
2 16 76
2 17 85
2 18 35
2 19 33
2 20 46
2 21 80
2 22 36
2 23 67
2 24 39
2 25 55
2 26 58
2 27 93
2 28 41
2 29 10
2 30 45
2 31 45
2 32 96
2 33 67
2 34 22
2 35 68
2 36 52
2 37 65
2 38 4
2 39 82
2 40 48
2 41 89
2 42 42
2 43 43
2 44 43
2 45 86
2 46 23
2 47 89
2 48 81
2 49 96
2 50 51
2 51 89
2 52 41
2 53 100
2 54 56
2 55 96
2 56 60
2 57 56
2 58 25
2 59 90
2 60 18
2 61 6
2 62 79
2 63 19
2 64 8
2 65 76
2 66 93
2 67 71
2 68 40
2 69 27
2 70 43
2 71 7
2 72 26
2 73 37
2 74 63
2 75 9
2 76 38
2 77 92
2 78 82
2 79 93
2 80 85
2 81 75
2 82 84
2 83 15
2 84 17
2 85 62
2 86 17
2 87 57
3 4 9
3 5 96
3 6 91
3 7 46
3 8 22
3 9 84
3 10 32
3 11 31
3 12 47
3 13 47
3 14 60
3 15 18
3 16 75
3 17 24
3 18 81
3 19 32
3 20 15
3 21 62
3 22 80
3 23 90
3 24 33
3 25 76
3 26 26
3 27 96
3 28 39
3 29 3
3 30 79
3 31 80
3 32 49
3 33 32
3 34 28
3 35 2
3 36 21
3 37 64
3 38 84
3 39 56
3 40 72
3 41 50
3 42 72
3 43 98
3 44 72
3 45 27
3 46 20
3 47 99
3 48 71
3 49 83
3 50 51
3 51 70
3 52 66
3 53 26
3 54 98
3 55 99
3 56 45
3 57 60
3 58 77
3 59 16
3 60 7
3 61 81
3 62 96
3 63 78
3 64 57
3 65 93
3 66 92
3 67 16
3 68 92
3 69 9
3 70 8
3 71 33
3 72 45
3 73 77
3 74 75
3 75 76
3 76 31
3 77 59
3 78 87
3 79 18
3 80 60
3 81 68
3 82 88
3 83 94
3 84 99
3 85 6
3 86 13
3 87 66
4 5 51
4 6 81
4 7 93
4 8 66
4 9 23
4 10 96
4 11 13
4 12 83
4 13 63
4 14 33
4 15 44
4 16 52
4 17 82
4 18 23
4 19 79
4 20 19
4 21 41
4 22 44
4 23 36
4 24 50
4 25 76
4 26 47
4 27 60
4 28 8
4 29 23
4 30 64
4 31 82
4 32 29
4 33 5
4 34 17
4 35 81
4 36 94
4 37 37
4 38 41
4 39 32
4 40 85
4 41 66
4 42 21
4 43 13
4 44 73
4 45 45
4 46 39
4 47 37
4 48 74
4 49 36
4 50 98
4 51 64
4 52 86
4 53 23
4 54 24
4 55 26
4 56 50
4 57 98
4 58 13
4 59 8
4 60 98
4 61 19
4 62 13
4 63 22
4 64 90
4 65 40
4 66 23
4 67 3
4 68 89
4 69 23
4 70 21
4 71 17
4 72 86
4 73 85
4 74 84
4 75 8
4 76 29
4 77 50
4 78 72
4 79 62
4 80 35
4 81 90
4 82 3
4 83 91
4 84 4
4 85 59
4 86 92
4 87 51
5 6 22
5 7 46
5 8 85
5 9 16
5 10 74
5 11 6
5 12 100
5 13 40
5 14 71
5 15 24
5 16 19
5 17 73
5 18 59
5 19 82
5 20 87
5 21 15
5 22 79
5 23 99
5 24 76
5 25 66
5 26 90
5 27 46
5 28 90
5 29 22
5 30 63
5 31 53
5 32 73
5 33 45
5 34 83
5 35 91
5 36 25
5 37 1
5 38 93
5 39 86
5 40 62
5 41 55
5 42 62
5 43 43
5 44 8
5 45 79
5 46 74
5 47 71
5 48 59
5 49 30
5 50 39
5 51 1
5 52 27
5 53 65
5 54 8
5 55 55
5 56 29
5 57 86
5 58 6
5 59 73
5 60 26
5 61 58
5 62 54
5 63 91
5 64 79
5 65 22
5 66 51
5 67 12
5 68 52
5 69 30
5 70 48
5 71 55
5 72 84
5 73 79
5 74 77
5 75 61
5 76 53
5 77 55
5 78 42
5 79 100
5 80 25
5 81 41
5 82 8
5 83 3
5 84 11
5 85 10
5 86 11
5 87 58
6 7 30
6 8 89
6 9 59
6 10 17
6 11 13
6 12 75
6 13 55
6 14 32
6 15 50
6 16 39
6 17 93
6 18 3
6 19 53
6 20 75
6 21 100
6 22 61
6 23 13
6 24 55
6 25 1
6 26 26
6 27 69
6 28 90
6 29 55
6 30 78
6 31 10
6 32 13
6 33 29
6 34 42
6 35 25
6 36 66
6 37 51
6 38 95
6 39 45
6 40 21
6 41 3
6 42 34
6 43 91
6 44 39
6 45 80
6 46 75
6 47 87
6 48 97
6 49 92
6 50 19
6 51 23
6 52 80
6 53 57
6 54 31
6 55 34
6 56 39
6 57 60
6 58 22
6 59 93
6 60 40
6 61 86
6 62 84
6 63 28
6 64 34
6 65 91
6 66 72
6 67 78
6 68 13
6 69 50
6 70 44
6 71 37
6 72 51
6 73 82
6 74 57
6 75 66
6 76 72
6 77 67
6 78 50
6 79 35
6 80 14
6 81 93
6 82 79
6 83 57
6 84 16
6 85 55
6 86 38
6 87 82
7 8 85
7 9 70
7 10 5
7 11 90
7 12 57
7 13 33
7 14 8
7 15 59
7 16 90
7 17 75
7 18 7
7 19 25
7 20 7
7 21 38
7 22 43
7 23 43
7 24 11
7 25 56
7 26 12
7 27 56
7 28 58
7 29 52
7 30 35
7 31 96
7 32 87
7 33 68
7 34 54
7 35 71
7 36 2
7 37 97
7 38 43
7 39 5
7 40 72
7 41 69
7 42 90
7 43 4
7 44 57
7 45 90
7 46 34
7 47 17
7 48 55
7 49 56
7 50 8
7 51 2
7 52 58
7 53 21
7 54 55
7 55 9
7 56 44
7 57 68
7 58 21
7 59 18
7 60 78
7 61 37
7 62 35
7 63 21
7 64 32
7 65 21
7 66 85
7 67 4
7 68 19
7 69 7
7 70 56
7 71 16
7 72 26
7 73 87
7 74 67
7 75 34
7 76 63
7 77 66
7 78 73
7 79 67
7 80 29
7 81 57
7 82 14
7 83 7
7 84 63
7 85 19
7 86 83
7 87 32
8 9 83
8 10 48
8 11 2
8 12 4
8 13 64
8 14 44
8 15 8
8 16 81
8 17 65
8 18 73
8 19 11
8 20 67
8 21 62
8 22 71
8 23 45
8 24 72
8 25 81
8 26 51
8 27 21
8 28 46
8 29 12
8 30 35
8 31 97
8 32 93
8 33 65
8 34 85
8 35 83
8 36 65
8 37 49
8 38 37
8 39 37
8 40 34
8 41 40
8 42 16
8 43 62
8 44 88
8 45 95
8 46 2
8 47 1
8 48 55
8 49 46
8 50 25
8 51 17
8 52 4
8 53 16
8 54 72
8 55 82
8 56 43
8 57 8
8 58 25
8 59 100
8 60 39
8 61 43
8 62 65
8 63 64
8 64 68
8 65 6
8 66 21
8 67 3
8 68 85
8 69 80
8 70 96
8 71 82
8 72 16
8 73 94
8 74 85
8 75 94
8 76 89
8 77 55
8 78 25
8 79 9
8 80 54
8 81 72
8 82 2
8 83 86
8 84 34
8 85 17
8 86 41
8 87 50
9 10 61
9 11 37
9 12 73
9 13 21
9 14 32
9 15 40
9 16 24
9 17 22
9 18 2
9 19 60
9 20 62
9 21 17
9 22 69
9 23 78
9 24 98
9 25 20
9 26 33
9 27 99
9 28 62
9 29 78
9 30 42
9 31 50
9 32 94
9 33 69
9 34 23
9 35 37
9 36 3
9 37 46
9 38 94
9 39 65
9 40 8
9 41 13
9 42 17
9 43 5
9 44 76
9 45 16
9 46 60
9 47 80
9 48 22
9 49 26
9 50 34
9 51 71
9 52 79
9 53 82
9 54 96
9 55 97
9 56 70
9 57 73
9 58 29
9 59 44
9 60 46
9 61 16
9 62 28
9 63 58
9 64 55
9 65 63
9 66 91
9 67 48
9 68 75
9 69 25
9 70 43
9 71 73
9 72 55
9 73 51
9 74 74
9 75 41
9 76 4
9 77 64
9 78 11
9 79 92
9 80 83
9 81 97
9 82 54
9 83 10
9 84 20
9 85 81
9 86 39
9 87 36
10 11 13
10 12 21
10 13 29
10 14 65
10 15 93
10 16 39
10 17 90
10 18 71
10 19 78
10 20 2
10 21 35
10 22 39
10 23 20
10 24 77
10 25 2
10 26 79
10 27 30
10 28 12
10 29 35
10 30 18
10 31 79
10 32 37
10 33 52
10 34 81
10 35 99
10 36 89
10 37 71
10 38 91
10 39 78
10 40 59
10 41 99
10 42 79
10 43 53
10 44 65
10 45 68
10 46 56
10 47 75
10 48 73
10 49 85
10 50 54
10 51 9
10 52 69
10 53 67
10 54 48
10 55 30
10 56 83
10 57 89
10 58 51
10 59 15
10 60 77
10 61 31
10 62 77
10 63 98
10 64 70
10 65 5
10 66 34
10 67 16
10 68 25
10 69 87
10 70 4
10 71 98
10 72 59
10 73 22
10 74 46
10 75 57
10 76 34
10 77 52
10 78 7
10 79 78
10 80 62
10 81 36
10 82 61
10 83 57
10 84 83
10 85 32
10 86 80
10 87 7
11 12 46
11 13 39
11 14 41
11 15 80
11 16 64
11 17 40
11 18 12
11 19 6
11 20 91
11 21 45
11 22 52
11 23 54
11 24 31
11 25 11
11 26 83
11 27 42
11 28 84
11 29 97
11 30 78
11 31 2
11 32 46
11 33 92
11 34 24
11 35 95
11 36 29
11 37 17
11 38 77
11 39 50
11 40 15
11 41 72
11 42 42
11 43 19
11 44 49
11 45 10
11 46 55
11 47 1
11 48 92
11 49 59
11 50 17
11 51 15
11 52 83
11 53 9
11 54 85
11 55 29
11 56 35
11 57 38
11 58 30
11 59 25
11 60 75
11 61 63
11 62 43
11 63 85
11 64 91
11 65 32
11 66 67
11 67 92
11 68 28
11 69 41
11 70 47
11 71 3
11 72 39
11 73 63
11 74 28
11 75 66
11 76 66
11 77 58
11 78 22
11 79 45
11 80 82
11 81 87
11 82 18
11 83 90
11 84 70
11 85 80
11 86 81
11 87 13
12 13 55
12 14 56
12 15 94
12 16 50
12 17 26
12 18 87
12 19 43
12 20 30
12 21 31
12 22 82
12 23 62
12 24 6
12 25 99
12 26 59
12 27 55
12 28 100
12 29 95
12 30 82
12 31 24
12 32 95
12 33 34
12 34 72
12 35 100
12 36 90
12 37 30
12 38 7
12 39 46
12 40 75
12 41 78
12 42 58
12 43 7
12 44 93
12 45 66
12 46 62
12 47 90
12 48 35
12 49 17
12 50 48
12 51 47
12 52 4
12 53 9
12 54 68
12 55 55
12 56 87
12 57 94
12 58 74
12 59 86
12 60 95
12 61 89
12 62 9
12 63 97
12 64 69
12 65 59
12 66 81
12 67 1
12 68 41
12 69 88
12 70 67
12 71 20
12 72 97
12 73 1
12 74 94
12 75 74
12 76 57
12 77 27
12 78 88
12 79 87
12 80 52
12 81 68
12 82 16
12 83 65
12 84 68
12 85 38
12 86 35
12 87 93
13 14 99
13 15 87
13 16 65
13 17 11
13 18 9
13 19 98
13 20 32
13 21 22
13 22 70
13 23 28
13 24 79
13 25 25
13 26 4
13 27 42
13 28 75
13 29 2
13 30 15
13 31 34
13 32 69
13 33 23
13 34 20
13 35 10
13 36 31
13 37 87
13 38 17
13 39 37
13 40 75
13 41 61
13 42 10
13 43 66
13 44 27
13 45 15
13 46 36
13 47 88
13 48 74
13 49 53
13 50 43
13 51 31
13 52 15
13 53 26
13 54 74
13 55 46
13 56 41
13 57 38
13 58 10
13 59 71
13 60 23
13 61 61
13 62 32
13 63 33
13 64 17
13 65 40
13 66 79
13 67 46
13 68 68
13 69 73
13 70 68
13 71 60
13 72 95
13 73 44
13 74 10
13 75 39
13 76 9
13 77 20
13 78 90
13 79 100
13 80 99
13 81 62
13 82 3
13 83 69
13 84 4
13 85 46
13 86 88
13 87 100
14 15 85
14 16 54
14 17 60
14 18 5
14 19 35
14 20 45
14 21 81
14 22 7
14 23 71
14 24 72
14 25 16
14 26 89
14 27 77
14 28 97
14 29 56
14 30 9
14 31 47
14 32 78
14 33 60
14 34 41
14 35 39
14 36 91
14 37 20
14 38 44
14 39 39
14 40 62
14 41 17
14 42 76
14 43 66
14 44 2
14 45 31
14 46 69
14 47 97
14 48 25
14 49 71
14 50 48
14 51 16
14 52 46
14 53 81
14 54 51
14 55 55
14 56 33
14 57 13
14 58 32
14 59 51
14 60 22
14 61 84
14 62 59
14 63 25
14 64 95
14 65 74
14 66 52
14 67 2
14 68 26
14 69 49
14 70 76
14 71 5
14 72 59
14 73 17
14 74 57
14 75 25
14 76 45
14 77 59
14 78 13
14 79 47
14 80 44
14 81 14
14 82 67
14 83 64
14 84 36
14 85 27
14 86 62
14 87 3
15 16 53
15 17 9
15 18 48
15 19 82
15 20 66
15 21 72
15 22 71
15 23 58
15 24 43
15 25 79
15 26 52
15 27 7
15 28 27
15 29 68
15 30 99
15 31 51
15 32 27
15 33 83
15 34 42
15 35 32
15 36 62
15 37 100
15 38 93
15 39 62
15 40 76
15 41 70
15 42 16
15 43 78
15 44 35
15 45 54
15 46 67
15 47 41
15 48 75
15 49 60
15 50 98
15 51 1
15 52 22
15 53 62
15 54 87
15 55 7
15 56 11
15 57 36
15 58 35
15 59 51
15 60 6
15 61 81
15 62 46
15 63 33
15 64 9
15 65 53
15 66 64
15 67 10
15 68 88
15 69 83
15 70 81
15 71 99
15 72 75
15 73 3
15 74 75
15 75 42
15 76 98
15 77 9
15 78 59
15 79 55
15 80 79
15 81 48
15 82 78
15 83 16
15 84 68
15 85 52
15 86 15
15 87 49
16 17 21
16 18 80
16 19 9
16 20 94
16 21 27
16 22 99
16 23 57
16 24 68
16 25 49
16 26 59
16 27 77
16 28 70
16 29 6
16 30 57
16 31 36
16 32 27
16 33 4
16 34 97
16 35 75
16 36 51
16 37 37
16 38 62
16 39 61
16 40 45
16 41 69
16 42 100
16 43 45
16 44 22
16 45 34
16 46 98
16 47 98
16 48 61
16 49 46
16 50 11
16 51 18
16 52 16
16 53 100
16 54 45
16 55 41
16 56 100
16 57 96
16 58 54
16 59 44
16 60 60
16 61 2
16 62 61
16 63 96
16 64 25
16 65 23
16 66 97
16 67 36
16 68 2
16 69 10
16 70 46
16 71 94
16 72 91
16 73 80
16 74 91
16 75 74
16 76 94
16 77 30
16 78 44
16 79 83
16 80 80
16 81 37
16 82 36
16 83 56
16 84 29
16 85 90
16 86 44
16 87 87
17 18 33
17 19 11
17 20 26
17 21 56
17 22 1
17 23 30
17 24 99
17 25 84
17 26 67
17 27 59
17 28 11
17 29 94
17 30 43
17 31 2
17 32 72
17 33 47
17 34 2
17 35 38
17 36 98
17 37 51
17 38 54
17 39 61
17 40 57
17 41 45
17 42 63
17 43 66
17 44 31
17 45 15
17 46 64
17 47 92
17 48 53
17 49 15
17 50 63
17 51 53
17 52 82
17 53 32
17 54 63
17 55 74
17 56 38
17 57 88
17 58 19
17 59 68
17 60 54
17 61 2
17 62 39
17 63 51
17 64 82
17 65 57
17 66 37
17 67 70
17 68 85
17 69 41
17 70 42
17 71 30
17 72 82
17 73 91
17 74 26
17 75 12
17 76 21
17 77 86
17 78 53
17 79 19
17 80 14
17 81 63
17 82 100
17 83 85
17 84 100
17 85 16
17 86 14
17 87 9
18 19 46
18 20 10
18 21 98
18 22 54
18 23 41
18 24 3
18 25 7
18 26 55
18 27 30
18 28 66
18 29 21
18 30 83
18 31 45
18 32 20
18 33 10
18 34 38
18 35 21
18 36 18
18 37 30
18 38 87
18 39 37
18 40 100
18 41 93
18 42 48
18 43 79
18 44 73
18 45 10
18 46 89
18 47 86
18 48 36
18 49 68
18 50 2
18 51 20
18 52 91
18 53 13
18 54 37
18 55 58
18 56 47
18 57 50
18 58 29
18 59 48
18 60 4
18 61 6
18 62 80
18 63 19
18 64 84
18 65 59
18 66 89
18 67 8
18 68 59
18 69 16
18 70 30
18 71 11
18 72 31
18 73 23
18 74 2
18 75 40
18 76 94
18 77 74
18 78 10
18 79 47
18 80 42
18 81 17
18 82 22
18 83 93
18 84 6
18 85 1
18 86 96
18 87 89
19 20 93
19 21 50
19 22 63
19 23 90
19 24 38
19 25 20
19 26 97
19 27 60
19 28 99
19 29 71
19 30 85
19 31 61
19 32 100
19 33 72
19 34 27
19 35 29
19 36 27
19 37 73
19 38 77
19 39 70
19 40 98
19 41 64
19 42 43
19 43 7
19 44 72
19 45 82
19 46 91
19 47 85
19 48 5
19 49 60
19 50 66
19 51 57
19 52 14
19 53 75
19 54 26
19 55 72
19 56 33
19 57 55
19 58 100
19 59 93
19 60 39
19 61 80
19 62 36
19 63 9
19 64 87
19 65 34
19 66 31
19 67 35
19 68 51
19 69 99
19 70 84
19 71 45
19 72 16
19 73 67
19 74 59
19 75 24
19 76 96
19 77 6
19 78 73
19 79 79
19 80 40
19 81 45
19 82 68
19 83 89
19 84 75
19 85 53
19 86 27
19 87 26
20 21 28
20 22 37
20 23 55
20 24 58
20 25 66
20 26 58
20 27 6
20 28 87
20 29 75
20 30 73
20 31 31
20 32 90
20 33 56
20 34 34
20 35 48
20 36 21
20 37 19
20 38 52
20 39 94
20 40 62
20 41 83
20 42 17
20 43 18
20 44 23
20 45 88
20 46 20
20 47 85
20 48 83
20 49 46
20 50 71
20 51 62
20 52 41
20 53 95
20 54 64
20 55 62
20 56 48
20 57 48
20 58 43
20 59 71
20 60 20
20 61 20
20 62 61
20 63 67
20 64 8
20 65 19
20 66 51
20 67 32
20 68 74
20 69 15
20 70 3
20 71 7
20 72 80
20 73 86
20 74 64
20 75 61
20 76 38
20 77 69
20 78 13
20 79 9
20 80 97
20 81 87
20 82 98
20 83 26
20 84 31
20 85 97
20 86 49
20 87 38
21 22 94
21 23 1
21 24 26
21 25 2
21 26 25
21 27 26
21 28 82
21 29 52
21 30 35
21 31 9
21 32 64
21 33 25
21 34 97
21 35 22
21 36 44
21 37 33
21 38 18
21 39 13
21 40 97
21 41 17
21 42 81
21 43 60
21 44 20
21 45 26
21 46 58
21 47 17
21 48 33
21 49 88
21 50 17
21 51 12
21 52 14
21 53 82
21 54 96
21 55 47
21 56 71
21 57 62
21 58 67
21 59 19
21 60 42
21 61 87
21 62 55
21 63 58
21 64 56
21 65 40
21 66 70
21 67 44
21 68 62
21 69 22
21 70 91
21 71 77
21 72 46
21 73 54
21 74 12
21 75 6
21 76 90
21 77 63
21 78 46
21 79 90
21 80 99
21 81 67
21 82 16
21 83 54
21 84 48
21 85 1
21 86 73
21 87 50
22 23 2
22 24 59
22 25 54
22 26 67
22 27 65
22 28 94
22 29 55
22 30 13
22 31 32
22 32 7
22 33 76
22 34 67
22 35 36
22 36 66
22 37 22
22 38 17
22 39 76
22 40 94
22 41 5
22 42 85
22 43 15
22 44 9
22 45 43
22 46 73
22 47 86
22 48 20
22 49 20
22 50 52
22 51 62
22 52 8
22 53 28
22 54 56
22 55 11
22 56 5
22 57 54
22 58 19
22 59 51
22 60 60
22 61 42
22 62 96
22 63 55
22 64 43
22 65 33
22 66 44
22 67 17
22 68 20
22 69 87
22 70 9
22 71 55
22 72 57
22 73 57
22 74 10
22 75 42
22 76 64
22 77 72
22 78 12
22 79 68
22 80 93
22 81 39
22 82 54
22 83 49
22 84 69
22 85 58
22 86 52
22 87 31
23 24 44
23 25 47
23 26 14
23 27 57
23 28 48
23 29 54
23 30 35
23 31 55
23 32 20
23 33 57
23 34 75
23 35 15
23 36 33
23 37 52
23 38 76
23 39 71
23 40 61
23 41 9
23 42 37
23 43 61
23 44 93
23 45 88
23 46 88
23 47 97
23 48 40
23 49 60
23 50 61
23 51 51
23 52 79
23 53 36
23 54 100
23 55 20
23 56 38
23 57 31
23 58 2
23 59 12
23 60 67
23 61 1
23 62 72
23 63 63
23 64 58
23 65 49
23 66 50
23 67 73
23 68 90
23 69 60
23 70 1
23 71 15
23 72 90
23 73 52
23 74 18
23 75 50
23 76 18
23 77 81
23 78 92
23 79 8
23 80 2
23 81 69
23 82 61
23 83 75
23 84 82
23 85 40
23 86 89
23 87 93
24 25 77
24 26 3
24 27 88
24 28 7
24 29 99
24 30 61
24 31 35
24 32 95
24 33 5
24 34 44
24 35 38
24 36 78
24 37 15
24 38 91
24 39 9
24 40 74
24 41 39
24 42 63
24 43 3
24 44 27
24 45 93
24 46 34
24 47 47
24 48 45
24 49 93
24 50 99
24 51 31
24 52 48
24 53 25
24 54 18
24 55 44
24 56 79
24 57 41
24 58 51
24 59 31
24 60 62
24 61 30
24 62 67
24 63 58
24 64 76
24 65 92
24 66 75
24 67 16
24 68 63
24 69 6
24 70 9
24 71 35
24 72 21
24 73 23
24 74 62
24 75 81
24 76 38
24 77 25
24 78 39
24 79 56
24 80 8
24 81 22
24 82 49
24 83 72
24 84 59
24 85 74
24 86 11
24 87 75
25 26 21
25 27 25
25 28 48
25 29 75
25 30 71
25 31 56
25 32 38
25 33 16
25 34 78
25 35 34
25 36 70
25 37 82
25 38 62
25 39 58
25 40 66
25 41 80
25 42 55
25 43 86
25 44 18
25 45 16
25 46 31
25 47 42
25 48 63
25 49 39
25 50 74
25 51 59
25 52 16
25 53 34
25 54 38
25 55 91
25 56 14
25 57 58
25 58 70
25 59 36
25 60 77
25 61 52
25 62 44
25 63 36
25 64 81
25 65 86
25 66 32
25 67 10
25 68 27
25 69 93
25 70 58
25 71 92
25 72 37
25 73 31
25 74 92
25 75 28
25 76 17
25 77 65
25 78 84
25 79 2
25 80 58
25 81 54
25 82 68
25 83 48
25 84 83
25 85 100
25 86 93
25 87 96
26 27 4
26 28 78
26 29 37
26 30 55
26 31 91
26 32 48
26 33 8
26 34 20
26 35 6
26 36 52
26 37 97
26 38 84
26 39 8
26 40 78
26 41 78
26 42 82
26 43 94
26 44 74
26 45 73
26 46 33
26 47 32
26 48 68
26 49 97
26 50 6
26 51 100
26 52 50
26 53 9
26 54 75
26 55 25
26 56 17
26 57 36
26 58 87
26 59 42
26 60 95
26 61 46
26 62 99
26 63 72
26 64 32
26 65 29
26 66 12
26 67 63
26 68 63
26 69 75
26 70 6
26 71 66
26 72 18
26 73 99
26 74 96
26 75 3
26 76 48
26 77 96
26 78 32
26 79 25
26 80 65
26 81 85
26 82 14
26 83 19
26 84 80
26 85 71
26 86 27
26 87 11
27 28 5
27 29 45
27 30 66
27 31 27
27 32 92
27 33 64
27 34 21
27 35 10
27 36 57
27 37 38
27 38 34
27 39 46
27 40 12
27 41 18
27 42 22
27 43 74
27 44 40
27 45 15
27 46 22
27 47 31
27 48 6
27 49 98
27 50 30
27 51 92
27 52 93
27 53 24
27 54 4
27 55 64
27 56 4
27 57 17
27 58 57
27 59 82
27 60 41
27 61 27
27 62 13
27 63 79
27 64 5
27 65 79
27 66 72
27 67 29
27 68 51
27 69 11
27 70 64
27 71 49
27 72 52
27 73 53
27 74 24
27 75 45
27 76 94
27 77 88
27 78 57
27 79 92
27 80 14
27 81 55
27 82 71
27 83 65
27 84 87
27 85 81
27 86 91
27 87 47
28 29 42
28 30 99
28 31 28
28 32 30
28 33 61
28 34 81
28 35 54
28 36 22
28 37 5
28 38 46
28 39 74
28 40 91
28 41 70
28 42 46
28 43 50
28 44 59
28 45 48
28 46 9
28 47 39
28 48 45
28 49 100
28 50 64
28 51 74
28 52 60
28 53 94
28 54 82
28 55 12
28 56 1
28 57 24
28 58 78
28 59 7
28 60 54
28 61 57
28 62 45
28 63 59
28 64 68
28 65 75
28 66 4
28 67 79
28 68 59
28 69 17
28 70 47
28 71 2
28 72 92
28 73 17
28 74 47
28 75 78
28 76 49
28 77 68
28 78 75
28 79 24
28 80 19
28 81 55
28 82 74
28 83 36
28 84 72
28 85 80
28 86 48
28 87 59
29 30 73
29 31 64
29 32 59
29 33 44
29 34 5
29 35 77
29 36 23
29 37 20
29 38 24
29 39 13
29 40 69
29 41 74
29 42 92
29 43 91
29 44 16
29 45 32
29 46 6
29 47 27
29 48 78
29 49 43
29 50 65
29 51 69
29 52 34
29 53 92
29 54 20
29 55 28
29 56 42
29 57 79
29 58 100
29 59 54
29 60 25
29 61 59
29 62 55
29 63 95
29 64 14
29 65 14
29 66 18
29 67 34
29 68 39
29 69 80
29 70 22
29 71 53
29 72 36
29 73 75
29 74 99
29 75 24
29 76 96
29 77 24
29 78 34
29 79 8
29 80 78
29 81 42
29 82 52
29 83 2
29 84 4
29 85 90
29 86 13
29 87 68
30 31 72
30 32 19
30 33 8
30 34 93
30 35 22
30 36 37
30 37 1
30 38 9
30 39 33
30 40 3
30 41 95
30 42 100
30 43 70
30 44 85
30 45 12
30 46 65
30 47 31
30 48 47
30 49 78
30 50 76
30 51 90
30 52 52
30 53 22
30 54 21
30 55 2
30 56 5
30 57 68
30 58 12
30 59 52
30 60 5
30 61 16
30 62 88
30 63 44
30 64 50
30 65 25
30 66 25
30 67 66
30 68 86
30 69 40
30 70 15
30 71 34
30 72 93
30 73 58
30 74 61
30 75 15
30 76 88
30 77 49
30 78 21
30 79 94
30 80 66
30 81 74
30 82 68
30 83 34
30 84 31
30 85 17
30 86 94
30 87 20
31 32 78
31 33 35
31 34 78
31 35 76
31 36 64
31 37 98
31 38 25
31 39 17
31 40 28
31 41 87
31 42 1
31 43 3
31 44 27
31 45 93
31 46 43
31 47 72
31 48 100
31 49 42
31 50 47
31 51 29
31 52 53
31 53 2
31 54 95
31 55 94
31 56 100
31 57 56
31 58 43
31 59 29
31 60 47
31 61 48
31 62 22
31 63 24
31 64 96
31 65 63
31 66 75
31 67 72
31 68 34
31 69 16
31 70 40
31 71 7
31 72 42
31 73 19
31 74 57
31 75 13
31 76 10
31 77 10
31 78 1
31 79 64
31 80 33
31 81 17
31 82 4
31 83 72
31 84 57
31 85 74
31 86 56
31 87 22
32 33 48
32 34 85
32 35 98
32 36 30
32 37 92
32 38 76
32 39 15
32 40 82
32 41 64
32 42 77
32 43 72
32 44 80
32 45 95
32 46 34
32 47 70
32 48 55
32 49 97
32 50 19
32 51 19
32 52 56
32 53 53
32 54 76
32 55 64
32 56 42
32 57 74
32 58 11
32 59 82
32 60 5
32 61 11
32 62 21
32 63 48
32 64 10
32 65 75
32 66 36
32 67 43
32 68 37
32 69 18
32 70 86
32 71 91
32 72 1
32 73 61
32 74 80
32 75 45
32 76 48
32 77 33
32 78 65
32 79 4
32 80 24
32 81 74
32 82 35
32 83 5
32 84 23
32 85 38
32 86 13
32 87 81
33 34 48
33 35 72
33 36 16
33 37 60
33 38 88
33 39 84
33 40 35
33 41 4
33 42 27
33 43 3
33 44 59
33 45 62
33 46 76
33 47 52
33 48 64
33 49 38
33 50 31
33 51 63
33 52 45
33 53 78
33 54 70
33 55 33
33 56 91
33 57 49
33 58 95
33 59 28
33 60 69
33 61 79
33 62 78
33 63 30
33 64 41
33 65 46
33 66 94
33 67 35
33 68 19
33 69 13
33 70 20
33 71 69
33 72 20
33 73 25
33 74 5
33 75 68
33 76 10
33 77 36
33 78 89
33 79 61
33 80 64
33 81 51
33 82 33
33 83 41
33 84 17
33 85 40
33 86 68
33 87 15
34 35 83
34 36 70
34 37 64
34 38 5
34 39 81
34 40 88
34 41 10
34 42 5
34 43 82
34 44 72
34 45 91
34 46 50
34 47 1
34 48 32
34 49 48
34 50 75
34 51 72
34 52 49
34 53 78
34 54 53
34 55 51
34 56 15
34 57 63
34 58 12
34 59 71
34 60 71
34 61 42
34 62 4
34 63 59
34 64 78
34 65 75
34 66 9
34 67 46
34 68 28
34 69 78
34 70 46
34 71 24
34 72 51
34 73 64
34 74 4
34 75 86
34 76 26
34 77 89
34 78 47
34 79 43
34 80 45
34 81 77
34 82 72
34 83 76
34 84 54
34 85 78
34 86 79
34 87 74
35 36 51
35 37 48
35 38 54
35 39 18
35 40 7
35 41 52
35 42 69
35 43 80
35 44 11
35 45 51
35 46 55
35 47 8
35 48 93
35 49 80
35 50 29
35 51 60
35 52 27
35 53 99
35 54 24
35 55 15
35 56 71
35 57 91
35 58 88
35 59 78
35 60 87
35 61 88
35 62 50
35 63 27
35 64 14
35 65 66
35 66 21
35 67 85
35 68 93
35 69 30
35 70 91
35 71 84
35 72 27
35 73 97
35 74 72
35 75 27
35 76 59
35 77 30
35 78 55
35 79 60
35 80 98
35 81 79
35 82 28
35 83 100
35 84 51
35 85 90
35 86 27
35 87 93
36 37 32
36 38 60
36 39 30
36 40 68
36 41 49
36 42 57
36 43 6
36 44 96
36 45 77
36 46 85
36 47 68
36 48 99
36 49 61
36 50 78
36 51 6
36 52 80
36 53 71
36 54 96
36 55 26
36 56 33
36 57 58
36 58 60
36 59 58
36 60 58
36 61 73
36 62 45
36 63 27
36 64 91
36 65 24
36 66 38
36 67 30
36 68 21
36 69 32
36 70 97
36 71 74
36 72 7
36 73 7
36 74 23
36 75 77
36 76 62
36 77 43
36 78 14
36 79 47
36 80 3
36 81 90
36 82 62
36 83 9
36 84 89
36 85 29
36 86 94
36 87 64
37 38 33
37 39 86
37 40 4
37 41 74
37 42 22
37 43 43
37 44 81
37 45 89
37 46 84
37 47 48
37 48 60
37 49 37
37 50 36
37 51 99
37 52 43
37 53 84
37 54 57
37 55 77
37 56 68
37 57 16
37 58 79
37 59 33
37 60 24
37 61 38
37 62 41
37 63 30
37 64 100
37 65 22
37 66 64
37 67 21
37 68 77
37 69 68
37 70 61
37 71 55
37 72 100
37 73 76
37 74 48
37 75 11
37 76 77
37 77 100
37 78 9
37 79 55
37 80 37
37 81 8
37 82 82
37 83 59
37 84 63
37 85 34
37 86 66
37 87 40
38 39 47
38 40 18
38 41 27
38 42 48
38 43 37
38 44 68
38 45 24
38 46 98
38 47 79
38 48 98
38 49 47
38 50 52
38 51 84
38 52 97
38 53 23
38 54 98
38 55 91
38 56 73
38 57 71
38 58 97
38 59 76
38 60 18
38 61 24
38 62 85
38 63 100
38 64 96
38 65 51
38 66 9
38 67 88
38 68 27
38 69 41
38 70 4
38 71 100
38 72 10
38 73 100
38 74 14
38 75 58
38 76 55
38 77 71
38 78 86
38 79 69
38 80 65
38 81 10
38 82 76
38 83 35
38 84 38
38 85 95
38 86 48
38 87 79
39 40 61
39 41 100
39 42 85
39 43 16
39 44 74
39 45 28
39 46 74
39 47 37
39 48 24
39 49 69
39 50 48
39 51 2
39 52 15
39 53 44
39 54 32
39 55 14
39 56 22
39 57 13
39 58 22
39 59 67
39 60 63
39 61 64
39 62 47
39 63 62
39 64 76
39 65 51
39 66 38
39 67 46
39 68 27
39 69 45
39 70 67
39 71 53
39 72 28
39 73 14
39 74 50
39 75 23
39 76 83
39 77 44
39 78 77
39 79 64
39 80 36
39 81 100
39 82 68
39 83 49
39 84 34
39 85 8
39 86 9
39 87 32
40 41 38
40 42 73
40 43 24
40 44 18
40 45 31
40 46 68
40 47 56
40 48 78
40 49 96
40 50 39
40 51 7
40 52 54
40 53 96
40 54 74
40 55 96
40 56 98
40 57 69
40 58 33
40 59 85
40 60 26
40 61 98
40 62 10
40 63 75
40 64 56
40 65 86
40 66 64
40 67 14
40 68 72
40 69 45
40 70 15
40 71 54
40 72 10
40 73 50
40 74 3
40 75 16
40 76 98
40 77 69
40 78 17
40 79 70
40 80 60
40 81 72
40 82 9
40 83 79
40 84 12
40 85 52
40 86 57
40 87 23
41 42 93
41 43 20
41 44 47
41 45 85
41 46 71
41 47 73
41 48 27
41 49 41
41 50 12
41 51 83
41 52 25
41 53 72
41 54 64
41 55 98
41 56 14
41 57 87
41 58 4
41 59 68
41 60 42
41 61 90
41 62 38
41 63 61
41 64 67
41 65 54
41 66 30
41 67 73
41 68 26
41 69 72
41 70 77
41 71 3
41 72 42
41 73 61
41 74 34
41 75 73
41 76 21
41 77 65
41 78 20
41 79 10
41 80 19
41 81 2
41 82 46
41 83 52
41 84 71
41 85 68
41 86 78
41 87 18
42 43 29
42 44 93
42 45 11
42 46 62
42 47 90
42 48 88
42 49 63
42 50 39
42 51 12
42 52 30
42 53 30
42 54 5
42 55 12
42 56 86
42 57 79
42 58 93
42 59 87
42 60 83
42 61 27
42 62 100
42 63 45
42 64 67
42 65 61
42 66 90
42 67 99
42 68 70
42 69 80
42 70 85
42 71 43
42 72 52
42 73 88
42 74 99
42 75 88
42 76 31
42 77 51
42 78 90
42 79 86
42 80 80
42 81 16
42 82 19
42 83 65
42 84 23
42 85 26
42 86 32
42 87 49
43 44 100
43 45 39
43 46 69
43 47 39
43 48 47
43 49 70
43 50 9
43 51 54
43 52 19
43 53 86
43 54 98
43 55 96
43 56 75
43 57 91
43 58 35
43 59 11
43 60 58
43 61 30
43 62 57
43 63 21
43 64 32
43 65 84
43 66 78
43 67 49
43 68 4
43 69 27
43 70 62
43 71 73
43 72 99
43 73 41
43 74 59
43 75 22
43 76 71
43 77 6
43 78 92
43 79 71
43 80 5
43 81 15
43 82 77
43 83 24
43 84 71
43 85 94
43 86 37
43 87 38
44 45 83
44 46 14
44 47 25
44 48 70
44 49 86
44 50 77
44 51 62
44 52 11
44 53 10
44 54 39
44 55 82
44 56 66
44 57 44
44 58 58
44 59 55
44 60 88
44 61 95
44 62 65
44 63 8
44 64 91
44 65 1
44 66 84
44 67 36
44 68 37
44 69 51
44 70 15
44 71 71
44 72 20
44 73 28
44 74 52
44 75 76
44 76 33
44 77 67
44 78 15
44 79 68
44 80 32
44 81 64
44 82 80
44 83 49
44 84 35
44 85 57
44 86 93
44 87 33
45 46 55
45 47 36
45 48 57
45 49 23
45 50 22
45 51 78
45 52 89
45 53 51
45 54 78
45 55 7
45 56 19
45 57 99
45 58 13
45 59 36
45 60 97
45 61 69
45 62 47
45 63 23
45 64 15
45 65 89
45 66 6
45 67 15
45 68 45
45 69 85
45 70 77
45 71 86
45 72 92
45 73 76
45 74 21
45 75 100
45 76 87
45 77 40
45 78 61
45 79 95
45 80 2
45 81 43
45 82 61
45 83 68
45 84 25
45 85 9
45 86 39
45 87 2
46 47 31
46 48 96
46 49 3
46 50 61
46 51 46
46 52 11
46 53 43
46 54 40
46 55 31
46 56 7
46 57 87
46 58 88
46 59 46
46 60 4
46 61 77
46 62 81
46 63 89
46 64 54
46 65 24
46 66 80
46 67 54
46 68 77
46 69 94
46 70 54
46 71 10
46 72 84
46 73 78
46 74 48
46 75 95
46 76 10
46 77 13
46 78 57
46 79 96
46 80 19
46 81 68
46 82 35
46 83 92
46 84 30
46 85 39
46 86 6
46 87 33
47 48 80
47 49 33
47 50 35
47 51 3
47 52 1
47 53 72
47 54 76
47 55 35
47 56 78
47 57 17
47 58 43
47 59 48
47 60 27
47 61 29
47 62 90
47 63 28
47 64 63
47 65 42
47 66 61
47 67 23
47 68 43
47 69 79
47 70 47
47 71 82
47 72 91
47 73 31
47 74 21
47 75 21
47 76 14
47 77 33
47 78 11
47 79 50
47 80 8
47 81 83
47 82 68
47 83 100
47 84 30
47 85 35
47 86 13
47 87 18
48 49 4
48 50 59
48 51 86
48 52 1
48 53 84
48 54 37
48 55 34
48 56 27
48 57 24
48 58 43
48 59 69
48 60 86
48 61 51
48 62 74
48 63 69
48 64 98
48 65 35
48 66 27
48 67 21
48 68 59
48 69 48
48 70 58
48 71 65
48 72 69
48 73 11
48 74 28
48 75 93
48 76 52
48 77 39
48 78 43
48 79 74
48 80 68
48 81 35
48 82 1
48 83 85
48 84 96
48 85 7
48 86 51
48 87 19
49 50 77
49 51 78
49 52 73
49 53 16
49 54 73
49 55 37
49 56 60
49 57 77
49 58 9
49 59 64
49 60 20
49 61 1
49 62 62
49 63 25
49 64 21
49 65 19
49 66 49
49 67 29
49 68 53
49 69 36
49 70 51
49 71 14
49 72 80
49 73 5
49 74 81
49 75 11
49 76 39
49 77 12
49 78 7
49 79 26
49 80 27
49 81 54
49 82 77
49 83 37
49 84 90
49 85 22
49 86 46
49 87 52
50 51 60
50 52 7
50 53 98
50 54 97
50 55 22
50 56 59
50 57 96
50 58 30
50 59 6
50 60 81
50 61 15
50 62 24
50 63 92
50 64 70
50 65 69
50 66 61
50 67 60
50 68 76
50 69 11
50 70 74
50 71 10
50 72 73
50 73 72
50 74 15
50 75 73
50 76 83
50 77 33
50 78 71
50 79 22
50 80 54
50 81 93
50 82 63
50 83 94
50 84 3
50 85 99
50 86 14
50 87 59
51 52 87
51 53 41
51 54 29
51 55 69
51 56 55
51 57 69
51 58 47
51 59 28
51 60 33
51 61 27
51 62 64
51 63 65
51 64 2
51 65 66
51 66 11
51 67 3
51 68 14
51 69 26
51 70 34
51 71 22
51 72 56
51 73 14
51 74 60
51 75 80
51 76 21
51 77 97
51 78 52
51 79 36
51 80 89
51 81 7
51 82 81
51 83 25
51 84 10
51 85 45
51 86 17
51 87 57
52 53 63
52 54 100
52 55 50
52 56 65
52 57 68
52 58 77
52 59 92
52 60 95
52 61 54
52 62 11
52 63 28
52 64 57
52 65 36
52 66 32
52 67 21
52 68 99
52 69 21
52 70 88
52 71 58
52 72 7
52 73 29
52 74 73
52 75 37
52 76 39
52 77 53
52 78 67
52 79 1
52 80 49
52 81 62
52 82 97
52 83 72
52 84 28
52 85 73
52 86 12
52 87 62
53 54 92
53 55 3
53 56 20
53 57 71
53 58 99
53 59 64
53 60 7
53 61 77
53 62 89
53 63 31
53 64 45
53 65 68
53 66 73
53 67 26
53 68 81
53 69 6
53 70 51
53 71 14
53 72 45
53 73 19
53 74 24
53 75 68
53 76 69
53 77 57
53 78 95
53 79 30
53 80 81
53 81 7
53 82 16
53 83 22
53 84 20
53 85 100
53 86 72
53 87 63
54 55 39
54 56 35
54 57 32
54 58 53
54 59 27
54 60 18
54 61 16
54 62 7
54 63 76
54 64 55
54 65 76
54 66 20
54 67 94
54 68 97
54 69 74
54 70 25
54 71 38
54 72 97
54 73 37
54 74 16
54 75 67
54 76 31
54 77 74
54 78 98
54 79 18
54 80 92
54 81 28
54 82 75
54 83 1
54 84 74
54 85 16
54 86 70
54 87 79
55 56 1
55 57 12
55 58 99
55 59 95
55 60 13
55 61 38
55 62 81
55 63 53
55 64 18
55 65 96
55 66 68
55 67 62
55 68 18
55 69 49
55 70 61
55 71 31
55 72 82
55 73 82
55 74 98
55 75 72
55 76 92
55 77 39
55 78 79
55 79 87
55 80 90
55 81 1
55 82 37
55 83 75
55 84 28
55 85 38
55 86 83
55 87 76
56 57 91
56 58 64
56 59 45
56 60 40
56 61 77
56 62 20
56 63 51
56 64 48
56 65 52
56 66 97
56 67 70
56 68 27
56 69 22
56 70 95
56 71 16
56 72 72
56 73 31
56 74 16
56 75 54
56 76 59
56 77 84
56 78 40
56 79 82
56 80 22
56 81 24
56 82 9
56 83 9
56 84 23
56 85 34
56 86 31
56 87 80
57 58 84
57 59 5
57 60 27
57 61 33
57 62 50
57 63 46
57 64 32
57 65 58
57 66 2
57 67 3
57 68 3
57 69 56
57 70 60
57 71 9
57 72 32
57 73 12
57 74 37
57 75 29
57 76 44
57 77 80
57 78 77
57 79 32
57 80 95
57 81 17
57 82 46
57 83 91
57 84 57
57 85 36
57 86 23
57 87 96
58 59 3
58 60 23
58 61 50
58 62 80
58 63 9
58 64 85
58 65 91
58 66 96
58 67 86
58 68 77
58 69 67
58 70 45
58 71 5
58 72 28
58 73 58
58 74 80
58 75 61
58 76 56
58 77 5
58 78 72
58 79 77
58 80 75
58 81 16
58 82 8
58 83 44
58 84 92
58 85 57
58 86 96
58 87 97
59 60 69
59 61 79
59 62 60
59 63 77
59 64 11
59 65 13
59 66 96
59 67 41
59 68 86
59 69 48
59 70 77
59 71 21
59 72 91
59 73 73
59 74 11
59 75 53
59 76 8
59 77 37
59 78 93
59 79 20
59 80 38
59 81 8
59 82 92
59 83 44
59 84 92
59 85 6
59 86 66
59 87 3
60 61 43
60 62 21
60 63 19
60 64 51
60 65 10
60 66 50
60 67 99
60 68 89
60 69 78
60 70 40
60 71 44
60 72 93
60 73 22
60 74 44
60 75 49
60 76 17
60 77 49
60 78 1
60 79 13
60 80 54
60 81 50
60 82 19
60 83 60
60 84 1
60 85 22
60 86 46
60 87 77
61 62 82
61 63 38
61 64 65
61 65 71
61 66 29
61 67 22
61 68 13
61 69 3
61 70 33
61 71 93
61 72 54
61 73 66
61 74 5
61 75 34
61 76 95
61 77 9
61 78 63
61 79 40
61 80 13
61 81 47
61 82 69
61 83 22
61 84 84
61 85 73
61 86 47
61 87 12
62 63 70
62 64 1
62 65 84
62 66 20
62 67 53
62 68 60
62 69 48
62 70 99
62 71 17
62 72 43
62 73 3
62 74 22
62 75 49
62 76 89
62 77 80
62 78 64
62 79 25
62 80 42
62 81 32
62 82 25
62 83 94
62 84 97
62 85 90
62 86 12
62 87 21
63 64 2
63 65 82
63 66 83
63 67 39
63 68 44
63 69 17
63 70 49
63 71 83
63 72 4
63 73 50
63 74 72
63 75 14
63 76 16
63 77 61
63 78 18
63 79 25
63 80 8
63 81 98
63 82 22
63 83 83
63 84 41
63 85 77
63 86 1
63 87 95
64 65 68
64 66 71
64 67 90
64 68 65
64 69 52
64 70 57
64 71 56
64 72 39
64 73 23
64 74 35
64 75 2
64 76 20
64 77 60
64 78 3
64 79 44
64 80 62
64 81 89
64 82 55
64 83 79
64 84 50
64 85 38
64 86 76
64 87 79
65 66 34
65 67 40
65 68 82
65 69 64
65 70 46
65 71 63
65 72 75
65 73 90
65 74 98
65 75 11
65 76 3
65 77 98
65 78 19
65 79 94
65 80 81
65 81 29
65 82 83
65 83 19
65 84 83
65 85 9
65 86 17
65 87 69
66 67 49
66 68 32
66 69 34
66 70 96
66 71 75
66 72 48
66 73 12
66 74 82
66 75 74
66 76 19
66 77 55
66 78 4
66 79 96
66 80 100
66 81 43
66 82 80
66 83 62
66 84 51
66 85 82
66 86 63
66 87 24
67 68 55
67 69 15
67 70 99
67 71 38
67 72 26
67 73 99
67 74 28
67 75 14
67 76 10
67 77 71
67 78 55
67 79 81
67 80 2
67 81 36
67 82 20
67 83 23
67 84 22
67 85 62
67 86 80
67 87 97
68 69 17
68 70 39
68 71 94
68 72 1
68 73 35
68 74 88
68 75 37
68 76 12
68 77 74
68 78 48
68 79 80
68 80 59
68 81 2
68 82 98
68 83 6
68 84 94
68 85 78
68 86 100
68 87 43
69 70 22
69 71 83
69 72 85
69 73 13
69 74 74
69 75 5
69 76 12
69 77 1
69 78 16
69 79 67
69 80 16
69 81 42
69 82 85
69 83 92
69 84 69
69 85 37
69 86 98
69 87 73
70 71 63
70 72 44
70 73 66
70 74 37
70 75 2
70 76 73
70 77 38
70 78 38
70 79 29
70 80 59
70 81 40
70 82 92
70 83 58
70 84 49
70 85 54
70 86 15
70 87 46
71 72 63
71 73 90
71 74 55
71 75 78
71 76 26
71 77 76
71 78 46
71 79 33
71 80 89
71 81 42
71 82 21
71 83 39
71 84 95
71 85 80
71 86 46
71 87 36
72 73 25
72 74 45
72 75 100
72 76 24
72 77 70
72 78 24
72 79 55
72 80 23
72 81 72
72 82 79
72 83 53
72 84 32
72 85 68
72 86 79
72 87 98
73 74 44
73 75 63
73 76 33
73 77 31
73 78 51
73 79 5
73 80 47
73 81 17
73 82 53
73 83 89
73 84 8
73 85 51
73 86 38
73 87 8
74 75 34
74 76 93
74 77 86
74 78 18
74 79 64
74 80 25
74 81 67
74 82 94
74 83 71
74 84 69
74 85 83
74 86 53
74 87 40
75 76 70
75 77 100
75 78 5
75 79 65
75 80 62
75 81 25
75 82 38
75 83 35
75 84 28
75 85 51
75 86 95
75 87 44
76 77 85
76 78 67
76 79 17
76 80 58
76 81 20
76 82 98
76 83 52
76 84 39
76 85 6
76 86 84
76 87 58
77 78 76
77 79 72
77 80 27
77 81 2
77 82 83
77 83 4
77 84 37
77 85 4
77 86 99
77 87 52
78 79 85
78 80 75
78 81 1
78 82 40
78 83 5
78 84 77
78 85 68
78 86 57
78 87 76
79 80 7
79 81 76
79 82 62
79 83 100
79 84 14
79 85 86
79 86 95
79 87 55
80 81 89
80 82 95
80 83 96
80 84 10
80 85 1
80 86 18
80 87 2
81 82 96
81 83 68
81 84 46
81 85 23
81 86 33
81 87 9
82 83 66
82 84 52
82 85 30
82 86 74
82 87 11
83 84 6
83 85 95
83 86 99
83 87 49
84 85 15
84 86 36
84 87 19
85 86 66
85 87 44
86 87 35
