27 351 26
1 2 37
1 3 79
1 4 7
1 5 41
1 6 59
1 7 63
1 8 41
1 9 18
1 10 4
1 11 67
1 12 39
1 13 29
1 14 75
1 15 29
1 16 24
1 17 83
1 18 53
1 19 80
1 20 12
1 21 73
1 22 77
1 23 12
1 24 60
1 25 41
1 26 89
1 27 80
2 3 70
2 4 2
2 5 62
2 6 17
2 7 94
2 8 50
2 9 79
2 10 67
2 11 74
2 12 30
2 13 31
2 14 76
2 15 80
2 16 98
2 17 87
2 18 19
2 19 4
2 20 83
2 21 22
2 22 12
2 23 85
2 24 50
2 25 7
2 26 26
2 27 54
3 4 81
3 5 26
3 6 61
3 7 89
3 8 37
3 9 30
3 10 72
3 11 41
3 12 16
3 13 37
3 14 48
3 15 32
3 16 70
3 17 52
3 18 32
3 19 9
3 20 9
3 21 12
3 22 77
3 23 98
3 24 23
3 25 13
3 26 16
3 27 15
4 5 64
4 6 14
4 7 8
4 8 93
4 9 97
4 10 30
4 11 90
4 12 16
4 13 37
4 14 47
4 15 7
4 16 57
4 17 67
4 18 5
4 19 26
4 20 85
4 21 89
4 22 83
4 23 64
4 24 47
4 25 40
4 26 93
4 27 18
5 6 50
5 7 91
5 8 24
5 9 26
5 10 14
5 11 2
5 12 43
5 13 44
5 14 66
5 15 48
5 16 54
5 17 45
5 18 84
5 19 7
5 20 66
5 21 85
5 22 89
5 23 4
5 24 34
5 25 72
5 26 50
5 27 89
6 7 78
6 8 20
6 9 35
6 10 55
6 11 17
6 12 13
6 13 32
6 14 86
6 15 52
6 16 17
6 17 2
6 18 95
6 19 9
6 20 47
6 21 88
6 22 98
6 23 12
6 24 16
6 25 48
6 26 16
6 27 97
7 8 73
7 9 99
7 10 75
7 11 27
7 12 41
7 13 65
7 14 10
7 15 61
7 16 1
7 17 26
7 18 32
7 19 50
7 20 70
7 21 94
7 22 96
7 23 51
7 24 48
7 25 47
7 26 19
7 27 89
8 9 97
8 10 39
8 11 21
8 12 98
8 13 54
8 14 92
8 15 29
8 16 21
8 17 38
8 18 61
8 19 50
8 20 42
8 21 84
8 22 27
8 23 87
8 24 44
8 25 36
8 26 55
8 27 46
9 10 58
9 11 39
9 12 81
9 13 85
9 14 51
9 15 9
9 16 91
9 17 55
9 18 45
9 19 37
9 20 85
9 21 23
9 22 46
9 23 20
9 24 30
9 25 66
9 26 82
9 27 95
10 11 65
10 12 76
10 13 95
10 14 72
10 15 46
10 16 54
10 17 56
10 18 51
10 19 81
10 20 81
10 21 38
10 22 30
10 23 42
10 24 89
10 25 78
10 26 62
10 27 82
11 12 67
11 13 91
11 14 21
11 15 22
11 16 48
11 17 58
11 18 24
11 19 35
11 20 77
11 21 30
11 22 72
11 23 60
11 24 23
11 25 10
11 26 30
11 27 6
12 13 83
12 14 3
12 15 42
12 16 97
12 17 86
12 18 42
12 19 39
12 20 60
12 21 70
12 22 5
12 23 85
12 24 76
12 25 28
12 26 88
12 27 35
13 14 66
13 15 26
13 16 55
13 17 22
13 18 83
13 19 43
13 20 87
13 21 41
13 22 64
13 23 27
13 24 59
13 25 58
13 26 51
13 27 100
14 15 36
14 16 47
14 17 78
14 18 62
14 19 82
14 20 96
14 21 64
14 22 17
14 23 40
14 24 4
14 25 35
14 26 22
14 27 49
15 16 64
15 17 83
15 18 22
15 19 73
15 20 31
15 21 10
15 22 63
15 23 89
15 24 83
15 25 39
15 26 36
15 27 7
16 17 6
16 18 2
16 19 34
16 20 45
16 21 48
16 22 7
16 23 76
16 24 58
16 25 28
16 26 100
16 27 51
17 18 86
17 19 22
17 20 36
17 21 91
17 22 93
17 23 38
17 24 61
17 25 41
17 26 33
17 27 44
18 19 87
18 20 13
18 21 68
18 22 56
18 23 40
18 24 19
18 25 99
18 26 90
18 27 96
19 20 80
19 21 12
19 22 50
19 23 58
19 24 81
19 25 50
19 26 51
19 27 77
20 21 34
20 22 97
20 23 59
20 24 14
20 25 1
20 26 17
20 27 98
21 22 86
21 23 39
21 24 20
21 25 26
21 26 46
21 27 6
22 23 82
22 24 86
22 25 87
22 26 79
22 27 78
23 24 56
23 25 33
23 26 12
23 27 99
24 25 51
24 26 48
24 27 7
25 26 24
25 27 76
26 27 15
