56 1540 55
1 2 15
1 3 31
1 4 22
1 5 94
1 6 5
1 7 93
1 8 85
1 9 40
1 10 99
1 11 51
1 12 10
1 13 47
1 14 60
1 15 77
1 16 84
1 17 42
1 18 35
1 19 43
1 20 81
1 21 78
1 22 66
1 23 12
1 24 91
1 25 100
1 26 91
1 27 43
1 28 72
1 29 88
1 30 13
1 31 18
1 32 77
1 33 97
1 34 63
1 35 4
1 36 2
1 37 56
1 38 37
1 39 59
1 40 74
1 41 24
1 42 4
1 43 60
1 44 58
1 45 38
1 46 100
1 47 94
1 48 88
1 49 64
1 50 77
1 51 57
1 52 80
1 53 83
1 54 72
1 55 67
1 56 95
2 3 93
2 4 92
2 5 21
2 6 82
2 7 50
2 8 79
2 9 10
2 10 86
2 11 33
2 12 59
2 13 27
2 14 47
2 15 5
2 16 44
2 17 95
2 18 35
2 19 64
2 20 55
2 21 98
2 22 13
2 23 9
2 24 73
2 25 25
2 26 10
2 27 52
2 28 30
2 29 74
2 30 5
2 31 49
2 32 37
2 33 42
2 34 66
2 35 98
2 36 46
2 37 56
2 38 40
2 39 92
2 40 44
2 41 41
2 42 60
2 43 47
2 44 38
2 45 32
2 46 43
2 47 31
2 48 41
2 49 39
2 50 66
2 51 54
2 52 1
2 53 91
2 54 24
2 55 53
2 56 7
3 4 68
3 5 72
3 6 95
3 7 29
3 8 41
3 9 56
3 10 59
3 11 17
3 12 60
3 13 76
3 14 39
3 15 45
3 16 50
3 17 46
3 18 22
3 19 97
3 20 32
3 21 61
3 22 25
3 23 86
3 24 59
3 25 15
3 26 16
3 27 70
3 28 65
3 29 22
3 30 73
3 31 50
3 32 52
3 33 45
3 34 56
3 35 27
3 36 73
3 37 83
3 38 34
3 39 10
3 40 41
3 41 44
3 42 40
3 43 89
3 44 78
3 45 42
3 46 30
3 47 62
3 48 42
3 49 53
3 50 33
3 51 8
3 52 23
3 53 44
3 54 71
3 55 40
3 56 96
4 5 79
4 6 80
4 7 34
4 8 61
4 9 16
4 10 19
4 11 6
4 12 86
4 13 86
4 14 71
4 15 17
4 16 88
4 17 41
4 18 62
4 19 16
4 20 48
4 21 41
4 22 3
4 23 78
4 24 78
4 25 38
4 26 56
4 27 57
4 28 49
4 29 9
4 30 75
4 31 13
4 32 23
4 33 4
4 34 41
4 35 28
4 36 84
4 37 72
4 38 34
4 39 10
4 40 27
4 41 91
4 42 42
4 43 82
4 44 11
4 45 8
4 46 100
4 47 63
4 48 1
4 49 10
4 50 22
4 51 34
4 52 39
4 53 1
4 54 93
4 55 44
4 56 31
5 6 49
5 7 30
5 8 70
5 9 99
5 10 65
5 11 10
5 12 71
5 13 20
5 14 71
5 15 50
5 16 19
5 17 55
5 18 26
5 19 25
5 20 41
5 21 49
5 22 42
5 23 19
5 24 79
5 25 20
5 26 7
5 27 36
5 28 7
5 29 52
5 30 74
5 31 60
5 32 95
5 33 32
5 34 78
5 35 23
5 36 7
5 37 51
5 38 100
5 39 75
5 40 39
5 41 57
5 42 4
5 43 86
5 44 96
5 45 35
5 46 54
5 47 74
5 48 40
5 49 22
5 50 5
5 51 81
5 52 43
5 53 58
5 54 39
5 55 26
5 56 20
6 7 12
6 8 98
6 9 63
6 10 47
6 11 28
6 12 56
6 13 5
6 14 88
6 15 17
6 16 89
6 17 97
6 18 71
6 19 2
6 20 76
6 21 40
6 22 59
6 23 86
6 24 68
6 25 26
6 26 58
6 27 53
6 28 60
6 29 54
6 30 81
6 31 11
6 32 73
6 33 69
6 34 23
6 35 2
6 36 99
6 37 87
6 38 34
6 39 85
6 40 1
6 41 58
6 42 42
6 43 44
6 44 61
6 45 38
6 46 42
6 47 12
6 48 14
6 49 15
6 50 69
6 51 20
6 52 66
6 53 37
6 54 3
6 55 3
6 56 55
7 8 23
7 9 100
7 10 64
7 11 83
7 12 39
7 13 41
7 14 60
7 15 36
7 16 85
7 17 60
7 18 54
7 19 69
7 20 45
7 21 30
7 22 59
7 23 96
7 24 95
7 25 76
7 26 19
7 27 24
7 28 18
7 29 77
7 30 100
7 31 55
7 32 37
7 33 28
7 34 46
7 35 87
7 36 9
7 37 25
7 38 68
7 39 76
7 40 9
7 41 28
7 42 98
7 43 70
7 44 17
7 45 42
7 46 75
7 47 5
7 48 2
7 49 50
7 50 54
7 51 74
7 52 47
7 53 26
7 54 89
7 55 25
7 56 25
8 9 22
8 10 65
8 11 14
8 12 29
8 13 32
8 14 71
8 15 93
8 16 30
8 17 22
8 18 88
8 19 2
8 20 85
8 21 90
8 22 91
8 23 58
8 24 1
8 25 4
8 26 58
8 27 2
8 28 81
8 29 81
8 30 63
8 31 6
8 32 24
8 33 44
8 34 57
8 35 51
8 36 23
8 37 33
8 38 93
8 39 16
8 40 72
8 41 58
8 42 6
8 43 13
8 44 96
8 45 13
8 46 39
8 47 4
8 48 60
8 49 70
8 50 85
8 51 6
8 52 32
8 53 83
8 54 31
8 55 55
8 56 100
9 10 98
9 11 71
9 12 32
9 13 56
9 14 68
9 15 13
9 16 46
9 17 94
9 18 58
9 19 68
9 20 59
9 21 51
9 22 62
9 23 4
9 24 21
9 25 73
9 26 85
9 27 61
9 28 99
9 29 88
9 30 47
9 31 81
9 32 86
9 33 67
9 34 2
9 35 94
9 36 91
9 37 23
9 38 45
9 39 78
9 40 45
9 41 41
9 42 56
9 43 76
9 44 39
9 45 15
9 46 49
9 47 47
9 48 91
9 49 37
9 50 44
9 51 75
9 52 82
9 53 98
9 54 76
9 55 8
9 56 42
10 11 72
10 12 99
10 13 73
10 14 2
10 15 59
10 16 87
10 17 30
10 18 16
10 19 100
10 20 28
10 21 2
10 22 83
10 23 19
10 24 65
10 25 86
10 26 82
10 27 69
10 28 52
10 29 85
10 30 13
10 31 38
10 32 8
10 33 20
10 34 33
10 35 68
10 36 95
10 37 21
10 38 74
10 39 50
10 40 2
10 41 41
10 42 51
10 43 85
10 44 27
10 45 29
10 46 68
10 47 65
10 48 42
10 49 8
10 50 8
10 51 34
10 52 50
10 53 29
10 54 97
10 55 50
10 56 22
11 12 84
11 13 71
11 14 6
11 15 1
11 16 48
11 17 86
11 18 62
11 19 51
11 20 43
11 21 76
11 22 28
11 23 89
11 24 12
11 25 25
11 26 96
11 27 59
11 28 28
11 29 12
11 30 96
11 31 92
11 32 44
11 33 11
11 34 87
11 35 83
11 36 16
11 37 52
11 38 78
11 39 53
11 40 42
11 41 84
11 42 63
11 43 6
11 44 31
11 45 100
11 46 80
11 47 36
11 48 35
11 49 20
11 50 34
11 51 50
11 52 2
11 53 6
11 54 61
11 55 66
11 56 36
12 13 9
12 14 26
12 15 41
12 16 88
12 17 60
12 18 8
12 19 58
12 20 21
12 21 51
12 22 20
12 23 54
12 24 80
12 25 38
12 26 6
12 27 28
12 28 89
12 29 68
12 30 76
12 31 90
12 32 53
12 33 84
12 34 12
12 35 61
12 36 32
12 37 58
12 38 28
12 39 16
12 40 56
12 41 39
12 42 76
12 43 90
12 44 99
12 45 5
12 46 30
12 47 51
12 48 17
12 49 19
12 50 39
12 51 24
12 52 56
12 53 10
12 54 57
12 55 3
12 56 55
13 14 61
13 15 95
13 16 72
13 17 71
13 18 57
13 19 3
13 20 45
13 21 63
13 22 49
13 23 36
13 24 98
13 25 65
13 26 30
13 27 50
13 28 16
13 29 80
13 30 95
13 31 70
13 32 25
13 33 28
13 34 25
13 35 69
13 36 1
13 37 80
13 38 81
13 39 19
13 40 59
13 41 68
13 42 71
13 43 75
13 44 61
13 45 26
13 46 39
13 47 5
13 48 28
13 49 8
13 50 67
13 51 75
13 52 10
13 53 42
13 54 91
13 55 20
13 56 10
14 15 33
14 16 40
14 17 21
14 18 30
14 19 39
14 20 11
14 21 73
14 22 1
14 23 92
14 24 97
14 25 84
14 26 71
14 27 55
14 28 89
14 29 25
14 30 30
14 31 32
14 32 94
14 33 75
14 34 86
14 35 14
14 36 21
14 37 65
14 38 14
14 39 69
14 40 2
14 41 97
14 42 72
14 43 99
14 44 29
14 45 80
14 46 85
14 47 23
14 48 61
14 49 82
14 50 92
14 51 83
14 52 20
14 53 17
14 54 71
14 55 99
14 56 72
15 16 42
15 17 24
15 18 82
15 19 17
15 20 42
15 21 83
15 22 35
15 23 36
15 24 95
15 25 11
15 26 40
15 27 57
15 28 20
15 29 28
15 30 96
15 31 69
15 32 26
15 33 28
15 34 74
15 35 79
15 36 98
15 37 74
15 38 37
15 39 96
15 40 87
15 41 56
15 42 89
15 43 30
15 44 74
15 45 73
15 46 98
15 47 33
15 48 78
15 49 3
15 50 93
15 51 85
15 52 15
15 53 69
15 54 98
15 55 18
15 56 5
16 17 65
16 18 5
16 19 18
16 20 61
16 21 71
16 22 83
16 23 29
16 24 2
16 25 57
16 26 42
16 27 19
16 28 27
16 29 61
16 30 66
16 31 45
16 32 67
16 33 84
16 34 28
16 35 44
16 36 15
16 37 77
16 38 78
16 39 39
16 40 54
16 41 6
16 42 33
16 43 39
16 44 87
16 45 20
16 46 26
16 47 9
16 48 17
16 49 24
16 50 81
16 51 50
16 52 79
16 53 57
16 54 34
16 55 82
16 56 70
17 18 50
17 19 23
17 20 85
17 21 83
17 22 25
17 23 39
17 24 99
17 25 46
17 26 90
17 27 17
17 28 80
17 29 4
17 30 26
17 31 100
17 32 19
17 33 98
17 34 76
17 35 79
17 36 29
17 37 25
17 38 93
17 39 20
17 40 6
17 41 26
17 42 50
17 43 68
17 44 33
17 45 51
17 46 81
17 47 41
17 48 77
17 49 42
17 50 44
17 51 43
17 52 34
17 53 17
17 54 36
17 55 23
17 56 49
18 19 55
18 20 2
18 21 9
18 22 35
18 23 6
18 24 80
18 25 31
18 26 16
18 27 49
18 28 64
18 29 41
18 30 89
18 31 61
18 32 85
18 33 82
18 34 99
18 35 69
18 36 11
18 37 49
18 38 61
18 39 43
18 40 54
18 41 75
18 42 95
18 43 56
18 44 74
18 45 14
18 46 70
18 47 76
18 48 28
18 49 12
18 50 69
18 51 58
18 52 52
18 53 33
18 54 44
18 55 94
18 56 82
19 20 50
19 21 43
19 22 100
19 23 65
19 24 83
19 25 5
19 26 17
19 27 78
19 28 85
19 29 54
19 30 39
19 31 96
19 32 8
19 33 82
19 34 81
19 35 36
19 36 39
19 37 25
19 38 98
19 39 71
19 40 3
19 41 10
19 42 87
19 43 99
19 44 72
19 45 9
19 46 95
19 47 50
19 48 37
19 49 24
19 50 43
19 51 20
19 52 47
19 53 43
19 54 61
19 55 29
19 56 42
20 21 93
20 22 13
20 23 19
20 24 82
20 25 62
20 26 86
20 27 14
20 28 64
20 29 99
20 30 54
20 31 86
20 32 69
20 33 68
20 34 56
20 35 20
20 36 49
20 37 15
20 38 42
20 39 33
20 40 31
20 41 13
20 42 14
20 43 40
20 44 2
20 45 6
20 46 25
20 47 17
20 48 9
20 49 64
20 50 47
20 51 93
20 52 65
20 53 85
20 54 60
20 55 11
20 56 32
21 22 16
21 23 8
21 24 1
21 25 35
21 26 34
21 27 31
21 28 100
21 29 99
21 30 20
21 31 73
21 32 25
21 33 75
21 34 45
21 35 95
21 36 21
21 37 39
21 38 12
21 39 79
21 40 96
21 41 30
21 42 100
21 43 62
21 44 84
21 45 60
21 46 27
21 47 37
21 48 19
21 49 31
21 50 79
21 51 11
21 52 76
21 53 53
21 54 64
21 55 67
21 56 3
22 23 61
22 24 38
22 25 63
22 26 50
22 27 38
22 28 61
22 29 69
22 30 82
22 31 79
22 32 39
22 33 35
22 34 10
22 35 44
22 36 67
22 37 92
22 38 1
22 39 24
22 40 61
22 41 83
22 42 60
22 43 34
22 44 42
22 45 83
22 46 62
22 47 73
22 48 41
22 49 72
22 50 84
22 51 96
22 52 1
22 53 48
22 54 51
22 55 24
22 56 98
23 24 18
23 25 23
23 26 82
23 27 94
23 28 99
23 29 58
23 30 98
23 31 91
23 32 94
23 33 10
23 34 76
23 35 83
23 36 41
23 37 28
23 38 69
23 39 94
23 40 73
23 41 56
23 42 70
23 43 2
23 44 93
23 45 24
23 46 12
23 47 94
23 48 93
23 49 52
23 50 78
23 51 1
23 52 39
23 53 46
23 54 99
23 55 72
23 56 63
24 25 10
24 26 45
24 27 7
24 28 84
24 29 63
24 30 56
24 31 94
24 32 29
24 33 57
24 34 30
24 35 61
24 36 24
24 37 86
24 38 98
24 39 57
24 40 28
24 41 38
24 42 42
24 43 17
24 44 85
24 45 50
24 46 49
24 47 32
24 48 7
24 49 79
24 50 92
24 51 6
24 52 7
24 53 88
24 54 61
24 55 38
24 56 78
25 26 70
25 27 33
25 28 59
25 29 60
25 30 9
25 31 66
25 32 60
25 33 73
25 34 24
25 35 5
25 36 5
25 37 35
25 38 76
25 39 40
25 40 73
25 41 4
25 42 1
25 43 10
25 44 18
25 45 43
25 46 25
25 47 79
25 48 22
25 49 91
25 50 95
25 51 28
25 52 15
25 53 92
25 54 69
25 55 87
25 56 59
26 27 79
26 28 79
26 29 21
26 30 31
26 31 74
26 32 94
26 33 16
26 34 86
26 35 30
26 36 6
26 37 69
26 38 71
26 39 80
26 40 78
26 41 16
26 42 82
26 43 89
26 44 15
26 45 79
26 46 13
26 47 86
26 48 53
26 49 19
26 50 26
26 51 61
26 52 97
26 53 80
26 54 91
26 55 93
26 56 71
27 28 9
27 29 75
27 30 39
27 31 28
27 32 59
27 33 80
27 34 7
27 35 30
27 36 7
27 37 49
27 38 97
27 39 43
27 40 1
27 41 56
27 42 90
27 43 50
27 44 28
27 45 14
27 46 61
27 47 9
27 48 35
27 49 39
27 50 56
27 51 40
27 52 12
27 53 51
27 54 36
27 55 52
27 56 32
28 29 42
28 30 76
28 31 41
28 32 54
28 33 37
28 34 55
28 35 81
28 36 39
28 37 6
28 38 10
28 39 24
28 40 75
28 41 88
28 42 90
28 43 98
28 44 55
28 45 64
28 46 23
28 47 20
28 48 52
28 49 73
28 50 45
28 51 39
28 52 93
28 53 100
28 54 31
28 55 60
28 56 11
29 30 66
29 31 7
29 32 63
29 33 32
29 34 1
29 35 38
29 36 58
29 37 22
29 38 73
29 39 34
29 40 44
29 41 2
29 42 99
29 43 1
29 44 89
29 45 13
29 46 44
29 47 46
29 48 40
29 49 61
29 50 79
29 51 74
29 52 49
29 53 29
29 54 8
29 55 35
29 56 3
30 31 83
30 32 97
30 33 52
30 34 53
30 35 85
30 36 5
30 37 86
30 38 74
30 39 33
30 40 10
30 41 59
30 42 69
30 43 56
30 44 85
30 45 25
30 46 29
30 47 77
30 48 75
30 49 28
30 50 46
30 51 41
30 52 73
30 53 38
30 54 18
30 55 26
30 56 98
31 32 6
31 33 27
31 34 61
31 35 70
31 36 88
31 37 36
31 38 32
31 39 5
31 40 3
31 41 70
31 42 50
31 43 17
31 44 99
31 45 29
31 46 21
31 47 32
31 48 15
31 49 14
31 50 96
31 51 13
31 52 9
31 53 68
31 54 19
31 55 35
31 56 85
32 33 35
32 34 35
32 35 67
32 36 45
32 37 60
32 38 61
32 39 21
32 40 21
32 41 70
32 42 93
32 43 83
32 44 56
32 45 3
32 46 90
32 47 63
32 48 82
32 49 88
32 50 85
32 51 55
32 52 57
32 53 73
32 54 8
32 55 56
32 56 12
33 34 93
33 35 54
33 36 93
33 37 45
33 38 78
33 39 83
33 40 42
33 41 54
33 42 85
33 43 91
33 44 77
33 45 11
33 46 24
33 47 88
33 48 32
33 49 72
33 50 41
33 51 75
33 52 73
33 53 41
33 54 48
33 55 4
33 56 22
34 35 48
34 36 83
34 37 37
34 38 20
34 39 89
34 40 2
34 41 29
34 42 98
34 43 65
34 44 26
34 45 66
34 46 63
34 47 10
34 48 6
34 49 7
34 50 36
34 51 81
34 52 16
34 53 2
34 54 3
34 55 15
34 56 45
35 36 75
35 37 78
35 38 71
35 39 17
35 40 51
35 41 50
35 42 91
35 43 41
35 44 76
35 45 3
35 46 48
35 47 20
35 48 40
35 49 98
35 50 38
35 51 32
35 52 72
35 53 67
35 54 67
35 55 7
35 56 17
36 37 42
36 38 28
36 39 36
36 40 90
36 41 8
36 42 42
36 43 58
36 44 36
36 45 53
36 46 24
36 47 24
36 48 26
36 49 33
36 50 82
36 51 25
36 52 35
36 53 38
36 54 70
36 55 87
36 56 85
37 38 21
37 39 70
37 40 71
37 41 89
37 42 85
37 43 4
37 44 27
37 45 32
37 46 36
37 47 30
37 48 26
37 49 29
37 50 58
37 51 11
37 52 50
37 53 75
37 54 51
37 55 28
37 56 45
38 39 37
38 40 39
38 41 61
38 42 16
38 43 25
38 44 70
38 45 78
38 46 44
38 47 74
38 48 79
38 49 53
38 50 31
38 51 7
38 52 57
38 53 87
38 54 95
38 55 100
38 56 9
39 40 51
39 41 17
39 42 20
39 43 26
39 44 7
39 45 23
39 46 83
39 47 17
39 48 37
39 49 49
39 50 3
39 51 58
39 52 57
39 53 9
39 54 48
39 55 13
39 56 77
40 41 27
40 42 39
40 43 97
40 44 98
40 45 20
40 46 72
40 47 54
40 48 37
40 49 32
40 50 75
40 51 48
40 52 92
40 53 32
40 54 7
40 55 68
40 56 63
41 42 56
41 43 75
41 44 42
41 45 58
41 46 89
41 47 83
41 48 100
41 49 70
41 50 2
41 51 68
41 52 35
41 53 74
41 54 26
41 55 55
41 56 92
42 43 49
42 44 94
42 45 28
42 46 58
42 47 28
42 48 42
42 49 36
42 50 47
42 51 22
42 52 16
42 53 96
42 54 4
42 55 62
42 56 67
43 44 34
43 45 39
43 46 17
43 47 43
43 48 68
43 49 10
43 50 83
43 51 85
43 52 68
43 53 61
43 54 30
43 55 63
43 56 87
44 45 3
44 46 46
44 47 44
44 48 51
44 49 76
44 50 5
44 51 19
44 52 57
44 53 100
44 54 32
44 55 13
44 56 84
45 46 69
45 47 18
45 48 22
45 49 29
45 50 27
45 51 32
45 52 82
45 53 3
45 54 15
45 55 87
45 56 100
46 47 69
46 48 87
46 49 90
46 50 83
46 51 20
46 52 87
46 53 38
46 54 68
46 55 30
46 56 41
47 48 25
47 49 39
47 50 84
47 51 82
47 52 47
47 53 3
47 54 96
47 55 18
47 56 80
48 49 69
48 50 4
48 51 27
48 52 17
48 53 84
48 54 56
48 55 66
48 56 21
49 50 54
49 51 61
49 52 69
49 53 15
49 54 100
49 55 60
49 56 15
50 51 18
50 52 14
50 53 13
50 54 65
50 55 96
50 56 27
51 52 48
51 53 92
51 54 50
51 55 52
51 56 55
52 53 41
52 54 63
52 55 10
52 56 26
53 54 4
53 55 24
53 56 54
54 55 62
54 56 61
55 56 90
