22 231 21
1 2 42
1 3 93
1 4 59
1 5 5
1 6 62
1 7 52
1 8 90
1 9 64
1 10 29
1 11 73
1 12 1
1 13 10
1 14 15
1 15 98
1 16 22
1 17 23
1 18 86
1 19 58
1 20 71
1 21 70
1 22 34
2 3 67
2 4 41
2 5 91
2 6 79
2 7 68
2 8 61
2 9 73
2 10 18
2 11 90
2 12 16
2 13 88
2 14 67
2 15 60
2 16 22
2 17 55
2 18 14
2 19 52
2 20 60
2 21 24
2 22 54
3 4 50
3 5 59
3 6 20
3 7 28
3 8 5
3 9 35
3 10 51
3 11 47
3 12 31
3 13 26
3 14 95
3 15 77
3 16 86
3 17 28
3 18 8
3 19 50
3 20 47
3 21 21
3 22 24
4 5 94
4 6 17
4 7 73
4 8 11
4 9 99
4 10 16
4 11 64
4 12 14
4 13 35
4 14 57
4 15 51
4 16 91
4 17 77
4 18 86
4 19 31
4 20 69
4 21 1
4 22 7
5 6 48
5 7 72
5 8 42
5 9 69
5 10 61
5 11 13
5 12 75
5 13 40
5 14 87
5 15 55
5 16 68
5 17 84
5 18 22
5 19 31
5 20 61
5 21 54
5 22 26
6 7 65
6 8 58
6 9 39
6 10 12
6 11 64
6 12 62
6 13 86
6 14 59
6 15 8
6 16 32
6 17 5
6 18 34
6 19 58
6 20 41
6 21 16
6 22 79
7 8 34
7 9 93
7 10 87
7 11 29
7 12 37
7 13 73
7 14 84
7 15 30
7 16 52
7 17 87
7 18 18
7 19 93
7 20 27
7 21 32
7 22 25
8 9 28
8 10 20
8 11 28
8 12 87
8 13 9
8 14 84
8 15 54
8 16 77
8 17 89
8 18 67
8 19 53
8 20 74
8 21 54
8 22 51
9 10 75
9 11 61
9 12 76
9 13 62
9 14 48
9 15 36
9 16 66
9 17 64
9 18 72
9 19 6
9 20 71
9 21 81
9 22 68
10 11 62
10 12 96
10 13 23
10 14 91
10 15 47
10 16 99
10 17 32
10 18 79
10 19 30
10 20 39
10 21 12
10 22 50
11 12 13
11 13 17
11 14 85
11 15 72
11 16 12
11 17 1
11 18 48
11 19 39
11 20 25
11 21 26
11 22 26
12 13 56
12 14 1
12 15 47
12 16 63
12 17 71
12 18 71
12 19 77
12 20 12
12 21 72
12 22 33
13 14 18
13 15 82
13 16 38
13 17 5
13 18 96
13 19 39
13 20 50
13 21 68
13 22 31
14 15 59
14 16 5
14 17 73
14 18 99
14 19 37
14 20 41
14 21 20
14 22 28
15 16 76
15 17 89
15 18 79
15 19 89
15 20 49
15 21 50
15 22 94
16 17 49
16 18 11
16 19 87
16 20 34
16 21 18
16 22 36
17 18 97
17 19 91
17 20 7
17 21 44
17 22 34
18 19 52
18 20 67
18 21 75
18 22 27
19 20 8
19 21 56
19 22 41
20 21 39
20 22 44
21 22 38
