101 5050 100
1 2 100
1 3 81
1 4 99
1 5 57
1 6 76
1 7 57
1 8 21
1 9 88
1 10 57
1 11 88
1 12 34
1 13 82
1 14 38
1 15 35
1 16 51
1 17 33
1 18 66
1 19 70
1 20 61
1 21 34
1 22 73
1 23 86
1 24 13
1 25 40
1 26 8
1 27 28
1 28 66
1 29 75
1 30 53
1 31 29
1 32 64
1 33 60
1 34 89
1 35 93
1 36 33
1 37 17
1 38 46
1 39 40
1 40 78
1 41 100
1 42 93
1 43 39
1 44 31
1 45 43
1 46 74
1 47 83
1 48 33
1 49 9
1 50 88
1 51 57
1 52 85
1 53 74
1 54 12
1 55 8
1 56 58
1 57 96
1 58 55
1 59 54
1 60 5
1 61 60
1 62 29
1 63 41
1 64 14
1 65 9
1 66 19
1 67 9
1 68 80
1 69 86
1 70 23
1 71 91
1 72 25
1 73 98
1 74 36
1 75 15
1 76 80
1 77 41
1 78 36
1 79 9
1 80 32
1 81 16
1 82 47
1 83 21
1 84 4
1 85 99
1 86 69
1 87 81
1 88 76
1 89 70
1 90 52
1 91 98
1 92 70
1 93 76
1 94 78
1 95 63
1 96 17
1 97 41
1 98 93
1 99 42
1 100 65
1 101 100
2 3 77
2 4 51
2 5 54
2 6 68
2 7 7
2 8 29
2 9 53
2 10 84
2 11 79
2 12 58
2 13 18
2 14 96
2 15 57
2 16 84
2 17 91
2 18 83
2 19 31
2 20 85
2 21 15
2 22 96
2 23 87
2 24 81
2 25 83
2 26 4
2 27 65
2 28 96
2 29 50
2 30 65
2 31 8
2 32 65
2 33 32
2 34 92
2 35 84
2 36 10
2 37 60
2 38 31
2 39 73
2 40 30
2 41 55
2 42 64
2 43 74
2 44 5
2 45 75
2 46 43
2 47 61
2 48 1
2 49 38
2 50 51
2 51 92
2 52 31
2 53 71
2 54 32
2 55 72
2 56 68
2 57 94
2 58 1
2 59 9
2 60 80
2 61 5
2 62 81
2 63 8
2 64 15
2 65 93
2 66 48
2 67 81
2 68 39
2 69 11
2 70 50
2 71 13
2 72 56
2 73 96
2 74 21
2 75 81
2 76 12
2 77 71
2 78 30
2 79 8
2 80 60
2 81 90
2 82 89
2 83 66
2 84 2
2 85 77
2 86 55
2 87 76
2 88 80
2 89 74
2 90 32
2 91 64
2 92 9
2 93 38
2 94 5
2 95 55
2 96 47
2 97 35
2 98 53
2 99 6
2 100 34
2 101 99
3 4 66
3 5 5
3 6 54
3 7 9
3 8 96
3 9 92
3 10 8
3 11 20
3 12 70
3 13 97
3 14 33
3 15 53
3 16 69
3 17 33
3 18 90
3 19 26
3 20 84
3 21 72
3 22 92
3 23 68
3 24 13
3 25 52
3 26 85
3 27 70
3 28 97
3 29 37
3 30 22
3 31 14
3 32 7
3 33 9
3 34 20
3 35 85
3 36 77
3 37 43
3 38 22
3 39 28
3 40 44
3 41 93
3 42 46
3 43 82
3 44 18
3 45 76
3 46 98
3 47 11
3 48 47
3 49 59
3 50 53
3 51 14
3 52 6
3 53 26
3 54 88
3 55 80
3 56 21
3 57 9
3 58 52
3 59 69
3 60 64
3 61 82
3 62 37
3 63 25
3 64 54
3 65 15
3 66 18
3 67 28
3 68 16
3 69 13
3 70 71
3 71 7
3 72 98
3 73 41
3 74 9
3 75 43
3 76 4
3 77 89
3 78 60
3 79 40
3 80 93
3 81 77
3 82 39
3 83 17
3 84 13
3 85 30
3 86 80
3 87 96
3 88 97
3 89 48
3 90 6
3 91 14
3 92 77
3 93 63
3 94 100
3 95 80
3 96 59
3 97 17
3 98 11
3 99 90
3 100 86
3 101 33
4 5 17
4 6 75
4 7 42
4 8 28
4 9 43
4 10 49
4 11 86
4 12 65
4 13 75
4 14 46
4 15 18
4 16 38
4 17 100
4 18 80
4 19 78
4 20 3
4 21 92
4 22 6
4 23 17
4 24 71
4 25 65
4 26 89
4 27 75
4 28 98
4 29 35
4 30 7
4 31 17
4 32 88
4 33 76
4 34 42
4 35 16
4 36 61
4 37 16
4 38 54
4 39 18
4 40 26
4 41 83
4 42 37
4 43 9
4 44 49
4 45 91
4 46 99
4 47 85
4 48 69
4 49 61
4 50 41
4 51 53
4 52 100
4 53 84
4 54 54
4 55 24
4 56 9
4 57 40
4 58 3
4 59 97
4 60 82
4 61 6
4 62 62
4 63 71
4 64 38
4 65 4
4 66 61
4 67 5
4 68 95
4 69 14
4 70 46
4 71 31
4 72 15
4 73 71
4 74 86
4 75 1
4 76 1
4 77 2
4 78 50
4 79 81
4 80 89
4 81 36
4 82 12
4 83 98
4 84 90
4 85 60
4 86 73
4 87 35
4 88 89
4 89 73
4 90 99
4 91 49
4 92 71
4 93 55
4 94 55
4 95 12
4 96 88
4 97 42
4 98 17
4 99 1
4 100 13
4 101 4
5 6 97
5 7 77
5 8 73
5 9 65
5 10 31
5 11 21
5 12 95
5 13 87
5 14 59
5 15 71
5 16 41
5 17 7
5 18 28
5 19 63
5 20 18
5 21 88
5 22 50
5 23 55
5 24 11
5 25 81
5 26 53
5 27 59
5 28 3
5 29 86
5 30 22
5 31 93
5 32 74
5 33 28
5 34 81
5 35 80
5 36 67
5 37 35
5 38 13
5 39 57
5 40 89
5 41 96
5 42 14
5 43 52
5 44 13
5 45 72
5 46 8
5 47 87
5 48 22
5 49 92
5 50 45
5 51 77
5 52 38
5 53 62
5 54 97
5 55 14
5 56 26
5 57 89
5 58 32
5 59 58
5 60 65
5 61 93
5 62 38
5 63 74
5 64 92
5 65 64
5 66 6
5 67 76
5 68 94
5 69 79
5 70 53
5 71 97
5 72 98
5 73 35
5 74 79
5 75 75
5 76 27
5 77 20
5 78 16
5 79 25
5 80 83
5 81 56
5 82 92
5 83 47
5 84 39
5 85 50
5 86 96
5 87 10
5 88 62
5 89 71
5 90 57
5 91 61
5 92 53
5 93 4
5 94 68
5 95 18
5 96 67
5 97 83
5 98 1
5 99 85
5 100 43
5 101 100
6 7 85
6 8 98
6 9 30
6 10 100
6 11 4
6 12 72
6 13 46
6 14 96
6 15 88
6 16 73
6 17 98
6 18 32
6 19 49
6 20 14
6 21 48
6 22 16
6 23 4
6 24 14
6 25 95
6 26 45
6 27 76
6 28 17
6 29 85
6 30 78
6 31 4
6 32 53
6 33 69
6 34 63
6 35 100
6 36 57
6 37 75
6 38 44
6 39 71
6 40 3
6 41 82
6 42 97
6 43 47
6 44 96
6 45 96
6 46 87
6 47 65
6 48 79
6 49 42
6 50 57
6 51 51
6 52 44
6 53 16
6 54 55
6 55 58
6 56 18
6 57 99
6 58 16
6 59 80
6 60 10
6 61 1
6 62 73
6 63 10
6 64 75
6 65 20
6 66 74
6 67 75
6 68 85
6 69 6
6 70 96
6 71 88
6 72 41
6 73 78
6 74 6
6 75 45
6 76 95
6 77 58
6 78 13
6 79 40
6 80 33
6 81 98
6 82 18
6 83 78
6 84 42
6 85 95
6 86 42
6 87 58
6 88 14
6 89 40
6 90 66
6 91 82
6 92 6
6 93 10
6 94 33
6 95 37
6 96 26
6 97 37
6 98 24
6 99 96
6 100 2
6 101 49
7 8 58
7 9 92
7 10 23
7 11 25
7 12 28
7 13 28
7 14 41
7 15 2
7 16 44
7 17 90
7 18 67
7 19 72
7 20 40
7 21 83
7 22 57
7 23 62
7 24 59
7 25 5
7 26 73
7 27 83
7 28 74
7 29 11
7 30 46
7 31 74
7 32 44
7 33 11
7 34 23
7 35 71
7 36 96
7 37 49
7 38 29
7 39 49
7 40 99
7 41 6
7 42 96
7 43 15
7 44 84
7 45 31
7 46 98
7 47 33
7 48 41
7 49 48
7 50 74
7 51 35
7 52 14
7 53 80
7 54 40
7 55 41
7 56 34
7 57 73
7 58 53
7 59 63
7 60 88
7 61 51
7 62 29
7 63 82
7 64 38
7 65 91
7 66 94
7 67 89
7 68 15
7 69 63
7 70 51
7 71 28
7 72 99
7 73 63
7 74 96
7 75 4
7 76 7
7 77 23
7 78 16
7 79 68
7 80 40
7 81 37
7 82 46
7 83 43
7 84 26
7 85 19
7 86 33
7 87 6
7 88 72
7 89 36
7 90 74
7 91 39
7 92 88
7 93 5
7 94 5
7 95 97
7 96 40
7 97 70
7 98 40
7 99 54
7 100 80
7 101 52
8 9 20
8 10 53
8 11 48
8 12 32
8 13 42
8 14 64
8 15 76
8 16 99
8 17 92
8 18 67
8 19 18
8 20 5
8 21 42
8 22 55
8 23 97
8 24 61
8 25 16
8 26 27
8 27 98
8 28 68
8 29 22
8 30 65
8 31 34
8 32 41
8 33 96
8 34 4
8 35 41
8 36 29
8 37 73
8 38 85
8 39 35
8 40 70
8 41 42
8 42 67
8 43 8
8 44 70
8 45 30
8 46 23
8 47 84
8 48 92
8 49 20
8 50 56
8 51 6
8 52 17
8 53 100
8 54 34
8 55 63
8 56 10
8 57 79
8 58 33
8 59 36
8 60 8
8 61 20
8 62 70
8 63 45
8 64 62
8 65 57
8 66 23
8 67 8
8 68 64
8 69 11
8 70 55
8 71 10
8 72 2
8 73 52
8 74 25
8 75 44
8 76 63
8 77 97
8 78 89
8 79 1
8 80 66
8 81 41
8 82 27
8 83 29
8 84 66
8 85 71
8 86 81
8 87 98
8 88 30
8 89 21
8 90 55
8 91 47
8 92 21
8 93 81
8 94 23
8 95 62
8 96 60
8 97 81
8 98 9
8 99 70
8 100 6
8 101 94
9 10 40
9 11 42
9 12 1
9 13 85
9 14 11
9 15 52
9 16 87
9 17 23
9 18 97
9 19 5
9 20 74
9 21 92
9 22 4
9 23 79
9 24 47
9 25 77
9 26 80
9 27 40
9 28 61
9 29 96
9 30 11
9 31 97
9 32 92
9 33 91
9 34 98
9 35 38
9 36 78
9 37 38
9 38 74
9 39 70
9 40 47
9 41 47
9 42 45
9 43 6
9 44 5
9 45 6
9 46 99
9 47 90
9 48 14
9 49 41
9 50 13
9 51 8
9 52 8
9 53 76
9 54 35
9 55 48
9 56 8
9 57 31
9 58 11
9 59 51
9 60 24
9 61 10
9 62 22
9 63 70
9 64 60
9 65 98
9 66 39
9 67 20
9 68 24
9 69 57
9 70 28
9 71 87
9 72 93
9 73 23
9 74 69
9 75 58
9 76 33
9 77 92
9 78 33
9 79 40
9 80 75
9 81 62
9 82 9
9 83 84
9 84 1
9 85 62
9 86 2
9 87 73
9 88 81
9 89 54
9 90 76
9 91 15
9 92 33
9 93 79
9 94 84
9 95 25
9 96 68
9 97 24
9 98 19
9 99 88
9 100 53
9 101 23
10 11 38
10 12 47
10 13 2
10 14 76
10 15 68
10 16 7
10 17 71
10 18 39
10 19 45
10 20 39
10 21 78
10 22 25
10 23 72
10 24 52
10 25 14
10 26 88
10 27 85
10 28 38
10 29 36
10 30 56
10 31 19
10 32 69
10 33 22
10 34 43
10 35 63
10 36 92
10 37 88
10 38 86
10 39 24
10 40 33
10 41 8
10 42 73
10 43 50
10 44 97
10 45 50
10 46 91
10 47 93
10 48 64
10 49 67
10 50 83
10 51 19
10 52 35
10 53 2
10 54 25
10 55 14
10 56 40
10 57 86
10 58 64
10 59 29
10 60 39
10 61 34
10 62 42
10 63 42
10 64 31
10 65 17
10 66 28
10 67 19
10 68 90
10 69 68
10 70 91
10 71 83
10 72 92
10 73 90
10 74 71
10 75 60
10 76 97
10 77 87
10 78 13
10 79 87
10 80 88
10 81 72
10 82 18
10 83 66
10 84 75
10 85 33
10 86 90
10 87 42
10 88 14
10 89 72
10 90 73
10 91 48
10 92 20
10 93 100
10 94 78
10 95 68
10 96 93
10 97 96
10 98 28
10 99 46
10 100 49
10 101 11
11 12 92
11 13 70
11 14 1
11 15 18
11 16 19
11 17 8
11 18 78
11 19 52
11 20 56
11 21 1
11 22 7
11 23 75
11 24 51
11 25 99
11 26 63
11 27 28
11 28 69
11 29 79
11 30 52
11 31 97
11 32 79
11 33 16
11 34 37
11 35 25
11 36 73
11 37 65
11 38 88
11 39 99
11 40 69
11 41 26
11 42 82
11 43 69
11 44 67
11 45 14
11 46 11
11 47 27
11 48 65
11 49 21
11 50 100
11 51 75
11 52 92
11 53 56
11 54 32
11 55 30
11 56 91
11 57 74
11 58 24
11 59 71
11 60 75
11 61 39
11 62 86
11 63 54
11 64 1
11 65 83
11 66 21
11 67 51
11 68 21
11 69 21
11 70 9
11 71 44
11 72 84
11 73 65
11 74 16
11 75 23
11 76 15
11 77 27
11 78 99
11 79 31
11 80 74
11 81 24
11 82 83
11 83 84
11 84 20
11 85 36
11 86 33
11 87 44
11 88 78
11 89 27
11 90 47
11 91 77
11 92 64
11 93 26
11 94 29
11 95 97
11 96 21
11 97 67
11 98 41
11 99 98
11 100 81
11 101 68
12 13 81
12 14 98
12 15 100
12 16 67
12 17 25
12 18 62
12 19 22
12 20 81
12 21 100
12 22 94
12 23 82
12 24 19
12 25 87
12 26 31
12 27 2
12 28 79
12 29 9
12 30 3
12 31 10
12 32 47
12 33 15
12 34 36
12 35 40
12 36 48
12 37 35
12 38 62
12 39 39
12 40 31
12 41 2
12 42 78
12 43 54
12 44 76
12 45 93
12 46 93
12 47 36
12 48 71
12 49 56
12 50 30
12 51 2
12 52 30
12 53 30
12 54 13
12 55 89
12 56 51
12 57 51
12 58 40
12 59 57
12 60 1
12 61 72
12 62 55
12 63 75
12 64 56
12 65 66
12 66 23
12 67 59
12 68 87
12 69 84
12 70 44
12 71 13
12 72 57
12 73 73
12 74 63
12 75 30
12 76 33
12 77 34
12 78 81
12 79 32
12 80 3
12 81 77
12 82 27
12 83 99
12 84 36
12 85 1
12 86 58
12 87 78
12 88 26
12 89 20
12 90 89
12 91 93
12 92 35
12 93 97
12 94 57
12 95 78
12 96 21
12 97 46
12 98 78
12 99 75
12 100 48
12 101 4
13 14 56
13 15 10
13 16 65
13 17 39
13 18 91
13 19 43
13 20 54
13 21 22
13 22 89
13 23 90
13 24 84
13 25 52
13 26 63
13 27 95
13 28 21
13 29 91
13 30 49
13 31 47
13 32 77
13 33 83
13 34 14
13 35 96
13 36 64
13 37 19
13 38 75
13 39 25
13 40 18
13 41 54
13 42 66
13 43 84
13 44 43
13 45 9
13 46 16
13 47 68
13 48 32
13 49 63
13 50 89
13 51 19
13 52 69
13 53 96
13 54 26
13 55 72
13 56 80
13 57 16
13 58 80
13 59 85
13 60 90
13 61 12
13 62 98
13 63 98
13 64 78
13 65 72
13 66 91
13 67 22
13 68 17
13 69 24
13 70 98
13 71 68
13 72 47
13 73 93
13 74 15
13 75 35
13 76 91
13 77 33
13 78 68
13 79 5
13 80 60
13 81 23
13 82 68
13 83 34
13 84 46
13 85 37
13 86 84
13 87 61
13 88 41
13 89 18
13 90 13
13 91 32
13 92 1
13 93 29
13 94 30
13 95 80
13 96 12
13 97 81
13 98 45
13 99 82
13 100 70
13 101 21
14 15 90
14 16 67
14 17 85
14 18 64
14 19 99
14 20 99
14 21 7
14 22 13
14 23 41
14 24 88
14 25 64
14 26 10
14 27 38
14 28 28
14 29 4
14 30 14
14 31 21
14 32 20
14 33 11
14 34 57
14 35 34
14 36 90
14 37 72
14 38 92
14 39 42
14 40 22
14 41 85
14 42 29
14 43 36
14 44 52
14 45 30
14 46 17
14 47 31
14 48 61
14 49 88
14 50 86
14 51 64
14 52 36
14 53 44
14 54 52
14 55 61
14 56 83
14 57 66
14 58 69
14 59 75
14 60 87
14 61 65
14 62 40
14 63 55
14 64 7
14 65 86
14 66 94
14 67 93
14 68 75
14 69 13
14 70 41
14 71 91
14 72 49
14 73 5
14 74 84
14 75 20
14 76 11
14 77 16
14 78 16
14 79 79
14 80 62
14 81 47
14 82 49
14 83 3
14 84 64
14 85 30
14 86 82
14 87 53
14 88 55
14 89 49
14 90 51
14 91 24
14 92 81
14 93 75
14 94 38
14 95 34
14 96 10
14 97 56
14 98 91
14 99 84
14 100 94
14 101 84
15 16 29
15 17 30
15 18 28
15 19 59
15 20 95
15 21 11
15 22 33
15 23 78
15 24 100
15 25 27
15 26 83
15 27 71
15 28 98
15 29 94
15 30 94
15 31 14
15 32 86
15 33 15
15 34 35
15 35 40
15 36 82
15 37 80
15 38 97
15 39 7
15 40 55
15 41 16
15 42 87
15 43 80
15 44 72
15 45 9
15 46 15
15 47 8
15 48 82
15 49 87
15 50 23
15 51 39
15 52 90
15 53 49
15 54 1
15 55 21
15 56 97
15 57 81
15 58 24
15 59 4
15 60 12
15 61 99
15 62 12
15 63 73
15 64 95
15 65 79
15 66 53
15 67 97
15 68 60
15 69 30
15 70 67
15 71 77
15 72 25
15 73 19
15 74 39
15 75 67
15 76 84
15 77 83
15 78 3
15 79 83
15 80 18
15 81 100
15 82 20
15 83 70
15 84 1
15 85 35
15 86 86
15 87 56
15 88 85
15 89 81
15 90 38
15 91 12
15 92 9
15 93 36
15 94 15
15 95 76
15 96 35
15 97 44
15 98 61
15 99 89
15 100 73
15 101 81
16 17 19
16 18 14
16 19 42
16 20 97
16 21 85
16 22 2
16 23 18
16 24 84
16 25 4
16 26 25
16 27 49
16 28 62
16 29 84
16 30 95
16 31 39
16 32 44
16 33 24
16 34 30
16 35 51
16 36 11
16 37 61
16 38 97
16 39 76
16 40 23
16 41 24
16 42 93
16 43 28
16 44 78
16 45 82
16 46 4
16 47 35
16 48 3
16 49 26
16 50 80
16 51 86
16 52 81
16 53 26
16 54 17
16 55 10
16 56 12
16 57 76
16 58 58
16 59 88
16 60 5
16 61 94
16 62 12
16 63 60
16 64 9
16 65 94
16 66 75
16 67 10
16 68 85
16 69 30
16 70 38
16 71 67
16 72 39
16 73 50
16 74 94
16 75 68
16 76 64
16 77 64
16 78 99
16 79 8
16 80 87
16 81 26
16 82 84
16 83 32
16 84 35
16 85 53
16 86 78
16 87 49
16 88 69
16 89 74
16 90 23
16 91 45
16 92 60
16 93 54
16 94 79
16 95 33
16 96 48
16 97 1
16 98 39
16 99 29
16 100 15
16 101 47
17 18 44
17 19 19
17 20 76
17 21 83
17 22 25
17 23 94
17 24 80
17 25 50
17 26 30
17 27 28
17 28 83
17 29 76
17 30 83
17 31 85
17 32 86
17 33 35
17 34 52
17 35 28
17 36 27
17 37 39
17 38 41
17 39 47
17 40 1
17 41 84
17 42 39
17 43 25
17 44 49
17 45 34
17 46 78
17 47 67
17 48 52
17 49 38
17 50 76
17 51 21
17 52 50
17 53 78
17 54 16
17 55 100
17 56 94
17 57 10
17 58 30
17 59 47
17 60 30
17 61 14
17 62 32
17 63 40
17 64 23
17 65 42
17 66 27
17 67 92
17 68 90
17 69 33
17 70 65
17 71 66
17 72 96
17 73 35
17 74 20
17 75 25
17 76 75
17 77 25
17 78 63
17 79 82
17 80 88
17 81 46
17 82 98
17 83 45
17 84 58
17 85 38
17 86 57
17 87 44
17 88 33
17 89 37
17 90 79
17 91 33
17 92 77
17 93 41
17 94 40
17 95 5
17 96 88
17 97 25
17 98 83
17 99 92
17 100 76
17 101 58
18 19 32
18 20 40
18 21 41
18 22 51
18 23 77
18 24 46
18 25 18
18 26 49
18 27 96
18 28 17
18 29 19
18 30 60
18 31 59
18 32 66
18 33 1
18 34 51
18 35 97
18 36 42
18 37 15
18 38 49
18 39 84
18 40 72
18 41 12
18 42 74
18 43 14
18 44 15
18 45 80
18 46 35
18 47 57
18 48 86
18 49 61
18 50 48
18 51 44
18 52 91
18 53 20
18 54 86
18 55 23
18 56 3
18 57 60
18 58 81
18 59 42
18 60 29
18 61 1
18 62 1
18 63 53
18 64 34
18 65 44
18 66 35
18 67 86
18 68 24
18 69 22
18 70 63
18 71 60
18 72 42
18 73 50
18 74 34
18 75 39
18 76 13
18 77 75
18 78 42
18 79 30
18 80 46
18 81 92
18 82 13
18 83 26
18 84 80
18 85 13
18 86 38
18 87 59
18 88 61
18 89 96
18 90 13
18 91 5
18 92 22
18 93 12
18 94 70
18 95 85
18 96 68
18 97 34
18 98 9
18 99 70
18 100 5
18 101 35
19 20 62
19 21 64
19 22 53
19 23 7
19 24 30
19 25 34
19 26 12
19 27 6
19 28 64
19 29 80
19 30 61
19 31 93
19 32 23
19 33 8
19 34 38
19 35 44
19 36 84
19 37 72
19 38 73
19 39 16
19 40 39
19 41 17
19 42 39
19 43 36
19 44 81
19 45 82
19 46 18
19 47 76
19 48 3
19 49 94
19 50 8
19 51 87
19 52 25
19 53 98
19 54 30
19 55 62
19 56 47
19 57 23
19 58 2
19 59 48
19 60 7
19 61 86
19 62 34
19 63 56
19 64 49
19 65 63
19 66 95
19 67 80
19 68 91
19 69 32
19 70 42
19 71 69
19 72 54
19 73 38
19 74 24
19 75 53
19 76 33
19 77 18
19 78 94
19 79 56
19 80 54
19 81 40
19 82 5
19 83 10
19 84 24
19 85 5
19 86 77
19 87 86
19 88 30
19 89 79
19 90 72
19 91 88
19 92 67
19 93 4
19 94 6
19 95 84
19 96 45
19 97 24
19 98 54
19 99 85
19 100 52
19 101 63
20 21 25
20 22 31
20 23 98
20 24 98
20 25 89
20 26 83
20 27 88
20 28 60
20 29 16
20 30 65
20 31 65
20 32 21
20 33 16
20 34 1
20 35 18
20 36 5
20 37 4
20 38 8
20 39 15
20 40 44
20 41 53
20 42 84
20 43 54
20 44 36
20 45 92
20 46 3
20 47 45
20 48 38
20 49 37
20 50 60
20 51 26
20 52 15
20 53 32
20 54 98
20 55 96
20 56 5
20 57 42
20 58 32
20 59 69
20 60 3
20 61 77
20 62 56
20 63 88
20 64 10
20 65 17
20 66 22
20 67 29
20 68 40
20 69 9
20 70 90
20 71 86
20 72 64
20 73 71
20 74 30
20 75 60
20 76 77
20 77 36
20 78 90
20 79 52
20 80 69
20 81 63
20 82 54
20 83 8
20 84 28
20 85 94
20 86 44
20 87 9
20 88 86
20 89 6
20 90 78
20 91 69
20 92 7
20 93 41
20 94 30
20 95 47
20 96 41
20 97 41
20 98 12
20 99 22
20 100 62
20 101 49
21 22 72
21 23 54
21 24 92
21 25 75
21 26 82
21 27 85
21 28 59
21 29 27
21 30 32
21 31 19
21 32 26
21 33 11
21 34 93
21 35 73
21 36 83
21 37 71
21 38 95
21 39 2
21 40 70
21 41 30
21 42 21
21 43 34
21 44 88
21 45 1
21 46 2
21 47 74
21 48 41
21 49 21
21 50 7
21 51 71
21 52 95
21 53 43
21 54 100
21 55 78
21 56 99
21 57 88
21 58 62
21 59 24
21 60 54
21 61 22
21 62 23
21 63 71
21 64 94
21 65 62
21 66 63
21 67 58
21 68 38
21 69 59
21 70 11
21 71 45
21 72 21
21 73 97
21 74 62
21 75 9
21 76 51
21 77 19
21 78 35
21 79 88
21 80 18
21 81 14
21 82 65
21 83 17
21 84 76
21 85 80
21 86 38
21 87 24
21 88 58
21 89 48
21 90 54
21 91 81
21 92 11
21 93 91
21 94 79
21 95 48
21 96 64
21 97 86
21 98 70
21 99 69
21 100 31
21 101 64
22 23 41
22 24 89
22 25 10
22 26 11
22 27 27
22 28 98
22 29 62
22 30 10
22 31 8
22 32 18
22 33 4
22 34 5
22 35 57
22 36 67
22 37 62
22 38 77
22 39 80
22 40 36
22 41 71
22 42 98
22 43 34
22 44 91
22 45 69
22 46 1
22 47 7
22 48 79
22 49 65
22 50 44
22 51 9
22 52 24
22 53 26
22 54 99
22 55 29
22 56 10
22 57 29
22 58 73
22 59 94
22 60 61
22 61 52
22 62 66
22 63 31
22 64 88
22 65 53
22 66 10
22 67 10
22 68 46
22 69 8
22 70 2
22 71 75
22 72 88
22 73 35
22 74 57
22 75 49
22 76 96
22 77 4
22 78 100
22 79 18
22 80 89
22 81 96
22 82 41
22 83 32
22 84 88
22 85 68
22 86 76
22 87 83
22 88 80
22 89 76
22 90 70
22 91 14
22 92 64
22 93 17
22 94 69
22 95 31
22 96 43
22 97 36
22 98 76
22 99 44
22 100 75
22 101 74
23 24 70
23 25 46
23 26 100
23 27 17
23 28 97
23 29 20
23 30 52
23 31 27
23 32 87
23 33 60
23 34 76
23 35 70
23 36 59
23 37 48
23 38 44
23 39 54
23 40 63
23 41 71
23 42 36
23 43 67
23 44 3
23 45 74
23 46 43
23 47 47
23 48 90
23 49 91
23 50 7
23 51 97
23 52 91
23 53 39
23 54 84
23 55 48
23 56 7
23 57 87
23 58 49
23 59 70
23 60 19
23 61 76
23 62 46
23 63 82
23 64 43
23 65 42
23 66 39
23 67 36
23 68 88
23 69 54
23 70 43
23 71 3
23 72 60
23 73 75
23 74 94
23 75 50
23 76 73
23 77 30
23 78 22
23 79 66
23 80 48
23 81 91
23 82 74
23 83 28
23 84 83
23 85 59
23 86 31
23 87 25
23 88 61
23 89 34
23 90 12
23 91 88
23 92 61
23 93 12
23 94 51
23 95 58
23 96 34
23 97 66
23 98 53
23 99 83
23 100 16
23 101 79
24 25 50
24 26 72
24 27 21
24 28 52
24 29 92
24 30 1
24 31 88
24 32 13
24 33 77
24 34 58
24 35 47
24 36 41
24 37 68
24 38 30
24 39 51
24 40 38
24 41 46
24 42 80
24 43 71
24 44 65
24 45 3
24 46 18
24 47 90
24 48 81
24 49 11
24 50 19
24 51 94
24 52 40
24 53 4
24 54 86
24 55 68
24 56 72
24 57 27
24 58 62
24 59 69
24 60 57
24 61 91
24 62 48
24 63 71
24 64 39
24 65 63
24 66 70
24 67 2
24 68 17
24 69 60
24 70 8
24 71 42
24 72 34
24 73 87
24 74 39
24 75 21
24 76 4
24 77 82
24 78 13
24 79 37
24 80 39
24 81 68
24 82 65
24 83 65
24 84 20
24 85 8
24 86 1
24 87 99
24 88 59
24 89 97
24 90 61
24 91 25
24 92 38
24 93 13
24 94 32
24 95 11
24 96 74
24 97 67
24 98 91
24 99 51
24 100 32
24 101 50
25 26 64
25 27 44
25 28 39
25 29 69
25 30 9
25 31 55
25 32 18
25 33 19
25 34 64
25 35 42
25 36 10
25 37 9
25 38 27
25 39 17
25 40 30
25 41 8
25 42 66
25 43 61
25 44 1
25 45 91
25 46 29
25 47 89
25 48 66
25 49 83
25 50 11
25 51 64
25 52 28
25 53 9
25 54 9
25 55 51
25 56 14
25 57 90
25 58 87
25 59 98
25 60 53
25 61 21
25 62 21
25 63 58
25 64 99
25 65 76
25 66 92
25 67 76
25 68 16
25 69 61
25 70 23
25 71 47
25 72 93
25 73 100
25 74 58
25 75 31
25 76 48
25 77 68
25 78 25
25 79 3
25 80 22
25 81 8
25 82 19
25 83 79
25 84 24
25 85 94
25 86 22
25 87 73
25 88 60
25 89 19
25 90 13
25 91 60
25 92 45
25 93 66
25 94 49
25 95 20
25 96 85
25 97 82
25 98 50
25 99 95
25 100 85
25 101 79
26 27 37
26 28 56
26 29 3
26 30 38
26 31 26
26 32 58
26 33 31
26 34 44
26 35 17
26 36 96
26 37 79
26 38 77
26 39 81
26 40 10
26 41 47
26 42 52
26 43 78
26 44 79
26 45 62
26 46 30
26 47 57
26 48 29
26 49 31
26 50 89
26 51 40
26 52 51
26 53 35
26 54 57
26 55 97
26 56 4
26 57 35
26 58 82
26 59 75
26 60 15
26 61 68
26 62 59
26 63 80
26 64 60
26 65 78
26 66 60
26 67 24
26 68 93
26 69 81
26 70 42
26 71 20
26 72 77
26 73 14
26 74 3
26 75 90
26 76 100
26 77 35
26 78 8
26 79 5
26 80 97
26 81 8
26 82 23
26 83 42
26 84 67
26 85 69
26 86 60
26 87 3
26 88 80
26 89 76
26 90 2
26 91 67
26 92 27
26 93 95
26 94 35
26 95 45
26 96 16
26 97 71
26 98 2
26 99 59
26 100 34
26 101 4
27 28 57
27 29 69
27 30 42
27 31 100
27 32 74
27 33 25
27 34 10
27 35 14
27 36 4
27 37 46
27 38 82
27 39 50
27 40 34
27 41 46
27 42 73
27 43 13
27 44 12
27 45 89
27 46 19
27 47 17
27 48 81
27 49 22
27 50 21
27 51 6
27 52 86
27 53 61
27 54 54
27 55 3
27 56 43
27 57 89
27 58 11
27 59 42
27 60 39
27 61 65
27 62 84
27 63 71
27 64 69
27 65 14
27 66 32
27 67 60
27 68 90
27 69 55
27 70 38
27 71 25
27 72 76
27 73 70
27 74 81
27 75 87
27 76 75
27 77 61
27 78 85
27 79 12
27 80 52
27 81 53
27 82 94
27 83 100
27 84 20
27 85 100
27 86 69
27 87 50
27 88 62
27 89 23
27 90 52
27 91 52
27 92 51
27 93 94
27 94 77
27 95 91
27 96 81
27 97 22
27 98 55
27 99 10
27 100 42
27 101 62
28 29 93
28 30 31
28 31 24
28 32 39
28 33 88
28 34 62
28 35 96
28 36 1
28 37 19
28 38 16
28 39 28
28 40 41
28 41 70
28 42 20
28 43 81
28 44 99
28 45 19
28 46 90
28 47 8
28 48 37
28 49 34
28 50 36
28 51 69
28 52 44
28 53 77
28 54 87
28 55 18
28 56 24
28 57 34
28 58 54
28 59 92
28 60 88
28 61 48
28 62 10
28 63 42
28 64 4
28 65 14
28 66 73
28 67 26
28 68 50
28 69 32
28 70 26
28 71 90
28 72 54
28 73 10
28 74 58
28 75 28
28 76 35
28 77 26
28 78 26
28 79 84
28 80 89
28 81 28
28 82 71
28 83 76
28 84 88
28 85 46
28 86 23
28 87 85
28 88 76
28 89 35
28 90 83
28 91 60
28 92 83
28 93 44
28 94 57
28 95 20
28 96 76
28 97 16
28 98 31
28 99 70
28 100 31
28 101 35
29 30 16
29 31 88
29 32 53
29 33 39
29 34 55
29 35 49
29 36 66
29 37 42
29 38 10
29 39 60
29 40 76
29 41 93
29 42 17
29 43 77
29 44 37
29 45 23
29 46 17
29 47 3
29 48 89
29 49 34
29 50 30
29 51 68
29 52 7
29 53 45
29 54 29
29 55 63
29 56 43
29 57 21
29 58 63
29 59 45
29 60 10
29 61 48
29 62 97
29 63 70
29 64 41
29 65 52
29 66 50
29 67 29
29 68 50
29 69 98
29 70 32
29 71 83
29 72 45
29 73 26
29 74 6
29 75 90
29 76 27
29 77 35
29 78 93
29 79 82
29 80 72
29 81 75
29 82 90
29 83 25
29 84 55
29 85 74
29 86 48
29 87 77
29 88 39
29 89 48
29 90 28
29 91 91
29 92 37
29 93 91
29 94 66
29 95 57
29 96 60
29 97 11
29 98 9
29 99 77
29 100 94
29 101 84
30 31 76
30 32 58
30 33 14
30 34 92
30 35 49
30 36 22
30 37 22
30 38 17
30 39 61
30 40 68
30 41 42
30 42 25
30 43 51
30 44 7
30 45 57
30 46 3
30 47 10
30 48 60
30 49 95
30 50 61
30 51 15
30 52 94
30 53 69
30 54 15
30 55 17
30 56 2
30 57 31
30 58 85
30 59 78
30 60 28
30 61 83
30 62 55
30 63 33
30 64 20
30 65 23
30 66 7
30 67 33
30 68 59
30 69 73
30 70 39
30 71 21
30 72 43
30 73 77
30 74 90
30 75 8
30 76 83
30 77 62
30 78 69
30 79 92
30 80 82
30 81 14
30 82 8
30 83 29
30 84 58
30 85 58
30 86 21
30 87 19
30 88 11
30 89 63
30 90 13
30 91 13
30 92 66
30 93 5
30 94 44
30 95 43
30 96 49
30 97 2
30 98 69
30 99 64
30 100 99
30 101 16
31 32 57
31 33 35
31 34 75
31 35 51
31 36 51
31 37 32
31 38 27
31 39 82
31 40 80
31 41 55
31 42 7
31 43 6
31 44 87
31 45 50
31 46 18
31 47 14
31 48 20
31 49 66
31 50 4
31 51 15
31 52 48
31 53 42
31 54 90
31 55 30
31 56 39
31 57 13
31 58 55
31 59 59
31 60 98
31 61 66
31 62 37
31 63 48
31 64 99
31 65 38
31 66 90
31 67 28
31 68 20
31 69 23
31 70 26
31 71 81
31 72 48
31 73 5
31 74 96
31 75 1
31 76 98
31 77 14
31 78 78
31 79 62
31 80 62
31 81 2
31 82 18
31 83 19
31 84 1
31 85 52
31 86 28
31 87 7
31 88 66
31 89 54
31 90 3
31 91 67
31 92 75
31 93 6
31 94 38
31 95 37
31 96 82
31 97 45
31 98 97
31 99 10
31 100 40
31 101 33
32 33 28
32 34 76
32 35 13
32 36 28
32 37 60
32 38 26
32 39 11
32 40 11
32 41 4
32 42 71
32 43 22
32 44 12
32 45 57
32 46 9
32 47 99
32 48 84
32 49 40
32 50 56
32 51 28
32 52 41
32 53 7
32 54 39
32 55 72
32 56 58
32 57 74
32 58 87
32 59 21
32 60 53
32 61 16
32 62 9
32 63 43
32 64 60
32 65 70
32 66 67
32 67 52
32 68 77
32 69 50
32 70 56
32 71 81
32 72 9
32 73 3
32 74 20
32 75 88
32 76 88
32 77 26
32 78 49
32 79 89
32 80 24
32 81 52
32 82 41
32 83 86
32 84 64
32 85 95
32 86 74
32 87 72
32 88 47
32 89 68
32 90 70
32 91 28
32 92 71
32 93 82
32 94 47
32 95 48
32 96 24
32 97 47
32 98 6
32 99 51
32 100 81
32 101 24
33 34 29
33 35 22
33 36 66
33 37 88
33 38 99
33 39 7
33 40 71
33 41 8
33 42 66
33 43 33
33 44 20
33 45 8
33 46 26
33 47 13
33 48 30
33 49 36
33 50 87
33 51 14
33 52 6
33 53 39
33 54 12
33 55 4
33 56 30
33 57 31
33 58 31
33 59 22
33 60 6
33 61 87
33 62 51
33 63 34
33 64 51
33 65 11
33 66 79
33 67 27
33 68 56
33 69 67
33 70 85
33 71 61
33 72 1
33 73 77
33 74 35
33 75 2
33 76 49
33 77 9
33 78 16
33 79 87
33 80 100
33 81 91
33 82 36
33 83 96
33 84 25
33 85 87
33 86 73
33 87 77
33 88 34
33 89 41
33 90 62
33 91 75
33 92 1
33 93 48
33 94 89
33 95 7
33 96 84
33 97 60
33 98 10
33 99 7
33 100 2
33 101 24
34 35 84
34 36 38
34 37 19
34 38 5
34 39 75
34 40 2
34 41 29
34 42 21
34 43 46
34 44 94
34 45 87
34 46 23
34 47 82
34 48 93
34 49 57
34 50 90
34 51 86
34 52 37
34 53 2
34 54 78
34 55 21
34 56 14
34 57 68
34 58 34
34 59 2
34 60 43
34 61 35
34 62 53
34 63 58
34 64 25
34 65 8
34 66 23
34 67 80
34 68 84
34 69 71
34 70 60
34 71 26
34 72 66
34 73 22
34 74 58
34 75 89
34 76 72
34 77 65
34 78 70
34 79 35
34 80 4
34 81 7
34 82 33
34 83 91
34 84 38
34 85 37
34 86 46
34 87 66
34 88 74
34 89 82
34 90 98
34 91 81
34 92 78
34 93 74
34 94 63
34 95 91
34 96 36
34 97 90
34 98 23
34 99 90
34 100 70
34 101 69
35 36 66
35 37 87
35 38 30
35 39 55
35 40 75
35 41 17
35 42 42
35 43 54
35 44 45
35 45 13
35 46 95
35 47 96
35 48 38
35 49 53
35 50 29
35 51 2
35 52 53
35 53 3
35 54 9
35 55 51
35 56 95
35 57 81
35 58 86
35 59 54
35 60 20
35 61 46
35 62 49
35 63 20
35 64 23
35 65 23
35 66 98
35 67 21
35 68 81
35 69 73
35 70 29
35 71 79
35 72 17
35 73 100
35 74 93
35 75 26
35 76 4
35 77 25
35 78 82
35 79 61
35 80 37
35 81 3
35 82 15
35 83 22
35 84 85
35 85 48
35 86 22
35 87 65
35 88 48
35 89 34
35 90 29
35 91 44
35 92 2
35 93 94
35 94 69
35 95 64
35 96 53
35 97 56
35 98 85
35 99 72
35 100 53
35 101 6
36 37 96
36 38 20
36 39 80
36 40 9
36 41 95
36 42 12
36 43 2
36 44 25
36 45 59
36 46 59
36 47 35
36 48 25
36 49 100
36 50 31
36 51 39
36 52 60
36 53 95
36 54 60
36 55 96
36 56 57
36 57 82
36 58 59
36 59 16
36 60 5
36 61 79
36 62 75
36 63 82
36 64 62
36 65 3
36 66 42
36 67 74
36 68 79
36 69 14
36 70 12
36 71 22
36 72 12
36 73 46
36 74 75
36 75 28
36 76 4
36 77 12
36 78 69
36 79 74
36 80 43
36 81 98
36 82 21
36 83 21
36 84 18
36 85 74
36 86 25
36 87 62
36 88 31
36 89 61
36 90 37
36 91 98
36 92 51
36 93 75
36 94 24
36 95 1
36 96 85
36 97 50
36 98 8
36 99 98
36 100 5
36 101 36
37 38 30
37 39 1
37 40 26
37 41 54
37 42 77
37 43 38
37 44 75
37 45 59
37 46 77
37 47 15
37 48 28
37 49 40
37 50 61
37 51 15
37 52 68
37 53 58
37 54 50
37 55 40
37 56 55
37 57 35
37 58 38
37 59 59
37 60 3
37 61 25
37 62 4
37 63 26
37 64 84
37 65 99
37 66 46
37 67 6
37 68 4
37 69 12
37 70 77
37 71 9
37 72 58
37 73 71
37 74 21
37 75 18
37 76 69
37 77 56
37 78 86
37 79 44
37 80 72
37 81 70
37 82 21
37 83 82
37 84 20
37 85 85
37 86 64
37 87 17
37 88 85
37 89 69
37 90 3
37 91 14
37 92 16
37 93 11
37 94 70
37 95 52
37 96 72
37 97 79
37 98 90
37 99 58
37 100 30
37 101 10
38 39 96
38 40 56
38 41 49
38 42 24
38 43 48
38 44 27
38 45 53
38 46 40
38 47 48
38 48 90
38 49 12
38 50 25
38 51 48
38 52 43
38 53 88
38 54 48
38 55 100
38 56 13
38 57 81
38 58 67
38 59 87
38 60 5
38 61 82
38 62 80
38 63 37
38 64 91
38 65 59
38 66 3
38 67 86
38 68 16
38 69 46
38 70 45
38 71 96
38 72 90
38 73 81
38 74 69
38 75 39
38 76 28
38 77 91
38 78 23
38 79 26
38 80 74
38 81 4
38 82 94
38 83 73
38 84 48
38 85 75
38 86 75
38 87 67
38 88 69
38 89 34
38 90 50
38 91 49
38 92 52
38 93 63
38 94 22
38 95 87
38 96 16
38 97 18
38 98 76
38 99 95
38 100 40
38 101 97
39 40 43
39 41 76
39 42 41
39 43 2
39 44 37
39 45 3
39 46 3
39 47 95
39 48 88
39 49 35
39 50 1
39 51 6
39 52 48
39 53 31
39 54 45
39 55 33
39 56 24
39 57 90
39 58 38
39 59 31
39 60 77
39 61 85
39 62 21
39 63 33
39 64 21
39 65 74
39 66 60
39 67 11
39 68 44
39 69 72
39 70 48
39 71 87
39 72 19
39 73 61
39 74 10
39 75 70
39 76 96
39 77 91
39 78 40
39 79 2
39 80 62
39 81 27
39 82 89
39 83 24
39 84 2
39 85 54
39 86 27
39 87 28
39 88 92
39 89 27
39 90 63
39 91 100
39 92 83
39 93 14
39 94 35
39 95 10
39 96 65
39 97 89
39 98 62
39 99 51
39 100 6
39 101 69
40 41 18
40 42 89
40 43 54
40 44 58
40 45 65
40 46 67
40 47 82
40 48 84
40 49 74
40 50 93
40 51 89
40 52 39
40 53 14
40 54 90
40 55 52
40 56 88
40 57 81
40 58 90
40 59 59
40 60 37
40 61 68
40 62 1
40 63 82
40 64 66
40 65 61
40 66 47
40 67 99
40 68 50
40 69 48
40 70 1
40 71 58
40 72 71
40 73 31
40 74 71
40 75 74
40 76 52
40 77 74
40 78 72
40 79 25
40 80 48
40 81 64
40 82 32
40 83 3
40 84 34
40 85 44
40 86 49
40 87 83
40 88 92
40 89 38
40 90 58
40 91 69
40 92 83
40 93 38
40 94 82
40 95 6
40 96 89
40 97 45
40 98 1
40 99 71
40 100 60
40 101 22
41 42 79
41 43 52
41 44 15
41 45 80
41 46 64
41 47 57
41 48 11
41 49 33
41 50 85
41 51 7
41 52 62
41 53 20
41 54 34
41 55 28
41 56 79
41 57 95
41 58 39
41 59 87
41 60 27
41 61 94
41 62 14
41 63 45
41 64 71
41 65 11
41 66 82
41 67 7
41 68 10
41 69 7
41 70 78
41 71 19
41 72 82
41 73 89
41 74 62
41 75 61
41 76 65
41 77 79
41 78 7
41 79 68
41 80 98
41 81 96
41 82 61
41 83 5
41 84 93
41 85 52
41 86 36
41 87 39
41 88 70
41 89 66
41 90 86
41 91 2
41 92 5
41 93 22
41 94 59
41 95 44
41 96 89
41 97 99
41 98 55
41 99 28
41 100 92
41 101 8
42 43 60
42 44 85
42 45 82
42 46 93
42 47 74
42 48 12
42 49 38
42 50 58
42 51 3
42 52 44
42 53 7
42 54 78
42 55 76
42 56 49
42 57 95
42 58 84
42 59 15
42 60 93
42 61 50
42 62 50
42 63 43
42 64 40
42 65 94
42 66 1
42 67 21
42 68 25
42 69 19
42 70 58
42 71 70
42 72 47
42 73 86
42 74 9
42 75 80
42 76 41
42 77 94
42 78 98
42 79 64
42 80 48
42 81 3
42 82 45
42 83 100
42 84 2
42 85 51
42 86 58
42 87 21
42 88 33
42 89 33
42 90 69
42 91 14
42 92 23
42 93 34
42 94 63
42 95 6
42 96 40
42 97 28
42 98 56
42 99 47
42 100 58
42 101 47
43 44 16
43 45 73
43 46 40
43 47 15
43 48 15
43 49 22
43 50 54
43 51 49
43 52 47
43 53 54
43 54 21
43 55 26
43 56 40
43 57 73
43 58 88
43 59 19
43 60 12
43 61 26
43 62 89
43 63 20
43 64 84
43 65 93
43 66 37
43 67 55
43 68 2
43 69 7
43 70 74
43 71 48
43 72 86
43 73 49
43 74 23
43 75 53
43 76 68
43 77 62
43 78 14
43 79 75
43 80 81
43 81 79
43 82 97
43 83 30
43 84 100
43 85 93
43 86 66
43 87 92
43 88 70
43 89 94
43 90 84
43 91 66
43 92 23
43 93 28
43 94 61
43 95 84
43 96 27
43 97 41
43 98 100
43 99 2
43 100 86
43 101 80
44 45 99
44 46 64
44 47 18
44 48 70
44 49 91
44 50 38
44 51 98
44 52 100
44 53 2
44 54 87
44 55 75
44 56 97
44 57 5
44 58 76
44 59 93
44 60 69
44 61 78
44 62 57
44 63 33
44 64 93
44 65 79
44 66 91
44 67 35
44 68 24
44 69 78
44 70 78
44 71 9
44 72 32
44 73 89
44 74 94
44 75 36
44 76 8
44 77 17
44 78 41
44 79 76
44 80 43
44 81 18
44 82 52
44 83 19
44 84 55
44 85 16
44 86 34
44 87 15
44 88 88
44 89 59
44 90 21
44 91 71
44 92 83
44 93 5
44 94 55
44 95 60
44 96 83
44 97 31
44 98 17
44 99 1
44 100 2
44 101 28
45 46 12
45 47 33
45 48 90
45 49 93
45 50 86
45 51 25
45 52 91
45 53 74
45 54 91
45 55 42
45 56 73
45 57 16
45 58 16
45 59 29
45 60 55
45 61 95
45 62 65
45 63 49
45 64 57
45 65 48
45 66 83
45 67 67
45 68 6
45 69 67
45 70 18
45 71 45
45 72 36
45 73 24
45 74 99
45 75 96
45 76 15
45 77 59
45 78 25
45 79 17
45 80 19
45 81 45
45 82 69
45 83 74
45 84 2
45 85 83
45 86 7
45 87 83
45 88 78
45 89 5
45 90 42
45 91 100
45 92 58
45 93 7
45 94 1
45 95 25
45 96 21
45 97 66
45 98 89
45 99 76
45 100 74
45 101 97
46 47 65
46 48 77
46 49 69
46 50 10
46 51 71
46 52 73
46 53 65
46 54 84
46 55 96
46 56 89
46 57 14
46 58 10
46 59 49
46 60 2
46 61 81
46 62 56
46 63 29
46 64 6
46 65 37
46 66 23
46 67 57
46 68 15
46 69 25
46 70 46
46 71 15
46 72 36
46 73 59
46 74 59
46 75 63
46 76 31
46 77 77
46 78 7
46 79 25
46 80 57
46 81 93
46 82 48
46 83 19
46 84 7
46 85 54
46 86 18
46 87 29
46 88 61
46 89 52
46 90 39
46 91 78
46 92 52
46 93 34
46 94 26
46 95 25
46 96 73
46 97 83
46 98 27
46 99 29
46 100 58
46 101 58
47 48 44
47 49 36
47 50 86
47 51 21
47 52 23
47 53 5
47 54 40
47 55 33
47 56 1
47 57 92
47 58 52
47 59 57
47 60 87
47 61 75
47 62 36
47 63 23
47 64 8
47 65 39
47 66 54
47 67 56
47 68 48
47 69 94
47 70 65
47 71 40
47 72 99
47 73 73
47 74 95
47 75 74
47 76 82
47 77 2
47 78 70
47 79 77
47 80 19
47 81 13
47 82 15
47 83 41
47 84 32
47 85 83
47 86 4
47 87 50
47 88 74
47 89 58
47 90 27
47 91 64
47 92 72
47 93 34
47 94 41
47 95 17
47 96 5
47 97 79
47 98 26
47 99 12
47 100 59
47 101 81
48 49 17
48 50 13
48 51 68
48 52 73
48 53 57
48 54 84
48 55 31
48 56 51
48 57 55
48 58 84
48 59 14
48 60 15
48 61 10
48 62 70
48 63 66
48 64 4
48 65 19
48 66 54
48 67 58
48 68 55
48 69 5
48 70 11
48 71 72
48 72 48
48 73 31
48 74 89
48 75 61
48 76 11
48 77 61
48 78 32
48 79 9
48 80 28
48 81 16
48 82 11
48 83 34
48 84 28
48 85 23
48 86 25
48 87 47
48 88 79
48 89 28
48 90 55
48 91 2
48 92 86
48 93 10
48 94 80
48 95 14
48 96 37
48 97 54
48 98 40
48 99 95
48 100 31
48 101 48
49 50 80
49 51 85
49 52 100
49 53 25
49 54 32
49 55 11
49 56 30
49 57 82
49 58 79
49 59 91
49 60 66
49 61 4
49 62 33
49 63 22
49 64 67
49 65 48
49 66 57
49 67 98
49 68 100
49 69 96
49 70 24
49 71 89
49 72 25
49 73 17
49 74 18
49 75 41
49 76 84
49 77 63
49 78 32
49 79 83
49 80 17
49 81 47
49 82 77
49 83 2
49 84 82
49 85 6
49 86 90
49 87 9
49 88 14
49 89 35
49 90 4
49 91 79
49 92 85
49 93 79
49 94 100
49 95 20
49 96 80
49 97 44
49 98 51
49 99 25
49 100 98
49 101 59
50 51 79
50 52 58
50 53 50
50 54 54
50 55 43
50 56 67
50 57 72
50 58 33
50 59 99
50 60 33
50 61 5
50 62 47
50 63 10
50 64 40
50 65 31
50 66 93
50 67 5
50 68 35
50 69 82
50 70 41
50 71 98
50 72 62
50 73 16
50 74 45
50 75 63
50 76 50
50 77 30
50 78 87
50 79 44
50 80 47
50 81 65
50 82 61
50 83 12
50 84 84
50 85 71
50 86 39
50 87 96
50 88 17
50 89 1
50 90 93
50 91 98
50 92 84
50 93 96
50 94 94
50 95 16
50 96 84
50 97 25
50 98 95
50 99 4
50 100 57
50 101 35
51 52 31
51 53 100
51 54 73
51 55 15
51 56 82
51 57 87
51 58 13
51 59 79
51 60 12
51 61 84
51 62 5
51 63 91
51 64 94
51 65 39
51 66 36
51 67 37
51 68 92
51 69 83
51 70 39
51 71 25
51 72 15
51 73 31
51 74 51
51 75 77
51 76 41
51 77 91
51 78 29
51 79 8
51 80 20
51 81 84
51 82 13
51 83 63
51 84 21
51 85 51
51 86 59
51 87 78
51 88 92
51 89 90
51 90 88
51 91 3
51 92 68
51 93 65
51 94 54
51 95 88
51 96 21
51 97 70
51 98 17
51 99 59
51 100 33
51 101 90
52 53 58
52 54 72
52 55 73
52 56 89
52 57 14
52 58 47
52 59 86
52 60 71
52 61 65
52 62 81
52 63 57
52 64 7
52 65 68
52 66 14
52 67 63
52 68 76
52 69 44
52 70 89
52 71 16
52 72 51
52 73 46
52 74 3
52 75 56
52 76 42
52 77 63
52 78 47
52 79 11
52 80 73
52 81 10
52 82 87
52 83 69
52 84 39
52 85 12
52 86 92
52 87 29
52 88 25
52 89 7
52 90 61
52 91 46
52 92 88
52 93 60
52 94 60
52 95 79
52 96 54
52 97 6
52 98 41
52 99 1
52 100 33
52 101 100
53 54 55
53 55 1
53 56 9
53 57 39
53 58 26
53 59 17
53 60 10
53 61 27
53 62 48
53 63 71
53 64 54
53 65 19
53 66 61
53 67 86
53 68 13
53 69 85
53 70 62
53 71 22
53 72 87
53 73 46
53 74 2
53 75 93
53 76 80
53 77 16
53 78 86
53 79 16
53 80 31
53 81 55
53 82 42
53 83 76
53 84 89
53 85 66
53 86 42
53 87 84
53 88 37
53 89 100
53 90 92
53 91 70
53 92 50
53 93 96
53 94 42
53 95 87
53 96 83
53 97 6
53 98 46
53 99 85
53 100 52
53 101 8
54 55 62
54 56 39
54 57 33
54 58 86
54 59 45
54 60 17
54 61 58
54 62 4
54 63 58
54 64 87
54 65 4
54 66 31
54 67 5
54 68 43
54 69 45
54 70 71
54 71 34
54 72 13
54 73 76
54 74 74
54 75 84
54 76 45
54 77 63
54 78 18
54 79 86
54 80 16
54 81 28
54 82 7
54 83 100
54 84 11
54 85 73
54 86 33
54 87 35
54 88 99
54 89 27
54 90 84
54 91 93
54 92 92
54 93 59
54 94 44
54 95 82
54 96 9
54 97 21
54 98 14
54 99 16
54 100 22
54 101 30
55 56 58
55 57 90
55 58 60
55 59 21
55 60 59
55 61 74
55 62 6
55 63 31
55 64 6
55 65 24
55 66 60
55 67 45
55 68 34
55 69 30
55 70 13
55 71 17
55 72 10
55 73 29
55 74 21
55 75 23
55 76 64
55 77 40
55 78 14
55 79 34
55 80 16
55 81 9
55 82 98
55 83 38
55 84 77
55 85 86
55 86 43
55 87 38
55 88 15
55 89 5
55 90 51
55 91 22
55 92 70
55 93 93
55 94 57
55 95 90
55 96 28
55 97 8
55 98 51
55 99 90
55 100 33
55 101 65
56 57 60
56 58 46
56 59 7
56 60 68
56 61 80
56 62 66
56 63 85
56 64 10
56 65 53
56 66 23
56 67 69
56 68 27
56 69 33
56 70 4
56 71 33
56 72 17
56 73 18
56 74 83
56 75 73
56 76 8
56 77 93
56 78 17
56 79 34
56 80 95
56 81 24
56 82 66
56 83 81
56 84 75
56 85 32
56 86 92
56 87 37
56 88 49
56 89 90
56 90 96
56 91 96
56 92 69
56 93 47
56 94 16
56 95 58
56 96 35
56 97 74
56 98 88
56 99 23
56 100 100
56 101 58
57 58 95
57 59 78
57 60 59
57 61 14
57 62 87
57 63 20
57 64 28
57 65 67
57 66 91
57 67 32
57 68 54
57 69 74
57 70 8
57 71 92
57 72 36
57 73 68
57 74 36
57 75 9
57 76 66
57 77 95
57 78 5
57 79 16
57 80 97
57 81 96
57 82 27
57 83 84
57 84 28
57 85 82
57 86 84
57 87 80
57 88 19
57 89 52
57 90 74
57 91 18
57 92 31
57 93 69
57 94 41
57 95 13
57 96 31
57 97 98
57 98 32
57 99 39
57 100 10
57 101 59
58 59 41
58 60 48
58 61 96
58 62 82
58 63 66
58 64 46
58 65 65
58 66 97
58 67 8
58 68 65
58 69 48
58 70 55
58 71 40
58 72 29
58 73 89
58 74 28
58 75 4
58 76 29
58 77 86
58 78 88
58 79 91
58 80 56
58 81 10
58 82 84
58 83 39
58 84 34
58 85 53
58 86 2
58 87 76
58 88 67
58 89 80
58 90 36
58 91 59
58 92 100
58 93 26
58 94 61
58 95 25
58 96 48
58 97 74
58 98 91
58 99 97
58 100 17
58 101 94
59 60 91
59 61 74
59 62 46
59 63 23
59 64 39
59 65 67
59 66 8
59 67 14
59 68 33
59 69 34
59 70 83
59 71 33
59 72 32
59 73 61
59 74 9
59 75 93
59 76 32
59 77 11
59 78 35
59 79 38
59 80 76
59 81 87
59 82 63
59 83 64
59 84 19
59 85 39
59 86 2
59 87 46
59 88 52
59 89 57
59 90 38
59 91 30
59 92 9
59 93 92
59 94 79
59 95 91
59 96 61
59 97 19
59 98 74
59 99 69
59 100 15
59 101 54
60 61 78
60 62 55
60 63 22
60 64 83
60 65 37
60 66 93
60 67 22
60 68 5
60 69 44
60 70 14
60 71 42
60 72 98
60 73 56
60 74 65
60 75 23
60 76 71
60 77 82
60 78 24
60 79 84
60 80 15
60 81 97
60 82 8
60 83 11
60 84 34
60 85 25
60 86 8
60 87 61
60 88 29
60 89 12
60 90 54
60 91 33
60 92 94
60 93 98
60 94 95
60 95 3
60 96 68
60 97 55
60 98 55
60 99 73
60 100 5
60 101 76
61 62 8
61 63 100
61 64 87
61 65 16
61 66 28
61 67 49
61 68 12
61 69 42
61 70 89
61 71 61
61 72 18
61 73 2
61 74 80
61 75 99
61 76 27
61 77 7
61 78 75
61 79 76
61 80 81
61 81 16
61 82 97
61 83 50
61 84 76
61 85 24
61 86 71
61 87 26
61 88 71
61 89 95
61 90 23
61 91 57
61 92 69
61 93 43
61 94 31
61 95 99
61 96 18
61 97 24
61 98 71
61 99 53
61 100 45
61 101 93
62 63 14
62 64 16
62 65 22
62 66 18
62 67 27
62 68 11
62 69 99
62 70 33
62 71 28
62 72 98
62 73 50
62 74 45
62 75 78
62 76 93
62 77 65
62 78 100
62 79 33
62 80 44
62 81 15
62 82 40
62 83 67
62 84 88
62 85 61
62 86 19
62 87 12
62 88 79
62 89 34
62 90 28
62 91 30
62 92 65
62 93 18
62 94 92
62 95 54
62 96 71
62 97 80
62 98 98
62 99 74
62 100 63
62 101 30
63 64 36
63 65 64
63 66 4
63 67 57
63 68 78
63 69 2
63 70 34
63 71 86
63 72 49
63 73 54
63 74 4
63 75 12
63 76 35
63 77 17
63 78 52
63 79 100
63 80 87
63 81 81
63 82 45
63 83 17
63 84 85
63 85 57
63 86 60
63 87 80
63 88 84
63 89 71
63 90 85
63 91 87
63 92 28
63 93 11
63 94 19
63 95 14
63 96 22
63 97 32
63 98 23
63 99 61
63 100 77
63 101 39
64 65 3
64 66 15
64 67 34
64 68 97
64 69 95
64 70 2
64 71 33
64 72 10
64 73 35
64 74 10
64 75 36
64 76 78
64 77 43
64 78 6
64 79 49
64 80 97
64 81 19
64 82 8
64 83 43
64 84 95
64 85 17
64 86 46
64 87 53
64 88 80
64 89 48
64 90 56
64 91 85
64 92 29
64 93 54
64 94 24
64 95 45
64 96 33
64 97 69
64 98 18
64 99 61
64 100 68
64 101 40
65 66 53
65 67 83
65 68 91
65 69 10
65 70 88
65 71 27
65 72 56
65 73 54
65 74 20
65 75 53
65 76 55
65 77 36
65 78 46
65 79 12
65 80 89
65 81 99
65 82 85
65 83 9
65 84 51
65 85 72
65 86 19
65 87 50
65 88 86
65 89 4
65 90 18
65 91 7
65 92 23
65 93 98
65 94 49
65 95 42
65 96 81
65 97 56
65 98 75
65 99 49
65 100 26
65 101 11
66 67 100
66 68 65
66 69 22
66 70 82
66 71 87
66 72 5
66 73 10
66 74 82
66 75 95
66 76 6
66 77 56
66 78 71
66 79 57
66 80 71
66 81 2
66 82 9
66 83 89
66 84 79
66 85 87
66 86 3
66 87 37
66 88 79
66 89 73
66 90 7
66 91 65
66 92 100
66 93 18
66 94 82
66 95 66
66 96 67
66 97 79
66 98 13
66 99 62
66 100 47
66 101 28
67 68 3
67 69 8
67 70 30
67 71 88
67 72 94
67 73 11
67 74 34
67 75 36
67 76 44
67 77 15
67 78 18
67 79 49
67 80 33
67 81 2
67 82 61
67 83 42
67 84 77
67 85 6
67 86 28
67 87 24
67 88 6
67 89 27
67 90 69
67 91 40
67 92 52
67 93 8
67 94 80
67 95 55
67 96 80
67 97 51
67 98 97
67 99 22
67 100 72
67 101 17
68 69 15
68 70 40
68 71 16
68 72 4
68 73 3
68 74 67
68 75 39
68 76 17
68 77 61
68 78 27
68 79 94
68 80 85
68 81 4
68 82 71
68 83 8
68 84 19
68 85 89
68 86 55
68 87 55
68 88 33
68 89 2
68 90 38
68 91 1
68 92 26
68 93 44
68 94 59
68 95 12
68 96 63
68 97 1
68 98 76
68 99 34
68 100 55
68 101 49
69 70 94
69 71 63
69 72 43
69 73 54
69 74 63
69 75 16
69 76 16
69 77 89
69 78 76
69 79 89
69 80 96
69 81 51
69 82 23
69 83 87
69 84 96
69 85 72
69 86 46
69 87 6
69 88 27
69 89 15
69 90 16
69 91 59
69 92 93
69 93 38
69 94 10
69 95 20
69 96 55
69 97 93
69 98 6
69 99 48
69 100 21
69 101 66
70 71 80
70 72 34
70 73 30
70 74 99
70 75 14
70 76 3
70 77 36
70 78 96
70 79 62
70 80 86
70 81 51
70 82 95
70 83 20
70 84 76
70 85 34
70 86 85
70 87 94
70 88 33
70 89 52
70 90 98
70 91 97
70 92 71
70 93 6
70 94 5
70 95 72
70 96 69
70 97 34
70 98 75
70 99 49
70 100 6
70 101 53
71 72 86
71 73 73
71 74 56
71 75 83
71 76 82
71 77 7
71 78 46
71 79 15
71 80 47
71 81 83
71 82 3
71 83 72
71 84 60
71 85 85
71 86 86
71 87 54
71 88 29
71 89 96
71 90 62
71 91 82
71 92 46
71 93 15
71 94 4
71 95 56
71 96 42
71 97 63
71 98 83
71 99 31
71 100 15
71 101 65
72 73 52
72 74 54
72 75 5
72 76 62
72 77 81
72 78 63
72 79 47
72 80 42
72 81 40
72 82 15
72 83 7
72 84 71
72 85 83
72 86 78
72 87 5
72 88 95
72 89 80
72 90 32
72 91 48
72 92 25
72 93 44
72 94 88
72 95 8
72 96 39
72 97 16
72 98 29
72 99 83
72 100 59
72 101 37
73 74 74
73 75 46
73 76 80
73 77 94
73 78 78
73 79 47
73 80 100
73 81 13
73 82 43
73 83 33
73 84 26
73 85 60
73 86 38
73 87 23
73 88 69
73 89 84
73 90 53
73 91 72
73 92 63
73 93 15
73 94 51
73 95 37
73 96 83
73 97 64
73 98 90
73 99 44
73 100 53
73 101 4
74 75 56
74 76 100
74 77 31
74 78 52
74 79 6
74 80 24
74 81 93
74 82 4
74 83 65
74 84 10
74 85 76
74 86 90
74 87 26
74 88 56
74 89 87
74 90 93
74 91 18
74 92 67
74 93 58
74 94 92
74 95 60
74 96 29
74 97 100
74 98 90
74 99 90
74 100 18
74 101 53
75 76 15
75 77 82
75 78 100
75 79 39
75 80 67
75 81 88
75 82 70
75 83 60
75 84 6
75 85 94
75 86 66
75 87 60
75 88 72
75 89 49
75 90 77
75 91 30
75 92 8
75 93 35
75 94 25
75 95 87
75 96 47
75 97 53
75 98 6
75 99 14
75 100 92
75 101 95
76 77 12
76 78 98
76 79 18
76 80 33
76 81 100
76 82 9
76 83 7
76 84 62
76 85 19
76 86 11
76 87 26
76 88 57
76 89 27
76 90 47
76 91 73
76 92 70
76 93 79
76 94 43
76 95 34
76 96 70
76 97 65
76 98 80
76 99 5
76 100 3
76 101 35
77 78 71
77 79 59
77 80 36
77 81 81
77 82 23
77 83 88
77 84 75
77 85 8
77 86 80
77 87 1
77 88 62
77 89 59
77 90 13
77 91 73
77 92 27
77 93 85
77 94 77
77 95 27
77 96 39
77 97 23
77 98 51
77 99 71
77 100 59
77 101 29
78 79 64
78 80 34
78 81 1
78 82 59
78 83 80
78 84 89
78 85 75
78 86 73
78 87 87
78 88 62
78 89 87
78 90 72
78 91 59
78 92 65
78 93 68
78 94 87
78 95 27
78 96 47
78 97 93
78 98 61
78 99 35
78 100 71
78 101 6
79 80 34
79 81 43
79 82 31
79 83 84
79 84 42
79 85 33
79 86 9
79 87 82
79 88 51
79 89 15
79 90 45
79 91 97
79 92 68
79 93 28
79 94 88
79 95 87
79 96 9
79 97 98
79 98 73
79 99 84
79 100 40
79 101 72
80 81 62
80 82 57
80 83 28
80 84 6
80 85 76
80 86 79
80 87 12
80 88 28
80 89 34
80 90 16
80 91 50
80 92 48
80 93 4
80 94 17
80 95 19
80 96 82
80 97 37
80 98 73
80 99 32
80 100 4
80 101 47
81 82 61
81 83 93
81 84 17
81 85 89
81 86 49
81 87 89
81 88 13
81 89 79
81 90 67
81 91 20
81 92 100
81 93 68
81 94 10
81 95 75
81 96 55
81 97 54
81 98 44
81 99 46
81 100 66
81 101 78
82 83 7
82 84 95
82 85 1
82 86 95
82 87 48
82 88 8
82 89 8
82 90 62
82 91 60
82 92 9
82 93 27
82 94 8
82 95 89
82 96 81
82 97 8
82 98 8
82 99 58
82 100 55
82 101 59
83 84 79
83 85 17
83 86 18
83 87 48
83 88 92
83 89 19
83 90 67
83 91 21
83 92 38
83 93 84
83 94 96
83 95 95
83 96 27
83 97 20
83 98 29
83 99 84
83 100 74
83 101 30
84 85 42
84 86 74
84 87 1
84 88 22
84 89 11
84 90 59
84 91 18
84 92 34
84 93 24
84 94 91
84 95 76
84 96 95
84 97 13
84 98 63
84 99 61
84 100 42
84 101 95
85 86 47
85 87 17
85 88 62
85 89 4
85 90 8
85 91 81
85 92 83
85 93 15
85 94 83
85 95 22
85 96 51
85 97 89
85 98 73
85 99 90
85 100 85
85 101 5
86 87 57
86 88 84
86 89 75
86 90 69
86 91 3
86 92 19
86 93 49
86 94 92
86 95 87
86 96 71
86 97 45
86 98 89
86 99 99
86 100 49
86 101 29
87 88 57
87 89 89
87 90 39
87 91 23
87 92 20
87 93 94
87 94 89
87 95 41
87 96 56
87 97 20
87 98 85
87 99 63
87 100 63
87 101 45
88 89 77
88 90 26
88 91 69
88 92 29
88 93 75
88 94 33
88 95 10
88 96 82
88 97 16
88 98 17
88 99 20
88 100 60
88 101 14
89 90 79
89 91 80
89 92 62
89 93 56
89 94 62
89 95 58
89 96 72
89 97 96
89 98 19
89 99 32
89 100 18
89 101 41
90 91 97
90 92 12
90 93 85
90 94 81
90 95 87
90 96 20
90 97 4
90 98 56
90 99 24
90 100 37
90 101 10
91 92 20
91 93 16
91 94 69
91 95 35
91 96 39
91 97 31
91 98 64
91 99 65
91 100 11
91 101 98
92 93 51
92 94 92
92 95 61
92 96 48
92 97 49
92 98 35
92 99 78
92 100 1
92 101 82
93 94 32
93 95 20
93 96 77
93 97 35
93 98 46
93 99 95
93 100 42
93 101 86
94 95 60
94 96 63
94 97 20
94 98 45
94 99 9
94 100 9
94 101 64
95 96 36
95 97 60
95 98 3
95 99 91
95 100 57
95 101 19
96 97 7
96 98 81
96 99 34
96 100 14
96 101 59
97 98 57
97 99 51
97 100 73
97 101 52
98 99 11
98 100 66
98 101 27
99 100 56
99 101 79
100 101 94
