57 1596 56
1 2 50
1 3 89
1 4 31
1 5 32
1 6 19
1 7 78
1 8 24
1 9 37
1 10 89
1 11 34
1 12 5
1 13 20
1 14 79
1 15 43
1 16 46
1 17 92
1 18 98
1 19 79
1 20 52
1 21 3
1 22 31
1 23 17
1 24 54
1 25 28
1 26 31
1 27 94
1 28 18
1 29 62
1 30 7
1 31 72
1 32 75
1 33 52
1 34 79
1 35 47
1 36 95
1 37 23
1 38 44
1 39 83
1 40 61
1 41 12
1 42 6
1 43 14
1 44 40
1 45 43
1 46 30
1 47 42
1 48 99
1 49 76
1 50 89
1 51 89
1 52 65
1 53 65
1 54 37
1 55 63
1 56 91
1 57 75
2 3 58
2 4 12
2 5 36
2 6 56
2 7 90
2 8 78
2 9 46
2 10 71
2 11 36
2 12 29
2 13 1
2 14 10
2 15 56
2 16 91
2 17 71
2 18 3
2 19 61
2 20 9
2 21 19
2 22 95
2 23 96
2 24 38
2 25 50
2 26 15
2 27 16
2 28 50
2 29 52
2 30 4
2 31 51
2 32 3
2 33 18
2 34 38
2 35 95
2 36 82
2 37 97
2 38 71
2 39 97
2 40 4
2 41 94
2 42 87
2 43 10
2 44 12
2 45 99
2 46 52
2 47 70
2 48 28
2 49 79
2 50 65
2 51 42
2 52 35
2 53 98
2 54 92
2 55 22
2 56 34
2 57 21
3 4 38
3 5 21
3 6 52
3 7 16
3 8 31
3 9 44
3 10 19
3 11 29
3 12 67
3 13 72
3 14 5
3 15 64
3 16 70
3 17 13
3 18 32
3 19 91
3 20 89
3 21 16
3 22 46
3 23 37
3 24 28
3 25 17
3 26 16
3 27 24
3 28 85
3 29 92
3 30 15
3 31 36
3 32 74
3 33 28
3 34 74
3 35 57
3 36 100
3 37 72
3 38 74
3 39 47
3 40 58
3 41 19
3 42 28
3 43 83
3 44 84
3 45 11
3 46 14
3 47 86
3 48 87
3 49 80
3 50 77
3 51 58
3 52 72
3 53 28
3 54 39
3 55 81
3 56 26
3 57 59
4 5 35
4 6 46
4 7 65
4 8 69
4 9 26
4 10 22
4 11 78
4 12 46
4 13 92
4 14 11
4 15 43
4 16 81
4 17 51
4 18 11
4 19 55
4 20 93
4 21 30
4 22 28
4 23 10
4 24 97
4 25 76
4 26 82
4 27 93
4 28 34
4 29 4
4 30 73
4 31 36
4 32 40
4 33 31
4 34 86
4 35 49
4 36 74
4 37 46
4 38 18
4 39 17
4 40 75
4 41 82
4 42 44
4 43 69
4 44 72
4 45 24
4 46 34
4 47 67
4 48 5
4 49 2
4 50 46
4 51 38
4 52 17
4 53 35
4 54 45
4 55 56
4 56 9
4 57 1
5 6 47
5 7 61
5 8 72
5 9 11
5 10 76
5 11 62
5 12 32
5 13 27
5 14 29
5 15 12
5 16 79
5 17 4
5 18 81
5 19 15
5 20 37
5 21 40
5 22 10
5 23 16
5 24 57
5 25 94
5 26 79
5 27 79
5 28 27
5 29 66
5 30 97
5 31 75
5 32 100
5 33 84
5 34 83
5 35 83
5 36 8
5 37 74
5 38 49
5 39 12
5 40 92
5 41 100
5 42 33
5 43 25
5 44 29
5 45 1
5 46 8
5 47 70
5 48 24
5 49 12
5 50 47
5 51 2
5 52 45
5 53 66
5 54 3
5 55 97
5 56 47
5 57 90
6 7 43
6 8 52
6 9 32
6 10 63
6 11 100
6 12 32
6 13 93
6 14 22
6 15 30
6 16 34
6 17 17
6 18 95
6 19 22
6 20 6
6 21 5
6 22 96
6 23 37
6 24 64
6 25 79
6 26 71
6 27 68
6 28 87
6 29 36
6 30 9
6 31 42
6 32 68
6 33 88
6 34 100
6 35 6
6 36 77
6 37 18
6 38 72
6 39 7
6 40 1
6 41 95
6 42 88
6 43 65
6 44 72
6 45 65
6 46 4
6 47 94
6 48 66
6 49 87
6 50 36
6 51 25
6 52 15
6 53 92
6 54 67
6 55 18
6 56 66
6 57 15
7 8 23
7 9 33
7 10 86
7 11 43
7 12 13
7 13 99
7 14 66
7 15 77
7 16 38
7 17 55
7 18 11
7 19 99
7 20 55
7 21 2
7 22 85
7 23 23
7 24 82
7 25 3
7 26 99
7 27 60
7 28 1
7 29 68
7 30 2
7 31 39
7 32 70
7 33 42
7 34 9
7 35 18
7 36 59
7 37 34
7 38 13
7 39 69
7 40 33
7 41 17
7 42 35
7 43 24
7 44 46
7 45 86
7 46 12
7 47 22
7 48 52
7 49 91
7 50 37
7 51 57
7 52 37
7 53 61
7 54 91
7 55 100
7 56 74
7 57 45
8 9 5
8 10 78
8 11 95
8 12 28
8 13 95
8 14 48
8 15 34
8 16 44
8 17 10
8 18 37
8 19 49
8 20 2
8 21 13
8 22 34
8 23 47
8 24 56
8 25 66
8 26 47
8 27 6
8 28 65
8 29 58
8 30 6
8 31 96
8 32 26
8 33 89
8 34 78
8 35 47
8 36 30
8 37 6
8 38 88
8 39 58
8 40 2
8 41 77
8 42 66
8 43 88
8 44 38
8 45 55
8 46 30
8 47 22
8 48 76
8 49 70
8 50 3
8 51 92
8 52 2
8 53 38
8 54 5
8 55 17
8 56 100
8 57 51
9 10 50
9 11 61
9 12 55
9 13 55
9 14 39
9 15 18
9 16 38
9 17 58
9 18 48
9 19 70
9 20 12
9 21 32
9 22 67
9 23 18
9 24 83
9 25 67
9 26 43
9 27 14
9 28 77
9 29 38
9 30 32
9 31 71
9 32 54
9 33 81
9 34 83
9 35 73
9 36 38
9 37 61
9 38 30
9 39 41
9 40 92
9 41 70
9 42 70
9 43 93
9 44 43
9 45 96
9 46 4
9 47 6
9 48 55
9 49 85
9 50 35
9 51 32
9 52 72
9 53 38
9 54 8
9 55 92
9 56 43
9 57 6
10 11 63
10 12 28
10 13 99
10 14 77
10 15 12
10 16 82
10 17 11
10 18 68
10 19 39
10 20 10
10 21 32
10 22 39
10 23 25
10 24 33
10 25 13
10 26 13
10 27 73
10 28 66
10 29 84
10 30 71
10 31 72
10 32 24
10 33 70
10 34 29
10 35 3
10 36 13
10 37 41
10 38 76
10 39 12
10 40 89
10 41 100
10 42 64
10 43 93
10 44 62
10 45 86
10 46 55
10 47 19
10 48 95
10 49 14
10 50 22
10 51 68
10 52 98
10 53 64
10 54 72
10 55 56
10 56 87
10 57 78
11 12 45
11 13 4
11 14 69
11 15 5
11 16 97
11 17 38
11 18 58
11 19 57
11 20 18
11 21 97
11 22 12
11 23 32
11 24 63
11 25 80
11 26 32
11 27 32
11 28 84
11 29 58
11 30 27
11 31 17
11 32 1
11 33 72
11 34 18
11 35 86
11 36 69
11 37 55
11 38 3
11 39 98
11 40 35
11 41 87
11 42 46
11 43 41
11 44 69
11 45 3
11 46 11
11 47 85
11 48 85
11 49 48
11 50 82
11 51 76
11 52 75
11 53 48
11 54 48
11 55 86
11 56 45
11 57 60
12 13 63
12 14 4
12 15 29
12 16 90
12 17 9
12 18 12
12 19 85
12 20 64
12 21 62
12 22 32
12 23 23
12 24 24
12 25 52
12 26 20
12 27 51
12 28 75
12 29 2
12 30 61
12 31 44
12 32 38
12 33 99
12 34 90
12 35 23
12 36 78
12 37 77
12 38 11
12 39 56
12 40 98
12 41 29
12 42 58
12 43 66
12 44 52
12 45 100
12 46 47
12 47 63
12 48 99
12 49 77
12 50 55
12 51 71
12 52 92
12 53 5
12 54 14
12 55 99
12 56 98
12 57 79
13 14 98
13 15 92
13 16 55
13 17 79
13 18 48
13 19 83
13 20 89
13 21 94
13 22 45
13 23 11
13 24 80
13 25 28
13 26 34
13 27 6
13 28 48
13 29 57
13 30 8
13 31 15
13 32 5
13 33 41
13 34 71
13 35 67
13 36 10
13 37 51
13 38 3
13 39 68
13 40 93
13 41 16
13 42 71
13 43 70
13 44 33
13 45 17
13 46 47
13 47 25
13 48 74
13 49 60
13 50 78
13 51 65
13 52 94
13 53 53
13 54 80
13 55 98
13 56 90
13 57 75
14 15 60
14 16 78
14 17 39
14 18 67
14 19 56
14 20 63
14 21 33
14 22 35
14 23 69
14 24 65
14 25 6
14 26 67
14 27 77
14 28 76
14 29 76
14 30 63
14 31 72
14 32 13
14 33 93
14 34 35
14 35 38
14 36 22
14 37 51
14 38 97
14 39 75
14 40 79
14 41 79
14 42 1
14 43 26
14 44 71
14 45 65
14 46 77
14 47 64
14 48 9
14 49 64
14 50 97
14 51 52
14 52 50
14 53 34
14 54 30
14 55 11
14 56 10
14 57 98
15 16 81
15 17 2
15 18 6
15 19 22
15 20 96
15 21 85
15 22 68
15 23 8
15 24 51
15 25 96
15 26 99
15 27 46
15 28 9
15 29 45
15 30 5
15 31 11
15 32 53
15 33 64
15 34 62
15 35 98
15 36 59
15 37 58
15 38 74
15 39 77
15 40 58
15 41 18
15 42 43
15 43 28
15 44 16
15 45 48
15 46 27
15 47 39
15 48 91
15 49 85
15 50 61
15 51 32
15 52 29
15 53 13
15 54 89
15 55 97
15 56 61
15 57 96
16 17 47
16 18 82
16 19 67
16 20 60
16 21 28
16 22 33
16 23 33
16 24 64
16 25 78
16 26 5
16 27 28
16 28 56
16 29 55
16 30 59
16 31 31
16 32 46
16 33 50
16 34 53
16 35 20
16 36 49
16 37 43
16 38 53
16 39 39
16 40 3
16 41 73
16 42 21
16 43 57
16 44 10
16 45 92
16 46 55
16 47 69
16 48 2
16 49 79
16 50 73
16 51 81
16 52 64
16 53 90
16 54 81
16 55 14
16 56 49
16 57 21
17 18 60
17 19 54
17 20 44
17 21 22
17 22 29
17 23 12
17 24 1
17 25 21
17 26 30
17 27 20
17 28 9
17 29 95
17 30 13
17 31 83
17 32 15
17 33 85
17 34 89
17 35 86
17 36 42
17 37 19
17 38 16
17 39 41
17 40 68
17 41 30
17 42 90
17 43 30
17 44 44
17 45 63
17 46 3
17 47 50
17 48 10
17 49 46
17 50 79
17 51 89
17 52 94
17 53 76
17 54 51
17 55 36
17 56 10
17 57 31
18 19 42
18 20 78
18 21 35
18 22 46
18 23 98
18 24 29
18 25 59
18 26 89
18 27 36
18 28 80
18 29 43
18 30 78
18 31 51
18 32 12
18 33 69
18 34 7
18 35 53
18 36 99
18 37 64
18 38 30
18 39 25
18 40 15
18 41 3
18 42 71
18 43 10
18 44 83
18 45 47
18 46 17
18 47 13
18 48 91
18 49 97
18 50 80
18 51 2
18 52 55
18 53 50
18 54 79
18 55 40
18 56 9
18 57 82
19 20 10
19 21 16
19 22 100
19 23 30
19 24 22
19 25 63
19 26 56
19 27 60
19 28 73
19 29 39
19 30 38
19 31 84
19 32 21
19 33 78
19 34 78
19 35 36
19 36 46
19 37 70
19 38 58
19 39 68
19 40 35
19 41 45
19 42 90
19 43 38
19 44 43
19 45 38
19 46 82
19 47 43
19 48 96
19 49 24
19 50 92
19 51 97
19 52 5
19 53 40
19 54 66
19 55 35
19 56 56
19 57 56
20 21 18
20 22 84
20 23 97
20 24 78
20 25 64
20 26 87
20 27 14
20 28 17
20 29 95
20 30 62
20 31 33
20 32 44
20 33 7
20 34 6
20 35 3
20 36 81
20 37 84
20 38 9
20 39 84
20 40 14
20 41 47
20 42 36
20 43 37
20 44 23
20 45 37
20 46 72
20 47 95
20 48 82
20 49 52
20 50 71
20 51 84
20 52 65
20 53 72
20 54 98
20 55 13
20 56 12
20 57 13
21 22 41
21 23 68
21 24 96
21 25 25
21 26 37
21 27 88
21 28 75
21 29 57
21 30 37
21 31 48
21 32 44
21 33 37
21 34 38
21 35 28
21 36 61
21 37 3
21 38 53
21 39 93
21 40 22
21 41 82
21 42 31
21 43 25
21 44 34
21 45 26
21 46 76
21 47 44
21 48 14
21 49 15
21 50 3
21 51 18
21 52 82
21 53 12
21 54 82
21 55 11
21 56 49
21 57 90
22 23 25
22 24 50
22 25 28
22 26 36
22 27 21
22 28 89
22 29 4
22 30 22
22 31 58
22 32 97
22 33 90
22 34 1
22 35 48
22 36 1
22 37 41
22 38 14
22 39 96
22 40 63
22 41 89
22 42 1
22 43 39
22 44 32
22 45 85
22 46 66
22 47 52
22 48 99
22 49 27
22 50 49
22 51 12
22 52 91
22 53 49
22 54 73
22 55 53
22 56 47
22 57 83
23 24 72
23 25 29
23 26 54
23 27 15
23 28 41
23 29 96
23 30 96
23 31 30
23 32 12
23 33 85
23 34 72
23 35 42
23 36 44
23 37 41
23 38 73
23 39 12
23 40 57
23 41 42
23 42 52
23 43 79
23 44 37
23 45 95
23 46 76
23 47 21
23 48 56
23 49 57
23 50 90
23 51 40
23 52 18
23 53 52
23 54 64
23 55 61
23 56 76
23 57 23
24 25 70
24 26 19
24 27 37
24 28 25
24 29 53
24 30 6
24 31 68
24 32 27
24 33 45
24 34 5
24 35 15
24 36 26
24 37 79
24 38 16
24 39 48
24 40 26
24 41 93
24 42 40
24 43 48
24 44 74
24 45 64
24 46 58
24 47 76
24 48 86
24 49 25
24 50 64
24 51 28
24 52 61
24 53 18
24 54 65
24 55 36
24 56 6
24 57 17
25 26 77
25 27 93
25 28 80
25 29 16
25 30 88
25 31 49
25 32 14
25 33 94
25 34 17
25 35 64
25 36 66
25 37 42
25 38 26
25 39 86
25 40 67
25 41 80
25 42 67
25 43 52
25 44 89
25 45 9
25 46 53
25 47 90
25 48 7
25 49 99
25 50 71
25 51 16
25 52 3
25 53 82
25 54 14
25 55 73
25 56 12
25 57 57
26 27 88
26 28 63
26 29 40
26 30 74
26 31 13
26 32 58
26 33 11
26 34 5
26 35 9
26 36 59
26 37 71
26 38 56
26 39 68
26 40 71
26 41 20
26 42 7
26 43 99
26 44 26
26 45 88
26 46 39
26 47 4
26 48 62
26 49 18
26 50 24
26 51 57
26 52 46
26 53 52
26 54 70
26 55 6
26 56 78
26 57 9
27 28 66
27 29 94
27 30 90
27 31 75
27 32 22
27 33 100
27 34 100
27 35 28
27 36 78
27 37 37
27 38 48
27 39 49
27 40 84
27 41 1
27 42 54
27 43 55
27 44 5
27 45 75
27 46 8
27 47 18
27 48 25
27 49 35
27 50 36
27 51 93
27 52 41
27 53 29
27 54 96
27 55 62
27 56 85
27 57 50
28 29 90
28 30 30
28 31 17
28 32 54
28 33 16
28 34 11
28 35 14
28 36 91
28 37 14
28 38 21
28 39 91
28 40 79
28 41 25
28 42 14
28 43 8
28 44 57
28 45 27
28 46 24
28 47 91
28 48 91
28 49 33
28 50 21
28 51 3
28 52 1
28 53 68
28 54 24
28 55 13
28 56 54
28 57 65
29 30 95
29 31 90
29 32 39
29 33 93
29 34 32
29 35 58
29 36 98
29 37 63
29 38 43
29 39 16
29 40 14
29 41 23
29 42 100
29 43 80
29 44 33
29 45 23
29 46 54
29 47 23
29 48 62
29 49 28
29 50 44
29 51 27
29 52 85
29 53 100
29 54 65
29 55 13
29 56 31
29 57 44
30 31 2
30 32 15
30 33 70
30 34 82
30 35 82
30 36 56
30 37 6
30 38 62
30 39 32
30 40 9
30 41 89
30 42 4
30 43 68
30 44 95
30 45 28
30 46 58
30 47 62
30 48 60
30 49 6
30 50 93
30 51 57
30 52 78
30 53 50
30 54 7
30 55 39
30 56 93
30 57 35
31 32 29
31 33 30
31 34 89
31 35 42
31 36 1
31 37 16
31 38 36
31 39 93
31 40 51
31 41 75
31 42 4
31 43 75
31 44 74
31 45 28
31 46 24
31 47 51
31 48 38
31 49 47
31 50 54
31 51 68
31 52 23
31 53 80
31 54 98
31 55 7
31 56 86
31 57 6
32 33 7
32 34 59
32 35 18
32 36 71
32 37 89
32 38 3
32 39 1
32 40 18
32 41 33
32 42 34
32 43 47
32 44 26
32 45 38
32 46 39
32 47 91
32 48 3
32 49 18
32 50 17
32 51 37
32 52 35
32 53 67
32 54 33
32 55 80
32 56 21
32 57 80
33 34 88
33 35 44
33 36 52
33 37 86
33 38 73
33 39 2
33 40 8
33 41 37
33 42 38
33 43 94
33 44 81
33 45 10
33 46 18
33 47 50
33 48 32
33 49 49
33 50 14
33 51 8
33 52 100
33 53 34
33 54 75
33 55 44
33 56 42
33 57 58
34 35 85
34 36 82
34 37 6
34 38 33
34 39 7
34 40 39
34 41 88
34 42 60
34 43 2
34 44 86
34 45 98
34 46 86
34 47 27
34 48 42
34 49 7
34 50 21
34 51 11
34 52 61
34 53 39
34 54 98
34 55 62
34 56 74
34 57 93
35 36 6
35 37 74
35 38 95
35 39 44
35 40 12
35 41 42
35 42 84
35 43 24
35 44 73
35 45 46
35 46 87
35 47 79
35 48 11
35 49 24
35 50 99
35 51 53
35 52 23
35 53 92
35 54 50
35 55 3
35 56 18
35 57 86
36 37 64
36 38 8
36 39 85
36 40 9
36 41 65
36 42 85
36 43 85
36 44 32
36 45 67
36 46 31
36 47 91
36 48 36
36 49 3
36 50 4
36 51 30
36 52 62
36 53 56
36 54 47
36 55 16
36 56 12
36 57 48
37 38 52
37 39 88
37 40 70
37 41 75
37 42 82
37 43 100
37 44 44
37 45 76
37 46 49
37 47 38
37 48 90
37 49 81
37 50 32
37 51 38
37 52 57
37 53 44
37 54 68
37 55 70
37 56 53
37 57 46
38 39 28
38 40 38
38 41 27
38 42 40
38 43 37
38 44 12
38 45 86
38 46 47
38 47 34
38 48 50
38 49 70
38 50 37
38 51 72
38 52 49
38 53 39
38 54 25
38 55 49
38 56 14
38 57 15
39 40 72
39 41 7
39 42 55
39 43 13
39 44 32
39 45 27
39 46 45
39 47 6
39 48 16
39 49 94
39 50 63
39 51 91
39 52 99
39 53 50
39 54 35
39 55 42
39 56 83
39 57 17
40 41 95
40 42 62
40 43 67
40 44 78
40 45 64
40 46 96
40 47 8
40 48 6
40 49 18
40 50 19
40 51 32
40 52 68
40 53 6
40 54 51
40 55 92
40 56 92
40 57 49
41 42 81
41 43 19
41 44 24
41 45 1
41 46 48
41 47 46
41 48 54
41 49 21
41 50 70
41 51 36
41 52 53
41 53 95
41 54 44
41 55 88
41 56 40
41 57 55
42 43 57
42 44 72
42 45 84
42 46 8
42 47 39
42 48 23
42 49 23
42 50 95
42 51 8
42 52 78
42 53 63
42 54 73
42 55 54
42 56 73
42 57 78
43 44 76
43 45 20
43 46 92
43 47 17
43 48 56
43 49 70
43 50 46
43 51 86
43 52 62
43 53 30
43 54 48
43 55 1
43 56 33
43 57 98
44 45 28
44 46 4
44 47 90
44 48 79
44 49 70
44 50 28
44 51 22
44 52 47
44 53 17
44 54 75
44 55 61
44 56 97
44 57 14
45 46 94
45 47 75
45 48 68
45 49 5
45 50 71
45 51 27
45 52 20
45 53 38
45 54 57
45 55 29
45 56 54
45 57 44
46 47 64
46 48 6
46 49 45
46 50 8
46 51 83
46 52 11
46 53 73
46 54 44
46 55 67
46 56 59
46 57 95
47 48 11
47 49 68
47 50 9
47 51 26
47 52 57
47 53 10
47 54 76
47 55 54
47 56 70
47 57 24
48 49 22
48 50 71
48 51 39
48 52 41
48 53 87
48 54 41
48 55 45
48 56 45
48 57 32
49 50 34
49 51 94
49 52 73
49 53 32
49 54 51
49 55 13
49 56 53
49 57 65
50 51 59
50 52 32
50 53 78
50 54 65
50 55 70
50 56 95
50 57 19
51 52 5
51 53 63
51 54 36
51 55 68
51 56 16
51 57 16
52 53 100
52 54 32
52 55 33
52 56 95
52 57 4
53 54 43
53 55 22
53 56 49
53 57 86
54 55 62
54 56 85
54 57 92
55 56 24
55 57 70
56 57 30
