15 105 14
1 2 82
1 3 68
1 4 31
1 5 61
1 6 30
1 7 91
1 8 22
1 9 65
1 10 60
1 11 32
1 12 7
1 13 20
1 14 97
1 15 61
2 3 56
2 4 87
2 5 58
2 6 59
2 7 91
2 8 64
2 9 65
2 10 3
2 11 29
2 12 53
2 13 34
2 14 56
2 15 94
3 4 83
3 5 38
3 6 76
3 7 88
3 8 4
3 9 3
3 10 15
3 11 97
3 12 17
3 13 89
3 14 63
3 15 40
4 5 91
4 6 62
4 7 1
4 8 91
4 9 27
4 10 44
4 11 96
4 12 29
4 13 29
4 14 45
4 15 38
5 6 96
5 7 1
5 8 91
5 9 23
5 10 52
5 11 66
5 12 31
5 13 19
5 14 82
5 15 82
6 7 64
6 8 47
6 9 2
6 10 94
6 11 14
6 12 79
6 13 40
6 14 80
6 15 15
7 8 13
7 9 41
7 10 83
7 11 87
7 12 8
7 13 15
7 14 45
7 15 13
8 9 66
8 10 15
8 11 77
8 12 50
8 13 64
8 14 82
8 15 72
9 10 14
9 11 85
9 12 18
9 13 82
9 14 47
9 15 98
10 11 16
10 12 4
10 13 75
10 14 14
10 15 2
11 12 39
11 13 44
11 14 37
11 15 62
12 13 75
12 14 90
12 15 91
13 14 39
13 15 84
14 15 48
