92 4186 91
1 2 66
1 3 73
1 4 22
1 5 74
1 6 3
1 7 75
1 8 99
1 9 46
1 10 84
1 11 98
1 12 30
1 13 59
1 14 73
1 15 89
1 16 7
1 17 8
1 18 100
1 19 15
1 20 93
1 21 34
1 22 92
1 23 54
1 24 42
1 25 72
1 26 46
1 27 74
1 28 93
1 29 47
1 30 71
1 31 89
1 32 16
1 33 95
1 34 78
1 35 98
1 36 61
1 37 62
1 38 94
1 39 32
1 40 77
1 41 20
1 42 92
1 43 35
1 44 33
1 45 92
1 46 15
1 47 19
1 48 51
1 49 22
1 50 63
1 51 97
1 52 86
1 53 55
1 54 66
1 55 36
1 56 26
1 57 6
1 58 64
1 59 79
1 60 43
1 61 95
1 62 83
1 63 54
1 64 67
1 65 83
1 66 97
1 67 35
1 68 26
1 69 79
1 70 46
1 71 99
1 72 40
1 73 98
1 74 11
1 75 92
1 76 30
1 77 48
1 78 54
1 79 82
1 80 57
1 81 4
1 82 6
1 83 100
1 84 24
1 85 79
1 86 9
1 87 13
1 88 90
1 89 66
1 90 10
1 91 61
1 92 45
2 3 48
2 4 6
2 5 75
2 6 74
2 7 29
2 8 67
2 9 66
2 10 97
2 11 87
2 12 40
2 13 7
2 14 14
2 15 18
2 16 36
2 17 23
2 18 62
2 19 40
2 20 31
2 21 96
2 22 97
2 23 44
2 24 51
2 25 17
2 26 71
2 27 75
2 28 25
2 29 39
2 30 9
2 31 12
2 32 7
2 33 58
2 34 79
2 35 1
2 36 45
2 37 15
2 38 42
2 39 46
2 40 49
2 41 28
2 42 15
2 43 14
2 44 41
2 45 60
2 46 67
2 47 8
2 48 56
2 49 57
2 50 29
2 51 23
2 52 91
2 53 84
2 54 19
2 55 80
2 56 6
2 57 74
2 58 72
2 59 10
2 60 63
2 61 12
2 62 39
2 63 75
2 64 44
2 65 82
2 66 58
2 67 35
2 68 18
2 69 87
2 70 31
2 71 52
2 72 58
2 73 68
2 74 63
2 75 6
2 76 67
2 77 93
2 78 76
2 79 99
2 80 13
2 81 49
2 82 33
2 83 45
2 84 73
2 85 36
2 86 26
2 87 97
2 88 50
2 89 16
2 90 71
2 91 65
2 92 67
3 4 12
3 5 99
3 6 62
3 7 50
3 8 77
3 9 82
3 10 79
3 11 83
3 12 80
3 13 6
3 14 97
3 15 86
3 16 19
3 17 76
3 18 83
3 19 46
3 20 94
3 21 47
3 22 82
3 23 52
3 24 63
3 25 38
3 26 88
3 27 99
3 28 2
3 29 71
3 30 11
3 31 3
3 32 81
3 33 56
3 34 24
3 35 90
3 36 55
3 37 39
3 38 100
3 39 17
3 40 94
3 41 99
3 42 97
3 43 48
3 44 35
3 45 96
3 46 90
3 47 86
3 48 91
3 49 80
3 50 38
3 51 29
3 52 99
3 53 73
3 54 95
3 55 45
3 56 88
3 57 56
3 58 90
3 59 87
3 60 96
3 61 32
3 62 86
3 63 98
3 64 48
3 65 92
3 66 5
3 67 80
3 68 15
3 69 92
3 70 32
3 71 16
3 72 26
3 73 51
3 74 31
3 75 1
3 76 83
3 77 100
3 78 85
3 79 20
3 80 88
3 81 95
3 82 53
3 83 45
3 84 79
3 85 28
3 86 38
3 87 18
3 88 84
3 89 44
3 90 33
3 91 79
3 92 81
4 5 61
4 6 31
4 7 22
4 8 75
4 9 86
4 10 55
4 11 58
4 12 50
4 13 12
4 14 11
4 15 100
4 16 59
4 17 26
4 18 47
4 19 91
4 20 33
4 21 8
4 22 89
4 23 71
4 24 41
4 25 100
4 26 97
4 27 82
4 28 48
4 29 74
4 30 1
4 31 39
4 32 17
4 33 82
4 34 53
4 35 27
4 36 91
4 37 27
4 38 19
4 39 7
4 40 4
4 41 73
4 42 11
4 43 76
4 44 73
4 45 64
4 46 27
4 47 73
4 48 5
4 49 15
4 50 97
4 51 7
4 52 81
4 53 23
4 54 92
4 55 56
4 56 69
4 57 1
4 58 69
4 59 47
4 60 56
4 61 33
4 62 77
4 63 17
4 64 14
4 65 62
4 66 61
4 67 89
4 68 53
4 69 90
4 70 93
4 71 93
4 72 38
4 73 77
4 74 82
4 75 89
4 76 44
4 77 85
4 78 97
4 79 43
4 80 99
4 81 58
4 82 6
4 83 51
4 84 15
4 85 35
4 86 48
4 87 85
4 88 48
4 89 19
4 90 16
4 91 26
4 92 79
5 6 13
5 7 35
5 8 88
5 9 83
5 10 78
5 11 27
5 12 39
5 13 28
5 14 1
5 15 80
5 16 19
5 17 2
5 18 63
5 19 46
5 20 78
5 21 60
5 22 29
5 23 71
5 24 59
5 25 16
5 26 77
5 27 16
5 28 73
5 29 82
5 30 13
5 31 22
5 32 38
5 33 27
5 34 14
5 35 44
5 36 2
5 37 27
5 38 38
5 39 66
5 40 57
5 41 23
5 42 6
5 43 54
5 44 52
5 45 96
5 46 25
5 47 93
5 48 12
5 49 57
5 50 59
5 51 86
5 52 11
5 53 4
5 54 57
5 55 41
5 56 9
5 57 41
5 58 14
5 59 6
5 60 58
5 61 22
5 62 75
5 63 57
5 64 30
5 65 23
5 66 63
5 67 52
5 68 70
5 69 72
5 70 29
5 71 14
5 72 95
5 73 49
5 74 34
5 75 86
5 76 93
5 77 77
5 78 48
5 79 5
5 80 26
5 81 74
5 82 85
5 83 11
5 84 48
5 85 88
5 86 73
5 87 100
5 88 84
5 89 10
5 90 46
5 91 10
5 92 29
6 7 10
6 8 50
6 9 70
6 10 41
6 11 61
6 12 25
6 13 85
6 14 14
6 15 89
6 16 4
6 17 28
6 18 49
6 19 71
6 20 82
6 21 99
6 22 29
6 23 65
6 24 77
6 25 10
6 26 68
6 27 21
6 28 15
6 29 33
6 30 66
6 31 46
6 32 59
6 33 14
6 34 9
6 35 78
6 36 71
6 37 24
6 38 15
6 39 25
6 40 25
6 41 39
6 42 55
6 43 12
6 44 7
6 45 58
6 46 47
6 47 91
6 48 49
6 49 80
6 50 52
6 51 20
6 52 47
6 53 82
6 54 63
6 55 14
6 56 14
6 57 81
6 58 68
6 59 33
6 60 68
6 61 49
6 62 79
6 63 11
6 64 50
6 65 52
6 66 29
6 67 3
6 68 28
6 69 39
6 70 13
6 71 58
6 72 31
6 73 18
6 74 67
6 75 74
6 76 26
6 77 68
6 78 74
6 79 1
6 80 51
6 81 23
6 82 46
6 83 66
6 84 98
6 85 91
6 86 98
6 87 47
6 88 7
6 89 96
6 90 96
6 91 98
6 92 70
7 8 25
7 9 73
7 10 36
7 11 17
7 12 65
7 13 55
7 14 33
7 15 61
7 16 98
7 17 67
7 18 5
7 19 31
7 20 6
7 21 87
7 22 64
7 23 63
7 24 16
7 25 47
7 26 39
7 27 98
7 28 33
7 29 25
7 30 28
7 31 78
7 32 36
7 33 68
7 34 85
7 35 81
7 36 71
7 37 96
7 38 6
7 39 56
7 40 78
7 41 46
7 42 57
7 43 46
7 44 98
7 45 99
7 46 97
7 47 51
7 48 14
7 49 94
7 50 11
7 51 2
7 52 53
7 53 58
7 54 91
7 55 16
7 56 96
7 57 84
7 58 45
7 59 78
7 60 58
7 61 64
7 62 2
7 63 23
7 64 11
7 65 56
7 66 27
7 67 37
7 68 46
7 69 9
7 70 55
7 71 55
7 72 99
7 73 40
7 74 82
7 75 26
7 76 99
7 77 99
7 78 76
7 79 31
7 80 72
7 81 16
7 82 22
7 83 37
7 84 25
7 85 97
7 86 54
7 87 17
7 88 1
7 89 68
7 90 42
7 91 45
7 92 94
8 9 69
8 10 56
8 11 19
8 12 57
8 13 86
8 14 64
8 15 33
8 16 80
8 17 60
8 18 7
8 19 14
8 20 81
8 21 87
8 22 56
8 23 6
8 24 57
8 25 99
8 26 73
8 27 27
8 28 29
8 29 99
8 30 45
8 31 82
8 32 16
8 33 97
8 34 9
8 35 73
8 36 17
8 37 97
8 38 32
8 39 50
8 40 6
8 41 6
8 42 60
8 43 95
8 44 13
8 45 4
8 46 24
8 47 80
8 48 24
8 49 99
8 50 54
8 51 61
8 52 71
8 53 72
8 54 49
8 55 84
8 56 87
8 57 20
8 58 64
8 59 25
8 60 71
8 61 40
8 62 96
8 63 80
8 64 71
8 65 24
8 66 54
8 67 6
8 68 8
8 69 71
8 70 55
8 71 97
8 72 73
8 73 72
8 74 72
8 75 39
8 76 3
8 77 98
8 78 18
8 79 81
8 80 30
8 81 23
8 82 22
8 83 47
8 84 51
8 85 89
8 86 57
8 87 33
8 88 79
8 89 32
8 90 50
8 91 71
8 92 39
9 10 22
9 11 64
9 12 2
9 13 40
9 14 92
9 15 66
9 16 83
9 17 22
9 18 37
9 19 32
9 20 22
9 21 75
9 22 99
9 23 34
9 24 17
9 25 66
9 26 35
9 27 86
9 28 44
9 29 7
9 30 7
9 31 17
9 32 49
9 33 19
9 34 86
9 35 26
9 36 61
9 37 21
9 38 46
9 39 15
9 40 96
9 41 67
9 42 67
9 43 80
9 44 37
9 45 81
9 46 19
9 47 75
9 48 33
9 49 94
9 50 78
9 51 68
9 52 46
9 53 55
9 54 13
9 55 65
9 56 100
9 57 87
9 58 28
9 59 93
9 60 31
9 61 6
9 62 12
9 63 13
9 64 2
9 65 40
9 66 17
9 67 54
9 68 77
9 69 88
9 70 50
9 71 60
9 72 64
9 73 73
9 74 16
9 75 47
9 76 9
9 77 52
9 78 52
9 79 18
9 80 64
9 81 90
9 82 100
9 83 90
9 84 83
9 85 98
9 86 2
9 87 34
9 88 20
9 89 33
9 90 42
9 91 50
9 92 5
10 11 42
10 12 49
10 13 24
10 14 17
10 15 22
10 16 96
10 17 46
10 18 16
10 19 96
10 20 48
10 21 48
10 22 49
10 23 84
10 24 65
10 25 21
10 26 65
10 27 69
10 28 96
10 29 7
10 30 49
10 31 32
10 32 30
10 33 55
10 34 79
10 35 79
10 36 13
10 37 26
10 38 31
10 39 77
10 40 15
10 41 67
10 42 76
10 43 24
10 44 45
10 45 93
10 46 75
10 47 58
10 48 17
10 49 67
10 50 80
10 51 76
10 52 36
10 53 8
10 54 76
10 55 10
10 56 78
10 57 37
10 58 25
10 59 43
10 60 8
10 61 98
10 62 95
10 63 42
10 64 97
10 65 15
10 66 38
10 67 82
10 68 42
10 69 28
10 70 100
10 71 35
10 72 70
10 73 95
10 74 97
10 75 16
10 76 12
10 77 99
10 78 46
10 79 44
10 80 20
10 81 28
10 82 99
10 83 74
10 84 90
10 85 92
10 86 38
10 87 36
10 88 62
10 89 62
10 90 35
10 91 14
10 92 31
11 12 61
11 13 64
11 14 71
11 15 30
11 16 52
11 17 36
11 18 76
11 19 43
11 20 52
11 21 30
11 22 52
11 23 23
11 24 69
11 25 29
11 26 94
11 27 22
11 28 39
11 29 75
11 30 45
11 31 52
11 32 47
11 33 81
11 34 29
11 35 84
11 36 9
11 37 41
11 38 72
11 39 90
11 40 75
11 41 9
11 42 96
11 43 6
11 44 51
11 45 21
11 46 48
11 47 20
11 48 67
11 49 59
11 50 65
11 51 40
11 52 26
11 53 75
11 54 91
11 55 53
11 56 50
11 57 72
11 58 73
11 59 26
11 60 87
11 61 94
11 62 53
11 63 16
11 64 36
11 65 2
11 66 77
11 67 94
11 68 70
11 69 3
11 70 75
11 71 50
11 72 83
11 73 8
11 74 80
11 75 28
11 76 71
11 77 70
11 78 37
11 79 39
11 80 40
11 81 56
11 82 54
11 83 28
11 84 66
11 85 71
11 86 51
11 87 33
11 88 84
11 89 15
11 90 90
11 91 26
11 92 79
12 13 59
12 14 10
12 15 70
12 16 68
12 17 91
12 18 90
12 19 44
12 20 85
12 21 92
12 22 18
12 23 99
12 24 6
12 25 2
12 26 35
12 27 62
12 28 93
12 29 33
12 30 63
12 31 58
12 32 27
12 33 1
12 34 87
12 35 74
12 36 29
12 37 87
12 38 11
12 39 82
12 40 55
12 41 86
12 42 87
12 43 78
12 44 39
12 45 41
12 46 53
12 47 46
12 48 49
12 49 51
12 50 16
12 51 83
12 52 2
12 53 8
12 54 71
12 55 96
12 56 24
12 57 50
12 58 40
12 59 49
12 60 12
12 61 56
12 62 91
12 63 29
12 64 8
12 65 23
12 66 63
12 67 69
12 68 38
12 69 32
12 70 70
12 71 56
12 72 25
12 73 86
12 74 10
12 75 12
12 76 40
12 77 32
12 78 89
12 79 19
12 80 3
12 81 15
12 82 93
12 83 34
12 84 66
12 85 23
12 86 95
12 87 59
12 88 82
12 89 67
12 90 55
12 91 62
12 92 16
13 14 62
13 15 4
13 16 2
13 17 24
13 18 95
13 19 38
13 20 100
13 21 11
13 22 48
13 23 95
13 24 34
13 25 27
13 26 94
13 27 100
13 28 2
13 29 6
13 30 57
13 31 67
13 32 26
13 33 90
13 34 12
13 35 15
13 36 34
13 37 26
13 38 67
13 39 96
13 40 45
13 41 85
13 42 87
13 43 87
13 44 55
13 45 28
13 46 7
13 47 66
13 48 51
13 49 53
13 50 29
13 51 7
13 52 88
13 53 81
13 54 57
13 55 11
13 56 93
13 57 38
13 58 44
13 59 49
13 60 100
13 61 34
13 62 17
13 63 87
13 64 78
13 65 21
13 66 60
13 67 71
13 68 44
13 69 89
13 70 35
13 71 32
13 72 80
13 73 90
13 74 17
13 75 2
13 76 83
13 77 19
13 78 23
13 79 68
13 80 15
13 81 4
13 82 95
13 83 84
13 84 74
13 85 94
13 86 11
13 87 57
13 88 19
13 89 9
13 90 61
13 91 45
13 92 38
14 15 74
14 16 52
14 17 21
14 18 55
14 19 52
14 20 19
14 21 47
14 22 3
14 23 27
14 24 36
14 25 81
14 26 15
14 27 87
14 28 90
14 29 37
14 30 73
14 31 70
14 32 90
14 33 69
14 34 70
14 35 46
14 36 65
14 37 73
14 38 30
14 39 6
14 40 85
14 41 72
14 42 97
14 43 89
14 44 26
14 45 85
14 46 67
14 47 47
14 48 73
14 49 99
14 50 2
14 51 86
14 52 28
14 53 32
14 54 42
14 55 81
14 56 87
14 57 45
14 58 46
14 59 19
14 60 25
14 61 47
14 62 31
14 63 10
14 64 44
14 65 69
14 66 55
14 67 58
14 68 12
14 69 85
14 70 80
14 71 47
14 72 24
14 73 68
14 74 33
14 75 51
14 76 82
14 77 48
14 78 25
14 79 98
14 80 92
14 81 49
14 82 78
14 83 65
14 84 92
14 85 5
14 86 74
14 87 20
14 88 24
14 89 91
14 90 62
14 91 3
14 92 89
15 16 92
15 17 60
15 18 43
15 19 82
15 20 31
15 21 95
15 22 19
15 23 75
15 24 18
15 25 11
15 26 60
15 27 54
15 28 53
15 29 86
15 30 79
15 31 35
15 32 58
15 33 96
15 34 71
15 35 27
15 36 35
15 37 80
15 38 18
15 39 20
15 40 41
15 41 77
15 42 30
15 43 87
15 44 7
15 45 68
15 46 75
15 47 95
15 48 77
15 49 52
15 50 47
15 51 66
15 52 23
15 53 23
15 54 65
15 55 82
15 56 56
15 57 60
15 58 57
15 59 13
15 60 5
15 61 83
15 62 49
15 63 6
15 64 73
15 65 34
15 66 47
15 67 29
15 68 82
15 69 30
15 70 3
15 71 68
15 72 67
15 73 86
15 74 24
15 75 72
15 76 18
15 77 16
15 78 5
15 79 16
15 80 80
15 81 81
15 82 30
15 83 78
15 84 49
15 85 2
15 86 77
15 87 23
15 88 84
15 89 45
15 90 55
15 91 88
15 92 31
16 17 84
16 18 88
16 19 23
16 20 38
16 21 9
16 22 45
16 23 90
16 24 74
16 25 48
16 26 73
16 27 96
16 28 63
16 29 31
16 30 47
16 31 7
16 32 10
16 33 8
16 34 53
16 35 25
16 36 39
16 37 8
16 38 34
16 39 98
16 40 77
16 41 29
16 42 64
16 43 36
16 44 78
16 45 54
16 46 68
16 47 24
16 48 45
16 49 14
16 50 7
16 51 58
16 52 30
16 53 77
16 54 89
16 55 59
16 56 1
16 57 75
16 58 33
16 59 68
16 60 43
16 61 5
16 62 28
16 63 57
16 64 52
16 65 46
16 66 27
16 67 75
16 68 83
16 69 86
16 70 22
16 71 19
16 72 20
16 73 31
16 74 5
16 75 10
16 76 62
16 77 57
16 78 58
16 79 6
16 80 68
16 81 64
16 82 64
16 83 16
16 84 65
16 85 6
16 86 37
16 87 100
16 88 22
16 89 76
16 90 27
16 91 53
16 92 85
17 18 8
17 19 47
17 20 47
17 21 55
17 22 61
17 23 84
17 24 8
17 25 73
17 26 54
17 27 77
17 28 5
17 29 39
17 30 55
17 31 1
17 32 9
17 33 20
17 34 34
17 35 68
17 36 100
17 37 47
17 38 15
17 39 14
17 40 27
17 41 39
17 42 2
17 43 12
17 44 85
17 45 14
17 46 50
17 47 24
17 48 36
17 49 47
17 50 33
17 51 98
17 52 60
17 53 91
17 54 52
17 55 89
17 56 19
17 57 83
17 58 44
17 59 31
17 60 17
17 61 30
17 62 47
17 63 32
17 64 22
17 65 91
17 66 4
17 67 5
17 68 97
17 69 90
17 70 41
17 71 97
17 72 56
17 73 57
17 74 58
17 75 98
17 76 67
17 77 16
17 78 64
17 79 89
17 80 36
17 81 60
17 82 22
17 83 90
17 84 100
17 85 77
17 86 7
17 87 77
17 88 63
17 89 21
17 90 56
17 91 71
17 92 22
18 19 79
18 20 6
18 21 70
18 22 48
18 23 87
18 24 78
18 25 27
18 26 37
18 27 23
18 28 30
18 29 38
18 30 55
18 31 14
18 32 59
18 33 48
18 34 71
18 35 52
18 36 11
18 37 66
18 38 73
18 39 65
18 40 52
18 41 71
18 42 65
18 43 49
18 44 23
18 45 60
18 46 8
18 47 12
18 48 70
18 49 63
18 50 18
18 51 62
18 52 60
18 53 98
18 54 89
18 55 33
18 56 86
18 57 55
18 58 38
18 59 69
18 60 75
18 61 29
18 62 97
18 63 71
18 64 78
18 65 63
18 66 48
18 67 18
18 68 35
18 69 44
18 70 31
18 71 16
18 72 49
18 73 89
18 74 13
18 75 78
18 76 59
18 77 62
18 78 33
18 79 15
18 80 64
18 81 65
18 82 88
18 83 29
18 84 29
18 85 2
18 86 28
18 87 71
18 88 90
18 89 70
18 90 20
18 91 14
18 92 73
19 20 62
19 21 10
19 22 83
19 23 20
19 24 41
19 25 47
19 26 26
19 27 70
19 28 77
19 29 16
19 30 80
19 31 71
19 32 3
19 33 23
19 34 69
19 35 43
19 36 10
19 37 33
19 38 98
19 39 99
19 40 43
19 41 73
19 42 79
19 43 83
19 44 65
19 45 5
19 46 47
19 47 97
19 48 34
19 49 91
19 50 91
19 51 28
19 52 67
19 53 68
19 54 64
19 55 97
19 56 41
19 57 92
19 58 62
19 59 88
19 60 30
19 61 72
19 62 100
19 63 40
19 64 13
19 65 28
19 66 30
19 67 12
19 68 40
19 69 12
19 70 20
19 71 8
19 72 17
19 73 10
19 74 64
19 75 67
19 76 69
19 77 91
19 78 9
19 79 76
19 80 88
19 81 71
19 82 69
19 83 69
19 84 15
19 85 8
19 86 76
19 87 80
19 88 97
19 89 24
19 90 44
19 91 26
19 92 65
20 21 83
20 22 12
20 23 4
20 24 78
20 25 36
20 26 89
20 27 76
20 28 75
20 29 98
20 30 44
20 31 54
20 32 15
20 33 35
20 34 70
20 35 58
20 36 52
20 37 54
20 38 90
20 39 49
20 40 73
20 41 57
20 42 81
20 43 68
20 44 45
20 45 30
20 46 84
20 47 49
20 48 28
20 49 62
20 50 95
20 51 85
20 52 50
20 53 3
20 54 26
20 55 38
20 56 72
20 57 69
20 58 45
20 59 19
20 60 7
20 61 25
20 62 52
20 63 87
20 64 65
20 65 63
20 66 64
20 67 56
20 68 54
20 69 30
20 70 98
20 71 89
20 72 14
20 73 37
20 74 23
20 75 1
20 76 60
20 77 63
20 78 66
20 79 45
20 80 24
20 81 86
20 82 34
20 83 14
20 84 39
20 85 50
20 86 56
20 87 96
20 88 20
20 89 51
20 90 63
20 91 71
20 92 22
21 22 47
21 23 21
21 24 66
21 25 71
21 26 34
21 27 92
21 28 42
21 29 25
21 30 21
21 31 22
21 32 10
21 33 47
21 34 73
21 35 42
21 36 79
21 37 17
21 38 80
21 39 99
21 40 46
21 41 67
21 42 7
21 43 48
21 44 29
21 45 89
21 46 88
21 47 20
21 48 4
21 49 70
21 50 22
21 51 15
21 52 52
21 53 61
21 54 51
21 55 35
21 56 4
21 57 19
21 58 77
21 59 2
21 60 34
21 61 93
21 62 13
21 63 8
21 64 41
21 65 5
21 66 45
21 67 93
21 68 97
21 69 18
21 70 35
21 71 40
21 72 63
21 73 51
21 74 60
21 75 63
21 76 94
21 77 92
21 78 99
21 79 56
21 80 59
21 81 96
21 82 69
21 83 36
21 84 1
21 85 55
21 86 77
21 87 91
21 88 89
21 89 35
21 90 62
21 91 20
21 92 61
22 23 43
22 24 70
22 25 8
22 26 27
22 27 89
22 28 29
22 29 28
22 30 24
22 31 4
22 32 42
22 33 72
22 34 45
22 35 79
22 36 52
22 37 92
22 38 13
22 39 25
22 40 6
22 41 43
22 42 48
22 43 90
22 44 95
22 45 30
22 46 30
22 47 2
22 48 50
22 49 65
22 50 18
22 51 13
22 52 47
22 53 89
22 54 76
22 55 52
22 56 87
22 57 9
22 58 56
22 59 99
22 60 72
22 61 27
22 62 23
22 63 58
22 64 52
22 65 96
22 66 11
22 67 3
22 68 77
22 69 28
22 70 64
22 71 23
22 72 71
22 73 65
22 74 57
22 75 7
22 76 25
22 77 22
22 78 35
22 79 55
22 80 84
22 81 78
22 82 15
22 83 9
22 84 37
22 85 49
22 86 80
22 87 72
22 88 45
22 89 19
22 90 55
22 91 93
22 92 3
23 24 86
23 25 32
23 26 41
23 27 7
23 28 64
23 29 95
23 30 17
23 31 78
23 32 94
23 33 77
23 34 46
23 35 95
23 36 26
23 37 23
23 38 100
23 39 49
23 40 68
23 41 93
23 42 83
23 43 48
23 44 82
23 45 72
23 46 67
23 47 92
23 48 97
23 49 60
23 50 76
23 51 9
23 52 74
23 53 50
23 54 5
23 55 36
23 56 30
23 57 98
23 58 19
23 59 56
23 60 13
23 61 50
23 62 30
23 63 60
23 64 41
23 65 19
23 66 50
23 67 67
23 68 9
23 69 67
23 70 25
23 71 57
23 72 92
23 73 74
23 74 89
23 75 75
23 76 51
23 77 10
23 78 80
23 79 83
23 80 53
23 81 78
23 82 61
23 83 73
23 84 85
23 85 13
23 86 1
23 87 21
23 88 46
23 89 10
23 90 57
23 91 6
23 92 38
24 25 98
24 26 12
24 27 13
24 28 91
24 29 67
24 30 32
24 31 48
24 32 56
24 33 93
24 34 17
24 35 13
24 36 51
24 37 47
24 38 62
24 39 19
24 40 25
24 41 87
24 42 30
24 43 1
24 44 52
24 45 69
24 46 50
24 47 63
24 48 97
24 49 88
24 50 59
24 51 75
24 52 37
24 53 15
24 54 64
24 55 85
24 56 67
24 57 84
24 58 97
24 59 52
24 60 87
24 61 95
24 62 43
24 63 73
24 64 30
24 65 31
24 66 69
24 67 83
24 68 61
24 69 42
24 70 65
24 71 22
24 72 79
24 73 55
24 74 55
24 75 93
24 76 40
24 77 40
24 78 35
24 79 4
24 80 4
24 81 58
24 82 29
24 83 60
24 84 52
24 85 94
24 86 89
24 87 47
24 88 49
24 89 35
24 90 66
24 91 54
24 92 91
25 26 81
25 27 2
25 28 80
25 29 98
25 30 63
25 31 75
25 32 86
25 33 60
25 34 91
25 35 20
25 36 73
25 37 71
25 38 10
25 39 6
25 40 99
25 41 91
25 42 65
25 43 99
25 44 95
25 45 64
25 46 75
25 47 34
25 48 29
25 49 78
25 50 79
25 51 30
25 52 31
25 53 31
25 54 60
25 55 40
25 56 39
25 57 69
25 58 21
25 59 89
25 60 97
25 61 70
25 62 99
25 63 22
25 64 63
25 65 66
25 66 50
25 67 41
25 68 79
25 69 91
25 70 55
25 71 36
25 72 80
25 73 41
25 74 61
25 75 79
25 76 34
25 77 6
25 78 51
25 79 84
25 80 14
25 81 30
25 82 100
25 83 66
25 84 87
25 85 1
25 86 14
25 87 97
25 88 77
25 89 46
25 90 22
25 91 91
25 92 10
26 27 37
26 28 13
26 29 41
26 30 44
26 31 43
26 32 2
26 33 9
26 34 77
26 35 87
26 36 34
26 37 40
26 38 81
26 39 88
26 40 74
26 41 86
26 42 48
26 43 38
26 44 13
26 45 31
26 46 31
26 47 42
26 48 6
26 49 44
26 50 86
26 51 24
26 52 32
26 53 27
26 54 96
26 55 96
26 56 12
26 57 17
26 58 62
26 59 5
26 60 83
26 61 27
26 62 47
26 63 62
26 64 69
26 65 79
26 66 38
26 67 41
26 68 81
26 69 86
26 70 13
26 71 36
26 72 91
26 73 74
26 74 88
26 75 14
26 76 76
26 77 63
26 78 44
26 79 1
26 80 57
26 81 39
26 82 2
26 83 45
26 84 29
26 85 48
26 86 68
26 87 68
26 88 88
26 89 52
26 90 39
26 91 54
26 92 40
27 28 51
27 29 89
27 30 18
27 31 71
27 32 22
27 33 94
27 34 66
27 35 42
27 36 30
27 37 27
27 38 57
27 39 93
27 40 17
27 41 9
27 42 63
27 43 56
27 44 21
27 45 33
27 46 15
27 47 15
27 48 86
27 49 31
27 50 24
27 51 55
27 52 51
27 53 42
27 54 43
27 55 16
27 56 79
27 57 87
27 58 87
27 59 79
27 60 66
27 61 65
27 62 45
27 63 76
27 64 69
27 65 57
27 66 12
27 67 93
27 68 54
27 69 77
27 70 91
27 71 14
27 72 24
27 73 87
27 74 96
27 75 4
27 76 46
27 77 39
27 78 55
27 79 90
27 80 53
27 81 87
27 82 20
27 83 43
27 84 7
27 85 8
27 86 23
27 87 59
27 88 5
27 89 27
27 90 42
27 91 64
27 92 5
28 29 41
28 30 69
28 31 8
28 32 88
28 33 9
28 34 7
28 35 97
28 36 83
28 37 45
28 38 77
28 39 45
28 40 10
28 41 84
28 42 43
28 43 95
28 44 2
28 45 96
28 46 83
28 47 17
28 48 28
28 49 30
28 50 8
28 51 38
28 52 62
28 53 73
28 54 50
28 55 98
28 56 60
28 57 54
28 58 30
28 59 38
28 60 9
28 61 57
28 62 47
28 63 97
28 64 1
28 65 12
28 66 53
28 67 63
28 68 79
28 69 43
28 70 65
28 71 40
28 72 18
28 73 34
28 74 15
28 75 96
28 76 42
28 77 36
28 78 98
28 79 83
28 80 4
28 81 22
28 82 70
28 83 19
28 84 88
28 85 1
28 86 99
28 87 49
28 88 72
28 89 50
28 90 73
28 91 6
28 92 18
29 30 40
29 31 85
29 32 87
29 33 38
29 34 84
29 35 80
29 36 72
29 37 65
29 38 30
29 39 11
29 40 23
29 41 41
29 42 97
29 43 83
29 44 95
29 45 9
29 46 70
29 47 76
29 48 63
29 49 37
29 50 5
29 51 91
29 52 56
29 53 76
29 54 42
29 55 33
29 56 66
29 57 57
29 58 46
29 59 62
29 60 7
29 61 54
29 62 29
29 63 75
29 64 40
29 65 64
29 66 68
29 67 41
29 68 43
29 69 61
29 70 44
29 71 35
29 72 13
29 73 32
29 74 57
29 75 79
29 76 69
29 77 92
29 78 62
29 79 26
29 80 34
29 81 89
29 82 78
29 83 96
29 84 1
29 85 36
29 86 81
29 87 83
29 88 70
29 89 67
29 90 68
29 91 62
29 92 51
30 31 35
30 32 75
30 33 17
30 34 11
30 35 18
30 36 12
30 37 34
30 38 30
30 39 57
30 40 22
30 41 46
30 42 100
30 43 65
30 44 39
30 45 5
30 46 32
30 47 80
30 48 31
30 49 22
30 50 97
30 51 76
30 52 59
30 53 8
30 54 87
30 55 68
30 56 79
30 57 14
30 58 64
30 59 76
30 60 5
30 61 41
30 62 35
30 63 94
30 64 25
30 65 38
30 66 14
30 67 64
30 68 68
30 69 100
30 70 97
30 71 58
30 72 38
30 73 95
30 74 87
30 75 8
30 76 91
30 77 30
30 78 33
30 79 13
30 80 49
30 81 93
30 82 25
30 83 78
30 84 93
30 85 74
30 86 13
30 87 65
30 88 22
30 89 50
30 90 85
30 91 47
30 92 51
31 32 57
31 33 31
31 34 25
31 35 84
31 36 41
31 37 83
31 38 89
31 39 79
31 40 9
31 41 32
31 42 3
31 43 2
31 44 58
31 45 75
31 46 25
31 47 37
31 48 4
31 49 99
31 50 51
31 51 61
31 52 74
31 53 13
31 54 100
31 55 48
31 56 60
31 57 97
31 58 65
31 59 22
31 60 67
31 61 47
31 62 39
31 63 12
31 64 33
31 65 58
31 66 73
31 67 98
31 68 14
31 69 74
31 70 6
31 71 83
31 72 88
31 73 7
31 74 50
31 75 69
31 76 56
31 77 50
31 78 39
31 79 86
31 80 96
31 81 6
31 82 40
31 83 14
31 84 73
31 85 81
31 86 10
31 87 42
31 88 69
31 89 99
31 90 24
31 91 70
31 92 95
32 33 82
32 34 79
32 35 98
32 36 4
32 37 21
32 38 99
32 39 24
32 40 36
32 41 7
32 42 57
32 43 34
32 44 98
32 45 80
32 46 82
32 47 58
32 48 97
32 49 95
32 50 5
32 51 99
32 52 12
32 53 21
32 54 54
32 55 36
32 56 54
32 57 29
32 58 82
32 59 6
32 60 22
32 61 87
32 62 20
32 63 77
32 64 60
32 65 91
32 66 51
32 67 57
32 68 1
32 69 90
32 70 24
32 71 55
32 72 48
32 73 94
32 74 49
32 75 35
32 76 36
32 77 35
32 78 63
32 79 28
32 80 44
32 81 17
32 82 59
32 83 80
32 84 23
32 85 4
32 86 32
32 87 49
32 88 28
32 89 66
32 90 56
32 91 75
32 92 16
33 34 98
33 35 62
33 36 31
33 37 57
33 38 12
33 39 24
33 40 87
33 41 82
33 42 13
33 43 40
33 44 3
33 45 1
33 46 82
33 47 57
33 48 88
33 49 88
33 50 48
33 51 87
33 52 72
33 53 17
33 54 94
33 55 90
33 56 19
33 57 85
33 58 11
33 59 26
33 60 13
33 61 5
33 62 74
33 63 92
33 64 90
33 65 12
33 66 14
33 67 3
33 68 99
33 69 41
33 70 34
33 71 5
33 72 93
33 73 10
33 74 47
33 75 25
33 76 50
33 77 57
33 78 98
33 79 11
33 80 47
33 81 7
33 82 2
33 83 18
33 84 5
33 85 2
33 86 43
33 87 2
33 88 37
33 89 65
33 90 38
33 91 11
33 92 69
34 35 42
34 36 60
34 37 23
34 38 15
34 39 95
34 40 72
34 41 54
34 42 57
34 43 57
34 44 62
34 45 64
34 46 89
34 47 84
34 48 35
34 49 69
34 50 29
34 51 31
34 52 10
34 53 13
34 54 25
34 55 14
34 56 67
34 57 46
34 58 74
34 59 3
34 60 73
34 61 88
34 62 74
34 63 18
34 64 10
34 65 64
34 66 81
34 67 4
34 68 31
34 69 39
34 70 96
34 71 18
34 72 99
34 73 93
34 74 41
34 75 19
34 76 12
34 77 68
34 78 15
34 79 45
34 80 65
34 81 68
34 82 8
34 83 96
34 84 40
34 85 100
34 86 83
34 87 67
34 88 37
34 89 69
34 90 10
34 91 71
34 92 78
35 36 54
35 37 32
35 38 10
35 39 55
35 40 13
35 41 84
35 42 1
35 43 45
35 44 98
35 45 76
35 46 57
35 47 77
35 48 60
35 49 79
35 50 62
35 51 88
35 52 19
35 53 98
35 54 28
35 55 9
35 56 40
35 57 58
35 58 43
35 59 8
35 60 36
35 61 63
35 62 98
35 63 84
35 64 25
35 65 28
35 66 92
35 67 67
35 68 53
35 69 38
35 70 6
35 71 17
35 72 36
35 73 91
35 74 100
35 75 92
35 76 31
35 77 29
35 78 65
35 79 18
35 80 42
35 81 24
35 82 11
35 83 96
35 84 68
35 85 64
35 86 89
35 87 16
35 88 83
35 89 47
35 90 58
35 91 41
35 92 89
36 37 77
36 38 81
36 39 32
36 40 94
36 41 68
36 42 55
36 43 52
36 44 15
36 45 8
36 46 24
36 47 55
36 48 42
36 49 11
36 50 71
36 51 37
36 52 59
36 53 11
36 54 5
36 55 91
36 56 29
36 57 65
36 58 97
36 59 84
36 60 94
36 61 71
36 62 51
36 63 77
36 64 42
36 65 91
36 66 86
36 67 27
36 68 90
36 69 50
36 70 42
36 71 42
36 72 94
36 73 32
36 74 91
36 75 12
36 76 37
36 77 67
36 78 4
36 79 11
36 80 80
36 81 92
36 82 16
36 83 4
36 84 31
36 85 51
36 86 40
36 87 89
36 88 78
36 89 80
36 90 61
36 91 84
36 92 88
37 38 75
37 39 6
37 40 91
37 41 36
37 42 36
37 43 84
37 44 26
37 45 96
37 46 100
37 47 27
37 48 88
37 49 14
37 50 52
37 51 50
37 52 20
37 53 41
37 54 32
37 55 47
37 56 88
37 57 97
37 58 92
37 59 41
37 60 43
37 61 59
37 62 35
37 63 64
37 64 34
37 65 79
37 66 85
37 67 69
37 68 83
37 69 45
37 70 12
37 71 88
37 72 50
37 73 27
37 74 15
37 75 89
37 76 43
37 77 45
37 78 74
37 79 8
37 80 3
37 81 64
37 82 48
37 83 53
37 84 66
37 85 79
37 86 33
37 87 95
37 88 90
37 89 56
37 90 70
37 91 100
37 92 75
38 39 93
38 40 94
38 41 19
38 42 19
38 43 18
38 44 67
38 45 79
38 46 17
38 47 34
38 48 83
38 49 28
38 50 7
38 51 42
38 52 35
38 53 44
38 54 28
38 55 55
38 56 94
38 57 55
38 58 20
38 59 22
38 60 9
38 61 56
38 62 8
38 63 24
38 64 35
38 65 88
38 66 13
38 67 88
38 68 78
38 69 85
38 70 56
38 71 55
38 72 69
38 73 53
38 74 59
38 75 37
38 76 91
38 77 49
38 78 48
38 79 69
38 80 9
38 81 79
38 82 37
38 83 51
38 84 5
38 85 53
38 86 23
38 87 37
38 88 40
38 89 98
38 90 76
38 91 97
38 92 60
39 40 72
39 41 21
39 42 82
39 43 88
39 44 55
39 45 90
39 46 98
39 47 65
39 48 68
39 49 17
39 50 35
39 51 59
39 52 14
39 53 30
39 54 61
39 55 76
39 56 2
39 57 58
39 58 17
39 59 48
39 60 22
39 61 88
39 62 62
39 63 41
39 64 51
39 65 9
39 66 14
39 67 35
39 68 15
39 69 64
39 70 12
39 71 52
39 72 36
39 73 38
39 74 27
39 75 23
39 76 40
39 77 89
39 78 89
39 79 52
39 80 29
39 81 50
39 82 21
39 83 90
39 84 32
39 85 98
39 86 72
39 87 18
39 88 92
39 89 86
39 90 57
39 91 18
39 92 95
40 41 36
40 42 49
40 43 60
40 44 65
40 45 6
40 46 40
40 47 65
40 48 4
40 49 3
40 50 34
40 51 4
40 52 41
40 53 47
40 54 74
40 55 24
40 56 78
40 57 61
40 58 66
40 59 6
40 60 18
40 61 98
40 62 89
40 63 71
40 64 72
40 65 65
40 66 60
40 67 75
40 68 48
40 69 34
40 70 44
40 71 32
40 72 34
40 73 90
40 74 57
40 75 96
40 76 80
40 77 100
40 78 48
40 79 80
40 80 84
40 81 98
40 82 95
40 83 45
40 84 18
40 85 83
40 86 87
40 87 15
40 88 12
40 89 40
40 90 58
40 91 91
40 92 5
41 42 67
41 43 6
41 44 11
41 45 22
41 46 7
41 47 91
41 48 3
41 49 51
41 50 7
41 51 94
41 52 80
41 53 25
41 54 44
41 55 94
41 56 89
41 57 45
41 58 54
41 59 90
41 60 53
41 61 8
41 62 34
41 63 67
41 64 27
41 65 20
41 66 59
41 67 20
41 68 82
41 69 99
41 70 75
41 71 73
41 72 10
41 73 13
41 74 72
41 75 41
41 76 62
41 77 6
41 78 6
41 79 11
41 80 10
41 81 84
41 82 2
41 83 58
41 84 61
41 85 39
41 86 44
41 87 81
41 88 60
41 89 34
41 90 56
41 91 80
41 92 68
42 43 40
42 44 8
42 45 32
42 46 3
42 47 100
42 48 21
42 49 4
42 50 26
42 51 65
42 52 49
42 53 42
42 54 4
42 55 19
42 56 47
42 57 11
42 58 71
42 59 78
42 60 96
42 61 9
42 62 82
42 63 19
42 64 75
42 65 15
42 66 71
42 67 37
42 68 13
42 69 42
42 70 65
42 71 14
42 72 24
42 73 65
42 74 20
42 75 42
42 76 98
42 77 43
42 78 10
42 79 83
42 80 29
42 81 12
42 82 33
42 83 100
42 84 91
42 85 3
42 86 100
42 87 23
42 88 61
42 89 44
42 90 73
42 91 29
42 92 90
43 44 32
43 45 58
43 46 64
43 47 52
43 48 65
43 49 2
43 50 10
43 51 73
43 52 48
43 53 16
43 54 64
43 55 90
43 56 15
43 57 23
43 58 79
43 59 44
43 60 49
43 61 25
43 62 72
43 63 67
43 64 39
43 65 44
43 66 55
43 67 94
43 68 54
43 69 15
43 70 34
43 71 26
43 72 99
43 73 76
43 74 44
43 75 7
43 76 82
43 77 73
43 78 80
43 79 13
43 80 1
43 81 35
43 82 48
43 83 16
43 84 7
43 85 87
43 86 62
43 87 49
43 88 73
43 89 84
43 90 42
43 91 2
43 92 68
44 45 44
44 46 87
44 47 54
44 48 84
44 49 5
44 50 31
44 51 48
44 52 48
44 53 23
44 54 74
44 55 73
44 56 54
44 57 14
44 58 82
44 59 49
44 60 17
44 61 58
44 62 93
44 63 92
44 64 18
44 65 68
44 66 35
44 67 15
44 68 38
44 69 1
44 70 64
44 71 3
44 72 56
44 73 52
44 74 31
44 75 28
44 76 28
44 77 98
44 78 32
44 79 39
44 80 84
44 81 45
44 82 47
44 83 17
44 84 30
44 85 59
44 86 56
44 87 48
44 88 36
44 89 46
44 90 77
44 91 80
44 92 84
45 46 83
45 47 43
45 48 93
45 49 4
45 50 61
45 51 93
45 52 1
45 53 87
45 54 97
45 55 44
45 56 13
45 57 82
45 58 85
45 59 97
45 60 67
45 61 46
45 62 84
45 63 56
45 64 91
45 65 97
45 66 3
45 67 77
45 68 35
45 69 76
45 70 68
45 71 13
45 72 60
45 73 19
45 74 60
45 75 82
45 76 34
45 77 17
45 78 27
45 79 72
45 80 55
45 81 43
45 82 12
45 83 78
45 84 82
45 85 54
45 86 100
45 87 25
45 88 82
45 89 38
45 90 68
45 91 68
45 92 53
46 47 100
46 48 74
46 49 38
46 50 45
46 51 21
46 52 68
46 53 59
46 54 65
46 55 9
46 56 15
46 57 23
46 58 51
46 59 88
46 60 25
46 61 93
46 62 19
46 63 46
46 64 64
46 65 36
46 66 62
46 67 14
46 68 27
46 69 39
46 70 66
46 71 26
46 72 74
46 73 37
46 74 3
46 75 15
46 76 75
46 77 31
46 78 99
46 79 56
46 80 58
46 81 12
46 82 22
46 83 2
46 84 47
46 85 24
46 86 4
46 87 48
46 88 14
46 89 92
46 90 24
46 91 13
46 92 20
47 48 80
47 49 4
47 50 11
47 51 31
47 52 24
47 53 14
47 54 18
47 55 75
47 56 40
47 57 31
47 58 49
47 59 19
47 60 43
47 61 95
47 62 76
47 63 99
47 64 100
47 65 72
47 66 50
47 67 54
47 68 66
47 69 28
47 70 46
47 71 51
47 72 43
47 73 94
47 74 15
47 75 77
47 76 35
47 77 73
47 78 54
47 79 45
47 80 48
47 81 88
47 82 68
47 83 65
47 84 13
47 85 81
47 86 8
47 87 87
47 88 83
47 89 47
47 90 7
47 91 34
47 92 20
48 49 97
48 50 45
48 51 7
48 52 71
48 53 26
48 54 4
48 55 30
48 56 52
48 57 1
48 58 13
48 59 59
48 60 95
48 61 96
48 62 91
48 63 88
48 64 9
48 65 34
48 66 73
48 67 45
48 68 77
48 69 92
48 70 1
48 71 40
48 72 61
48 73 84
48 74 78
48 75 12
48 76 70
48 77 4
48 78 84
48 79 28
48 80 8
48 81 76
48 82 79
48 83 94
48 84 49
48 85 43
48 86 97
48 87 31
48 88 17
48 89 27
48 90 17
48 91 3
48 92 67
49 50 5
49 51 82
49 52 84
49 53 66
49 54 91
49 55 5
49 56 77
49 57 63
49 58 55
49 59 42
49 60 36
49 61 12
49 62 83
49 63 80
49 64 66
49 65 60
49 66 48
49 67 21
49 68 51
49 69 38
49 70 64
49 71 90
49 72 47
49 73 55
49 74 6
49 75 48
49 76 29
49 77 71
49 78 73
49 79 58
49 80 82
49 81 7
49 82 74
49 83 10
49 84 30
49 85 73
49 86 8
49 87 37
49 88 81
49 89 7
49 90 34
49 91 69
49 92 7
50 51 66
50 52 70
50 53 96
50 54 93
50 55 14
50 56 22
50 57 3
50 58 18
50 59 68
50 60 64
50 61 80
50 62 61
50 63 43
50 64 13
50 65 45
50 66 98
50 67 91
50 68 25
50 69 49
50 70 51
50 71 15
50 72 92
50 73 6
50 74 66
50 75 43
50 76 10
50 77 24
50 78 30
50 79 6
50 80 42
50 81 96
50 82 99
50 83 72
50 84 34
50 85 91
50 86 12
50 87 96
50 88 78
50 89 79
50 90 23
50 91 40
50 92 71
51 52 61
51 53 95
51 54 76
51 55 9
51 56 7
51 57 38
51 58 9
51 59 28
51 60 53
51 61 91
51 62 7
51 63 19
51 64 99
51 65 67
51 66 63
51 67 84
51 68 100
51 69 84
51 70 52
51 71 41
51 72 35
51 73 15
51 74 65
51 75 56
51 76 1
51 77 58
51 78 29
51 79 21
51 80 81
51 81 94
51 82 40
51 83 2
51 84 39
51 85 18
51 86 71
51 87 32
51 88 63
51 89 29
51 90 18
51 91 41
51 92 85
52 53 62
52 54 50
52 55 96
52 56 19
52 57 86
52 58 66
52 59 54
52 60 36
52 61 63
52 62 68
52 63 20
52 64 57
52 65 32
52 66 22
52 67 79
52 68 74
52 69 66
52 70 15
52 71 97
52 72 85
52 73 82
52 74 99
52 75 8
52 76 41
52 77 19
52 78 31
52 79 68
52 80 2
52 81 76
52 82 90
52 83 19
52 84 28
52 85 45
52 86 10
52 87 93
52 88 85
52 89 58
52 90 94
52 91 40
52 92 26
53 54 55
53 55 67
53 56 1
53 57 79
53 58 75
53 59 36
53 60 67
53 61 76
53 62 58
53 63 95
53 64 43
53 65 70
53 66 79
53 67 23
53 68 55
53 69 25
53 70 93
53 71 21
53 72 49
53 73 53
53 74 3
53 75 38
53 76 51
53 77 68
53 78 89
53 79 31
53 80 88
53 81 20
53 82 30
53 83 14
53 84 83
53 85 45
53 86 35
53 87 72
53 88 5
53 89 29
53 90 89
53 91 77
53 92 97
54 55 31
54 56 79
54 57 8
54 58 16
54 59 89
54 60 14
54 61 42
54 62 85
54 63 89
54 64 64
54 65 21
54 66 26
54 67 48
54 68 5
54 69 18
54 70 6
54 71 2
54 72 44
54 73 72
54 74 44
54 75 36
54 76 22
54 77 16
54 78 63
54 79 65
54 80 43
54 81 4
54 82 32
54 83 30
54 84 100
54 85 80
54 86 67
54 87 84
54 88 46
54 89 61
54 90 35
54 91 70
54 92 40
55 56 38
55 57 47
55 58 65
55 59 17
55 60 30
55 61 51
55 62 5
55 63 11
55 64 59
55 65 16
55 66 26
55 67 20
55 68 54
55 69 81
55 70 45
55 71 68
55 72 4
55 73 68
55 74 20
55 75 45
55 76 82
55 77 37
55 78 68
55 79 55
55 80 17
55 81 81
55 82 62
55 83 5
55 84 44
55 85 86
55 86 25
55 87 96
55 88 7
55 89 19
55 90 29
55 91 84
55 92 21
56 57 59
56 58 18
56 59 69
56 60 25
56 61 29
56 62 19
56 63 67
56 64 44
56 65 79
56 66 7
56 67 22
56 68 34
56 69 40
56 70 83
56 71 53
56 72 77
56 73 35
56 74 63
56 75 81
56 76 12
56 77 66
56 78 53
56 79 88
56 80 74
56 81 55
56 82 100
56 83 30
56 84 8
56 85 43
56 86 87
56 87 83
56 88 1
56 89 47
56 90 71
56 91 97
56 92 87
57 58 16
57 59 73
57 60 72
57 61 11
57 62 67
57 63 21
57 64 58
57 65 80
57 66 10
57 67 11
57 68 13
57 69 66
57 70 95
57 71 8
57 72 90
57 73 85
57 74 30
57 75 32
57 76 85
57 77 95
57 78 21
57 79 74
57 80 62
57 81 99
57 82 83
57 83 71
57 84 81
57 85 32
57 86 95
57 87 92
57 88 16
57 89 43
57 90 100
57 91 82
57 92 12
58 59 37
58 60 89
58 61 8
58 62 53
58 63 18
58 64 37
58 65 48
58 66 46
58 67 51
58 68 94
58 69 67
58 70 34
58 71 99
58 72 45
58 73 15
58 74 58
58 75 94
58 76 75
58 77 62
58 78 35
58 79 52
58 80 93
58 81 98
58 82 38
58 83 93
58 84 7
58 85 93
58 86 51
58 87 38
58 88 46
58 89 18
58 90 80
58 91 73
58 92 74
59 60 9
59 61 33
59 62 30
59 63 57
59 64 71
59 65 60
59 66 88
59 67 66
59 68 76
59 69 82
59 70 43
59 71 92
59 72 64
59 73 46
59 74 38
59 75 87
59 76 25
59 77 47
59 78 86
59 79 15
59 80 58
59 81 79
59 82 33
59 83 42
59 84 66
59 85 79
59 86 90
59 87 11
59 88 59
59 89 31
59 90 23
59 91 65
59 92 47
60 61 21
60 62 86
60 63 55
60 64 69
60 65 87
60 66 50
60 67 14
60 68 91
60 69 94
60 70 82
60 71 67
60 72 3
60 73 96
60 74 28
60 75 99
60 76 58
60 77 88
60 78 36
60 79 71
60 80 95
60 81 89
60 82 62
60 83 66
60 84 46
60 85 42
60 86 81
60 87 81
60 88 51
60 89 23
60 90 87
60 91 12
60 92 100
61 62 48
61 63 59
61 64 29
61 65 59
61 66 45
61 67 15
61 68 88
61 69 82
61 70 46
61 71 94
61 72 4
61 73 15
61 74 1
61 75 9
61 76 62
61 77 9
61 78 66
61 79 36
61 80 31
61 81 23
61 82 95
61 83 43
61 84 65
61 85 31
61 86 100
61 87 8
61 88 19
61 89 39
61 90 84
61 91 92
61 92 5
62 63 13
62 64 48
62 65 83
62 66 95
62 67 63
62 68 27
62 69 78
62 70 20
62 71 84
62 72 57
62 73 44
62 74 96
62 75 99
62 76 48
62 77 45
62 78 20
62 79 98
62 80 82
62 81 10
62 82 63
62 83 13
62 84 12
62 85 69
62 86 67
62 87 71
62 88 16
62 89 72
62 90 14
62 91 65
62 92 64
63 64 1
63 65 65
63 66 66
63 67 87
63 68 89
63 69 1
63 70 51
63 71 68
63 72 89
63 73 58
63 74 72
63 75 39
63 76 53
63 77 92
63 78 76
63 79 24
63 80 17
63 81 68
63 82 99
63 83 50
63 84 87
63 85 66
63 86 31
63 87 73
63 88 59
63 89 33
63 90 3
63 91 35
63 92 68
64 65 76
64 66 98
64 67 41
64 68 89
64 69 44
64 70 12
64 71 90
64 72 87
64 73 57
64 74 48
64 75 2
64 76 10
64 77 65
64 78 85
64 79 19
64 80 74
64 81 29
64 82 72
64 83 67
64 84 100
64 85 79
64 86 44
64 87 28
64 88 7
64 89 82
64 90 74
64 91 70
64 92 20
65 66 71
65 67 20
65 68 60
65 69 94
65 70 45
65 71 61
65 72 91
65 73 25
65 74 29
65 75 94
65 76 90
65 77 62
65 78 95
65 79 41
65 80 38
65 81 56
65 82 70
65 83 15
65 84 58
65 85 16
65 86 25
65 87 14
65 88 70
65 89 16
65 90 100
65 91 61
65 92 71
66 67 71
66 68 90
66 69 21
66 70 42
66 71 61
66 72 85
66 73 61
66 74 61
66 75 60
66 76 57
66 77 65
66 78 60
66 79 3
66 80 43
66 81 46
66 82 11
66 83 13
66 84 4
66 85 86
66 86 70
66 87 60
66 88 11
66 89 20
66 90 68
66 91 25
66 92 44
67 68 72
67 69 73
67 70 17
67 71 14
67 72 67
67 73 35
67 74 15
67 75 79
67 76 43
67 77 58
67 78 19
67 79 69
67 80 23
67 81 70
67 82 82
67 83 7
67 84 42
67 85 84
67 86 62
67 87 25
67 88 19
67 89 47
67 90 89
67 91 69
67 92 73
68 69 87
68 70 58
68 71 26
68 72 63
68 73 50
68 74 51
68 75 71
68 76 64
68 77 75
68 78 20
68 79 13
68 80 34
68 81 46
68 82 61
68 83 24
68 84 12
68 85 11
68 86 85
68 87 63
68 88 79
68 89 79
68 90 58
68 91 21
68 92 72
69 70 43
69 71 44
69 72 91
69 73 94
69 74 93
69 75 60
69 76 8
69 77 31
69 78 46
69 79 8
69 80 24
69 81 22
69 82 54
69 83 1
69 84 55
69 85 65
69 86 59
69 87 17
69 88 94
69 89 94
69 90 83
69 91 96
69 92 51
70 71 4
70 72 14
70 73 82
70 74 5
70 75 17
70 76 23
70 77 49
70 78 10
70 79 28
70 80 84
70 81 39
70 82 70
70 83 72
70 84 42
70 85 70
70 86 28
70 87 76
70 88 31
70 89 39
70 90 55
70 91 91
70 92 36
71 72 99
71 73 14
71 74 4
71 75 76
71 76 7
71 77 49
71 78 53
71 79 54
71 80 92
71 81 9
71 82 15
71 83 37
71 84 25
71 85 87
71 86 9
71 87 42
71 88 49
71 89 80
71 90 40
71 91 36
71 92 3
72 73 4
72 74 85
72 75 33
72 76 24
72 77 84
72 78 65
72 79 83
72 80 4
72 81 14
72 82 15
72 83 50
72 84 34
72 85 87
72 86 23
72 87 30
72 88 69
72 89 43
72 90 15
72 91 4
72 92 86
73 74 5
73 75 89
73 76 14
73 77 91
73 78 24
73 79 69
73 80 38
73 81 27
73 82 51
73 83 48
73 84 68
73 85 72
73 86 10
73 87 28
73 88 87
73 89 30
73 90 75
73 91 60
73 92 1
74 75 92
74 76 68
74 77 40
74 78 92
74 79 59
74 80 81
74 81 45
74 82 16
74 83 18
74 84 24
74 85 34
74 86 55
74 87 44
74 88 95
74 89 97
74 90 73
74 91 81
74 92 5
75 76 55
75 77 86
75 78 52
75 79 80
75 80 8
75 81 38
75 82 59
75 83 87
75 84 87
75 85 98
75 86 89
75 87 37
75 88 38
75 89 2
75 90 59
75 91 21
75 92 46
76 77 44
76 78 84
76 79 38
76 80 81
76 81 100
76 82 56
76 83 12
76 84 4
76 85 82
76 86 87
76 87 31
76 88 3
76 89 20
76 90 81
76 91 100
76 92 46
77 78 79
77 79 48
77 80 100
77 81 6
77 82 89
77 83 99
77 84 66
77 85 93
77 86 66
77 87 78
77 88 74
77 89 74
77 90 17
77 91 69
77 92 6
78 79 32
78 80 90
78 81 67
78 82 57
78 83 45
78 84 30
78 85 58
78 86 13
78 87 19
78 88 77
78 89 19
78 90 16
78 91 65
78 92 71
79 80 85
79 81 74
79 82 94
79 83 20
79 84 65
79 85 79
79 86 32
79 87 48
79 88 86
79 89 25
79 90 61
79 91 71
79 92 72
80 81 8
80 82 8
80 83 49
80 84 17
80 85 30
80 86 96
80 87 84
80 88 64
80 89 99
80 90 25
80 91 36
80 92 64
81 82 94
81 83 53
81 84 23
81 85 30
81 86 53
81 87 2
81 88 62
81 89 38
81 90 55
81 91 52
81 92 31
82 83 69
82 84 14
82 85 21
82 86 64
82 87 98
82 88 20
82 89 30
82 90 62
82 91 11
82 92 13
83 84 14
83 85 89
83 86 69
83 87 20
83 88 10
83 89 23
83 90 42
83 91 68
83 92 86
84 85 25
84 86 15
84 87 60
84 88 63
84 89 18
84 90 71
84 91 13
84 92 72
85 86 90
85 87 31
85 88 66
85 89 16
85 90 83
85 91 29
85 92 88
86 87 3
86 88 62
86 89 64
86 90 28
86 91 87
86 92 24
87 88 95
87 89 46
87 90 96
87 91 54
87 92 74
88 89 16
88 90 21
88 91 74
88 92 4
89 90 6
89 91 72
89 92 93
90 91 60
90 92 66
91 92 15
