82 3321 81
1 2 28
1 3 91
1 4 23
1 5 8
1 6 58
1 7 31
1 8 24
1 9 4
1 10 46
1 11 19
1 12 56
1 13 98
1 14 26
1 15 26
1 16 89
1 17 35
1 18 91
1 19 88
1 20 85
1 21 23
1 22 39
1 23 87
1 24 26
1 25 35
1 26 21
1 27 44
1 28 15
1 29 82
1 30 72
1 31 19
1 32 91
1 33 22
1 34 9
1 35 82
1 36 19
1 37 53
1 38 95
1 39 95
1 40 98
1 41 89
1 42 97
1 43 17
1 44 44
1 45 52
1 46 18
1 47 12
1 48 100
1 49 40
1 50 13
1 51 9
1 52 5
1 53 79
1 54 59
1 55 4
1 56 94
1 57 96
1 58 21
1 59 84
1 60 1
1 61 25
1 62 35
1 63 88
1 64 67
1 65 27
1 66 100
1 67 87
1 68 92
1 69 65
1 70 12
1 71 43
1 72 64
1 73 62
1 74 68
1 75 61
1 76 12
1 77 61
1 78 15
1 79 38
1 80 12
1 81 66
1 82 3
2 3 5
2 4 42
2 5 6
2 6 3
2 7 20
2 8 48
2 9 57
2 10 59
2 11 65
2 12 58
2 13 6
2 14 45
2 15 67
2 16 78
2 17 34
2 18 64
2 19 58
2 20 14
2 21 1
2 22 75
2 23 58
2 24 11
2 25 68
2 26 93
2 27 24
2 28 42
2 29 87
2 30 32
2 31 10
2 32 93
2 33 10
2 34 51
2 35 23
2 36 6
2 37 100
2 38 94
2 39 36
2 40 8
2 41 83
2 42 26
2 43 44
2 44 93
2 45 26
2 46 92
2 47 65
2 48 30
2 49 17
2 50 56
2 51 6
2 52 37
2 53 56
2 54 12
2 55 46
2 56 10
2 57 38
2 58 72
2 59 78
2 60 28
2 61 69
2 62 71
2 63 62
2 64 29
2 65 10
2 66 44
2 67 78
2 68 58
2 69 72
2 70 94
2 71 80
2 72 78
2 73 21
2 74 49
2 75 12
2 76 10
2 77 16
2 78 71
2 79 21
2 80 84
2 81 94
2 82 26
3 4 65
3 5 11
3 6 49
3 7 49
3 8 72
3 9 32
3 10 85
3 11 11
3 12 32
3 13 43
3 14 35
3 15 6
3 16 21
3 17 35
3 18 42
3 19 81
3 20 14
3 21 88
3 22 93
3 23 2
3 24 42
3 25 12
3 26 85
3 27 86
3 28 11
3 29 28
3 30 53
3 31 95
3 32 4
3 33 91
3 34 30
3 35 69
3 36 75
3 37 28
3 38 85
3 39 35
3 40 61
3 41 13
3 42 25
3 43 47
3 44 57
3 45 25
3 46 83
3 47 44
3 48 12
3 49 73
3 50 98
3 51 92
3 52 40
3 53 65
3 54 64
3 55 23
3 56 14
3 57 63
3 58 66
3 59 73
3 60 76
3 61 58
3 62 96
3 63 94
3 64 12
3 65 97
3 66 91
3 67 100
3 68 12
3 69 63
3 70 78
3 71 57
3 72 94
3 73 68
3 74 89
3 75 79
3 76 93
3 77 67
3 78 62
3 79 49
3 80 62
3 81 27
3 82 2
4 5 33
4 6 85
4 7 19
4 8 12
4 9 6
4 10 78
4 11 61
4 12 86
4 13 36
4 14 30
4 15 16
4 16 42
4 17 88
4 18 53
4 19 70
4 20 9
4 21 31
4 22 94
4 23 51
4 24 73
4 25 3
4 26 22
4 27 57
4 28 84
4 29 91
4 30 28
4 31 4
4 32 40
4 33 19
4 34 69
4 35 94
4 36 5
4 37 6
4 38 59
4 39 53
4 40 82
4 41 44
4 42 24
4 43 92
4 44 79
4 45 43
4 46 93
4 47 3
4 48 91
4 49 36
4 50 70
4 51 58
4 52 48
4 53 53
4 54 14
4 55 80
4 56 57
4 57 21
4 58 27
4 59 69
4 60 6
4 61 92
4 62 29
4 63 11
4 64 19
4 65 57
4 66 46
4 67 26
4 68 40
4 69 80
4 70 4
4 71 49
4 72 53
4 73 12
4 74 4
4 75 4
4 76 37
4 77 59
4 78 88
4 79 13
4 80 54
4 81 37
4 82 39
5 6 72
5 7 45
5 8 84
5 9 97
5 10 87
5 11 90
5 12 76
5 13 1
5 14 38
5 15 56
5 16 27
5 17 63
5 18 2
5 19 57
5 20 73
5 21 85
5 22 73
5 23 70
5 24 52
5 25 32
5 26 18
5 27 72
5 28 73
5 29 42
5 30 68
5 31 6
5 32 3
5 33 98
5 34 68
5 35 58
5 36 5
5 37 20
5 38 99
5 39 48
5 40 48
5 41 93
5 42 89
5 43 93
5 44 61
5 45 89
5 46 89
5 47 9
5 48 38
5 49 33
5 50 73
5 51 29
5 52 46
5 53 81
5 54 7
5 55 93
5 56 73
5 57 1
5 58 31
5 59 22
5 60 41
5 61 10
5 62 45
5 63 6
5 64 28
5 65 49
5 66 68
5 67 30
5 68 54
5 69 82
5 70 61
5 71 2
5 72 52
5 73 77
5 74 46
5 75 24
5 76 19
5 77 28
5 78 28
5 79 27
5 80 5
5 81 87
5 82 44
6 7 16
6 8 99
6 9 36
6 10 16
6 11 73
6 12 82
6 13 10
6 14 42
6 15 71
6 16 47
6 17 64
6 18 86
6 19 19
6 20 61
6 21 82
6 22 66
6 23 21
6 24 37
6 25 7
6 26 8
6 27 33
6 28 21
6 29 99
6 30 66
6 31 90
6 32 60
6 33 26
6 34 49
6 35 11
6 36 75
6 37 67
6 38 99
6 39 98
6 40 25
6 41 16
6 42 7
6 43 53
6 44 100
6 45 77
6 46 24
6 47 53
6 48 71
6 49 6
6 50 70
6 51 52
6 52 18
6 53 59
6 54 41
6 55 17
6 56 2
6 57 88
6 58 48
6 59 27
6 60 34
6 61 100
6 62 35
6 63 26
6 64 52
6 65 82
6 66 78
6 67 63
6 68 68
6 69 68
6 70 19
6 71 90
6 72 94
6 73 4
6 74 77
6 75 77
6 76 93
6 77 36
6 78 24
6 79 70
6 80 93
6 81 65
6 82 58
7 8 72
7 9 92
7 10 83
7 11 56
7 12 94
7 13 41
7 14 11
7 15 83
7 16 52
7 17 53
7 18 95
7 19 64
7 20 16
7 21 50
7 22 26
7 23 55
7 24 68
7 25 26
7 26 70
7 27 19
7 28 23
7 29 81
7 30 13
7 31 62
7 32 26
7 33 8
7 34 54
7 35 62
7 36 83
7 37 29
7 38 85
7 39 24
7 40 40
7 41 39
7 42 84
7 43 4
7 44 51
7 45 23
7 46 60
7 47 8
7 48 93
7 49 10
7 50 19
7 51 84
7 52 33
7 53 77
7 54 75
7 55 42
7 56 45
7 57 45
7 58 36
7 59 63
7 60 36
7 61 53
7 62 10
7 63 34
7 64 64
7 65 91
7 66 83
7 67 17
7 68 36
7 69 1
7 70 32
7 71 86
7 72 77
7 73 87
7 74 3
7 75 78
7 76 45
7 77 54
7 78 6
7 79 55
7 80 71
7 81 20
7 82 43
8 9 43
8 10 30
8 11 98
8 12 39
8 13 70
8 14 73
8 15 46
8 16 11
8 17 4
8 18 42
8 19 45
8 20 99
8 21 2
8 22 98
8 23 88
8 24 91
8 25 74
8 26 23
8 27 26
8 28 43
8 29 60
8 30 91
8 31 15
8 32 85
8 33 86
8 34 6
8 35 99
8 36 11
8 37 61
8 38 76
8 39 28
8 40 46
8 41 15
8 42 36
8 43 31
8 44 6
8 45 30
8 46 3
8 47 3
8 48 77
8 49 74
8 50 4
8 51 93
8 52 54
8 53 85
8 54 58
8 55 40
8 56 12
8 57 78
8 58 42
8 59 15
8 60 9
8 61 13
8 62 58
8 63 87
8 64 4
8 65 24
8 66 52
8 67 28
8 68 47
8 69 48
8 70 18
8 71 46
8 72 69
8 73 67
8 74 1
8 75 80
8 76 40
8 77 19
8 78 79
8 79 76
8 80 73
8 81 44
8 82 95
9 10 33
9 11 90
9 12 76
9 13 49
9 14 9
9 15 31
9 16 32
9 17 2
9 18 41
9 19 70
9 20 63
9 21 16
9 22 46
9 23 15
9 24 9
9 25 98
9 26 15
9 27 79
9 28 95
9 29 21
9 30 20
9 31 48
9 32 86
9 33 6
9 34 88
9 35 60
9 36 47
9 37 44
9 38 72
9 39 63
9 40 27
9 41 61
9 42 82
9 43 90
9 44 83
9 45 78
9 46 63
9 47 52
9 48 2
9 49 65
9 50 85
9 51 23
9 52 62
9 53 20
9 54 25
9 55 24
9 56 42
9 57 3
9 58 12
9 59 44
9 60 65
9 61 16
9 62 55
9 63 60
9 64 18
9 65 77
9 66 10
9 67 12
9 68 23
9 69 56
9 70 24
9 71 37
9 72 44
9 73 50
9 74 5
9 75 29
9 76 15
9 77 89
9 78 40
9 79 28
9 80 39
9 81 12
9 82 46
10 11 24
10 12 63
10 13 53
10 14 47
10 15 9
10 16 62
10 17 74
10 18 52
10 19 90
10 20 66
10 21 86
10 22 11
10 23 72
10 24 79
10 25 64
10 26 19
10 27 84
10 28 86
10 29 37
10 30 80
10 31 88
10 32 91
10 33 53
10 34 7
10 35 78
10 36 29
10 37 8
10 38 19
10 39 15
10 40 71
10 41 42
10 42 66
10 43 73
10 44 4
10 45 94
10 46 46
10 47 52
10 48 46
10 49 11
10 50 80
10 51 52
10 52 61
10 53 64
10 54 34
10 55 30
10 56 80
10 57 4
10 58 9
10 59 30
10 60 78
10 61 93
10 62 59
10 63 82
10 64 54
10 65 44
10 66 37
10 67 9
10 68 32
10 69 61
10 70 81
10 71 37
10 72 15
10 73 71
10 74 90
10 75 25
10 76 2
10 77 33
10 78 53
10 79 71
10 80 70
10 81 5
10 82 90
11 12 12
11 13 20
11 14 78
11 15 95
11 16 49
11 17 100
11 18 99
11 19 15
11 20 2
11 21 23
11 22 27
11 23 31
11 24 66
11 25 84
11 26 55
11 27 67
11 28 12
11 29 92
11 30 1
11 31 100
11 32 52
11 33 73
11 34 86
11 35 37
11 36 2
11 37 8
11 38 7
11 39 9
11 40 29
11 41 98
11 42 79
11 43 24
11 44 22
11 45 15
11 46 88
11 47 25
11 48 81
11 49 82
11 50 64
11 51 70
11 52 36
11 53 82
11 54 63
11 55 91
11 56 11
11 57 46
11 58 75
11 59 62
11 60 19
11 61 12
11 62 37
11 63 21
11 64 72
11 65 56
11 66 50
11 67 24
11 68 3
11 69 61
11 70 98
11 71 87
11 72 76
11 73 8
11 74 91
11 75 16
11 76 1
11 77 9
11 78 35
11 79 21
11 80 59
11 81 46
11 82 25
12 13 87
12 14 67
12 15 74
12 16 89
12 17 98
12 18 4
12 19 35
12 20 59
12 21 52
12 22 70
12 23 53
12 24 9
12 25 71
12 26 6
12 27 37
12 28 16
12 29 62
12 30 19
12 31 61
12 32 7
12 33 68
12 34 31
12 35 97
12 36 43
12 37 43
12 38 3
12 39 56
12 40 14
12 41 19
12 42 73
12 43 62
12 44 49
12 45 34
12 46 90
12 47 40
12 48 64
12 49 92
12 50 21
12 51 16
12 52 79
12 53 5
12 54 71
12 55 67
12 56 51
12 57 100
12 58 20
12 59 87
12 60 42
12 61 75
12 62 82
12 63 25
12 64 76
12 65 95
12 66 62
12 67 82
12 68 88
12 69 44
12 70 21
12 71 76
12 72 94
12 73 84
12 74 79
12 75 37
12 76 47
12 77 67
12 78 21
12 79 39
12 80 80
12 81 61
12 82 20
13 14 65
13 15 12
13 16 87
13 17 49
13 18 88
13 19 59
13 20 53
13 21 71
13 22 25
13 23 7
13 24 84
13 25 70
13 26 34
13 27 14
13 28 90
13 29 17
13 30 88
13 31 7
13 32 88
13 33 14
13 34 15
13 35 13
13 36 96
13 37 29
13 38 89
13 39 74
13 40 5
13 41 14
13 42 57
13 43 2
13 44 45
13 45 10
13 46 67
13 47 58
13 48 53
13 49 88
13 50 13
13 51 12
13 52 92
13 53 53
13 54 43
13 55 21
13 56 39
13 57 19
13 58 98
13 59 96
13 60 66
13 61 33
13 62 86
13 63 40
13 64 58
13 65 37
13 66 37
13 67 43
13 68 37
13 69 34
13 70 65
13 71 34
13 72 53
13 73 21
13 74 9
13 75 82
13 76 77
13 77 94
13 78 82
13 79 4
13 80 65
13 81 56
13 82 53
14 15 96
14 16 66
14 17 30
14 18 23
14 19 50
14 20 93
14 21 17
14 22 78
14 23 18
14 24 26
14 25 54
14 26 89
14 27 41
14 28 18
14 29 81
14 30 71
14 31 31
14 32 28
14 33 21
14 34 30
14 35 14
14 36 85
14 37 24
14 38 61
14 39 78
14 40 87
14 41 24
14 42 11
14 43 43
14 44 33
14 45 49
14 46 49
14 47 96
14 48 52
14 49 51
14 50 95
14 51 16
14 52 3
14 53 23
14 54 12
14 55 6
14 56 41
14 57 68
14 58 12
14 59 65
14 60 31
14 61 45
14 62 6
14 63 7
14 64 59
14 65 35
14 66 67
14 67 14
14 68 98
14 69 82
14 70 27
14 71 79
14 72 1
14 73 98
14 74 77
14 75 49
14 76 45
14 77 26
14 78 10
14 79 17
14 80 66
14 81 2
14 82 48
15 16 47
15 17 68
15 18 31
15 19 90
15 20 30
15 21 55
15 22 67
15 23 44
15 24 53
15 25 36
15 26 62
15 27 86
15 28 85
15 29 34
15 30 35
15 31 38
15 32 96
15 33 50
15 34 98
15 35 47
15 36 19
15 37 68
15 38 68
15 39 67
15 40 51
15 41 47
15 42 44
15 43 87
15 44 52
15 45 45
15 46 80
15 47 28
15 48 37
15 49 12
15 50 80
15 51 13
15 52 95
15 53 20
15 54 88
15 55 6
15 56 23
15 57 61
15 58 38
15 59 32
15 60 19
15 61 91
15 62 34
15 63 13
15 64 24
15 65 9
15 66 28
15 67 18
15 68 40
15 69 23
15 70 41
15 71 71
15 72 5
15 73 10
15 74 61
15 75 42
15 76 98
15 77 37
15 78 62
15 79 9
15 80 6
15 81 61
15 82 27
16 17 93
16 18 47
16 19 63
16 20 48
16 21 14
16 22 18
16 23 97
16 24 2
16 25 97
16 26 59
16 27 78
16 28 43
16 29 62
16 30 84
16 31 56
16 32 71
16 33 1
16 34 30
16 35 39
16 36 55
16 37 96
16 38 92
16 39 10
16 40 6
16 41 99
16 42 27
16 43 16
16 44 7
16 45 37
16 46 45
16 47 18
16 48 96
16 49 9
16 50 82
16 51 68
16 52 26
16 53 18
16 54 40
16 55 39
16 56 45
16 57 10
16 58 12
16 59 60
16 60 74
16 61 43
16 62 42
16 63 84
16 64 71
16 65 69
16 66 16
16 67 47
16 68 48
16 69 46
16 70 84
16 71 99
16 72 4
16 73 40
16 74 54
16 75 87
16 76 43
16 77 78
16 78 85
16 79 21
16 80 51
16 81 98
16 82 11
17 18 3
17 19 49
17 20 49
17 21 40
17 22 99
17 23 48
17 24 9
17 25 47
17 26 50
17 27 29
17 28 7
17 29 71
17 30 56
17 31 50
17 32 3
17 33 93
17 34 84
17 35 66
17 36 14
17 37 73
17 38 69
17 39 35
17 40 58
17 41 79
17 42 40
17 43 32
17 44 10
17 45 66
17 46 39
17 47 93
17 48 92
17 49 40
17 50 98
17 51 65
17 52 70
17 53 49
17 54 72
17 55 8
17 56 1
17 57 20
17 58 26
17 59 34
17 60 7
17 61 78
17 62 69
17 63 9
17 64 99
17 65 68
17 66 24
17 67 27
17 68 3
17 69 8
17 70 86
17 71 82
17 72 87
17 73 81
17 74 18
17 75 46
17 76 11
17 77 75
17 78 71
17 79 33
17 80 22
17 81 41
17 82 70
18 19 52
18 20 94
18 21 97
18 22 5
18 23 51
18 24 42
18 25 59
18 26 41
18 27 49
18 28 38
18 29 11
18 30 61
18 31 59
18 32 93
18 33 19
18 34 7
18 35 42
18 36 6
18 37 77
18 38 98
18 39 29
18 40 1
18 41 36
18 42 23
18 43 39
18 44 83
18 45 15
18 46 9
18 47 92
18 48 1
18 49 85
18 50 54
18 51 39
18 52 41
18 53 60
18 54 39
18 55 73
18 56 38
18 57 96
18 58 98
18 59 100
18 60 2
18 61 91
18 62 56
18 63 94
18 64 34
18 65 34
18 66 74
18 67 62
18 68 77
18 69 53
18 70 9
18 71 91
18 72 6
18 73 36
18 74 63
18 75 46
18 76 72
18 77 53
18 78 87
18 79 62
18 80 39
18 81 36
18 82 64
19 20 62
19 21 56
19 22 86
19 23 77
19 24 77
19 25 10
19 26 66
19 27 31
19 28 35
19 29 39
19 30 58
19 31 37
19 32 98
19 33 11
19 34 29
19 35 54
19 36 45
19 37 77
19 38 47
19 39 36
19 40 79
19 41 90
19 42 94
19 43 37
19 44 67
19 45 41
19 46 67
19 47 71
19 48 82
19 49 68
19 50 42
19 51 30
19 52 73
19 53 89
19 54 66
19 55 51
19 56 34
19 57 55
19 58 80
19 59 74
19 60 70
19 61 69
19 62 96
19 63 83
19 64 56
19 65 80
19 66 92
19 67 32
19 68 32
19 69 26
19 70 38
19 71 93
19 72 21
19 73 18
19 74 16
19 75 7
19 76 73
19 77 21
19 78 96
19 79 92
19 80 25
19 81 41
19 82 67
20 21 38
20 22 30
20 23 73
20 24 70
20 25 54
20 26 13
20 27 98
20 28 98
20 29 90
20 30 33
20 31 14
20 32 4
20 33 79
20 34 68
20 35 13
20 36 50
20 37 25
20 38 17
20 39 58
20 40 26
20 41 54
20 42 61
20 43 48
20 44 66
20 45 26
20 46 10
20 47 17
20 48 45
20 49 90
20 50 31
20 51 56
20 52 58
20 53 96
20 54 44
20 55 92
20 56 68
20 57 56
20 58 80
20 59 85
20 60 85
20 61 18
20 62 33
20 63 19
20 64 83
20 65 99
20 66 2
20 67 28
20 68 54
20 69 14
20 70 100
20 71 77
20 72 63
20 73 72
20 74 59
20 75 80
20 76 74
20 77 38
20 78 6
20 79 25
20 80 15
20 81 28
20 82 7
21 22 81
21 23 39
21 24 6
21 25 36
21 26 2
21 27 98
21 28 56
21 29 21
21 30 5
21 31 7
21 32 32
21 33 50
21 34 12
21 35 13
21 36 43
21 37 67
21 38 38
21 39 52
21 40 64
21 41 23
21 42 38
21 43 50
21 44 71
21 45 87
21 46 22
21 47 93
21 48 42
21 49 2
21 50 2
21 51 9
21 52 83
21 53 71
21 54 90
21 55 50
21 56 78
21 57 46
21 58 30
21 59 77
21 60 51
21 61 8
21 62 5
21 63 5
21 64 45
21 65 13
21 66 4
21 67 40
21 68 43
21 69 7
21 70 48
21 71 17
21 72 38
21 73 58
21 74 63
21 75 24
21 76 60
21 77 52
21 78 49
21 79 97
21 80 98
21 81 90
21 82 37
22 23 11
22 24 18
22 25 68
22 26 8
22 27 62
22 28 10
22 29 51
22 30 14
22 31 83
22 32 21
22 33 95
22 34 88
22 35 75
22 36 71
22 37 67
22 38 43
22 39 66
22 40 11
22 41 72
22 42 84
22 43 94
22 44 39
22 45 56
22 46 44
22 47 53
22 48 84
22 49 58
22 50 43
22 51 29
22 52 14
22 53 65
22 54 66
22 55 98
22 56 23
22 57 71
22 58 76
22 59 26
22 60 26
22 61 28
22 62 84
22 63 97
22 64 7
22 65 54
22 66 34
22 67 17
22 68 21
22 69 3
22 70 51
22 71 4
22 72 14
22 73 11
22 74 36
22 75 64
22 76 21
22 77 56
22 78 27
22 79 29
22 80 52
22 81 36
22 82 8
23 24 34
23 25 45
23 26 8
23 27 25
23 28 79
23 29 38
23 30 96
23 31 8
23 32 95
23 33 99
23 34 20
23 35 24
23 36 23
23 37 8
23 38 38
23 39 26
23 40 91
23 41 36
23 42 51
23 43 52
23 44 6
23 45 72
23 46 13
23 47 9
23 48 18
23 49 94
23 50 7
23 51 33
23 52 97
23 53 14
23 54 14
23 55 75
23 56 44
23 57 6
23 58 48
23 59 66
23 60 24
23 61 94
23 62 62
23 63 93
23 64 30
23 65 93
23 66 21
23 67 46
23 68 5
23 69 38
23 70 49
23 71 95
23 72 61
23 73 99
23 74 56
23 75 63
23 76 59
23 77 53
23 78 67
23 79 32
23 80 19
23 81 85
23 82 72
24 25 52
24 26 84
24 27 37
24 28 48
24 29 63
24 30 7
24 31 32
24 32 93
24 33 61
24 34 59
24 35 81
24 36 3
24 37 15
24 38 10
24 39 46
24 40 96
24 41 73
24 42 10
24 43 5
24 44 48
24 45 48
24 46 34
24 47 87
24 48 38
24 49 40
24 50 63
24 51 59
24 52 97
24 53 20
24 54 35
24 55 24
24 56 46
24 57 3
24 58 69
24 59 10
24 60 52
24 61 28
24 62 93
24 63 45
24 64 39
24 65 28
24 66 72
24 67 86
24 68 82
24 69 95
24 70 52
24 71 8
24 72 16
24 73 27
24 74 11
24 75 73
24 76 33
24 77 70
24 78 19
24 79 13
24 80 5
24 81 1
24 82 22
25 26 89
25 27 37
25 28 97
25 29 39
25 30 84
25 31 71
25 32 68
25 33 47
25 34 47
25 35 69
25 36 31
25 37 46
25 38 52
25 39 66
25 40 74
25 41 28
25 42 17
25 43 33
25 44 45
25 45 46
25 46 45
25 47 2
25 48 25
25 49 90
25 50 83
25 51 9
25 52 90
25 53 8
25 54 77
25 55 27
25 56 23
25 57 33
25 58 2
25 59 30
25 60 70
25 61 46
25 62 61
25 63 86
25 64 24
25 65 22
25 66 87
25 67 31
25 68 7
25 69 79
25 70 81
25 71 38
25 72 2
25 73 10
25 74 22
25 75 34
25 76 96
25 77 45
25 78 62
25 79 88
25 80 19
25 81 9
25 82 23
26 27 70
26 28 32
26 29 48
26 30 27
26 31 66
26 32 66
26 33 42
26 34 48
26 35 76
26 36 32
26 37 56
26 38 19
26 39 13
26 40 37
26 41 100
26 42 29
26 43 49
26 44 64
26 45 18
26 46 98
26 47 87
26 48 41
26 49 81
26 50 18
26 51 10
26 52 26
26 53 62
26 54 32
26 55 20
26 56 76
26 57 3
26 58 6
26 59 55
26 60 37
26 61 24
26 62 69
26 63 6
26 64 7
26 65 48
26 66 25
26 67 94
26 68 39
26 69 56
26 70 52
26 71 93
26 72 22
26 73 8
26 74 12
26 75 95
26 76 32
26 77 34
26 78 54
26 79 12
26 80 45
26 81 49
26 82 8
27 28 62
27 29 47
27 30 100
27 31 74
27 32 61
27 33 1
27 34 56
27 35 34
27 36 21
27 37 96
27 38 10
27 39 93
27 40 58
27 41 79
27 42 40
27 43 94
27 44 9
27 45 22
27 46 56
27 47 30
27 48 21
27 49 59
27 50 42
27 51 15
27 52 30
27 53 98
27 54 87
27 55 41
27 56 22
27 57 83
27 58 56
27 59 84
27 60 43
27 61 86
27 62 20
27 63 72
27 64 54
27 65 64
27 66 70
27 67 36
27 68 81
27 69 42
27 70 27
27 71 70
27 72 67
27 73 10
27 74 30
27 75 67
27 76 6
27 77 85
27 78 28
27 79 32
27 80 16
27 81 79
27 82 24
28 29 4
28 30 77
28 31 90
28 32 28
28 33 99
28 34 56
28 35 30
28 36 26
28 37 65
28 38 1
28 39 29
28 40 90
28 41 34
28 42 53
28 43 47
28 44 32
28 45 24
28 46 19
28 47 46
28 48 5
28 49 62
28 50 82
28 51 84
28 52 5
28 53 99
28 54 16
28 55 84
28 56 98
28 57 89
28 58 11
28 59 20
28 60 90
28 61 54
28 62 61
28 63 5
28 64 71
28 65 11
28 66 16
28 67 2
28 68 89
28 69 74
28 70 16
28 71 29
28 72 45
28 73 11
28 74 87
28 75 77
28 76 25
28 77 16
28 78 29
28 79 75
28 80 42
28 81 9
28 82 3
29 30 13
29 31 44
29 32 21
29 33 22
29 34 44
29 35 4
29 36 37
29 37 58
29 38 77
29 39 71
29 40 69
29 41 60
29 42 64
29 43 68
29 44 89
29 45 83
29 46 23
29 47 57
29 48 50
29 49 74
29 50 50
29 51 59
29 52 1
29 53 88
29 54 58
29 55 17
29 56 12
29 57 59
29 58 56
29 59 1
29 60 60
29 61 38
29 62 65
29 63 79
29 64 32
29 65 66
29 66 9
29 67 66
29 68 20
29 69 4
29 70 31
29 71 23
29 72 36
29 73 69
29 74 6
29 75 3
29 76 27
29 77 100
29 78 26
29 79 2
29 80 81
29 81 69
29 82 90
30 31 93
30 32 97
30 33 72
30 34 12
30 35 42
30 36 49
30 37 82
30 38 38
30 39 53
30 40 12
30 41 97
30 42 59
30 43 42
30 44 31
30 45 27
30 46 8
30 47 80
30 48 63
30 49 29
30 50 1
30 51 4
30 52 32
30 53 25
30 54 83
30 55 39
30 56 32
30 57 3
30 58 69
30 59 100
30 60 18
30 61 46
30 62 29
30 63 21
30 64 72
30 65 70
30 66 36
30 67 96
30 68 6
30 69 89
30 70 41
30 71 18
30 72 4
30 73 83
30 74 31
30 75 55
30 76 56
30 77 35
30 78 65
30 79 51
30 80 8
30 81 83
30 82 8
31 32 22
31 33 24
31 34 13
31 35 49
31 36 20
31 37 82
31 38 92
31 39 89
31 40 7
31 41 26
31 42 13
31 43 1
31 44 6
31 45 70
31 46 91
31 47 39
31 48 55
31 49 6
31 50 46
31 51 100
31 52 59
31 53 80
31 54 42
31 55 73
31 56 13
31 57 67
31 58 42
31 59 38
31 60 78
31 61 98
31 62 45
31 63 14
31 64 48
31 65 100
31 66 67
31 67 87
31 68 54
31 69 18
31 70 76
31 71 46
31 72 45
31 73 25
31 74 28
31 75 21
31 76 61
31 77 54
31 78 73
31 79 63
31 80 19
31 81 37
31 82 39
32 33 28
32 34 90
32 35 80
32 36 75
32 37 7
32 38 15
32 39 11
32 40 37
32 41 96
32 42 9
32 43 94
32 44 5
32 45 55
32 46 91
32 47 26
32 48 64
32 49 38
32 50 65
32 51 39
32 52 78
32 53 55
32 54 10
32 55 79
32 56 64
32 57 67
32 58 30
32 59 37
32 60 39
32 61 7
32 62 16
32 63 97
32 64 65
32 65 56
32 66 71
32 67 80
32 68 62
32 69 36
32 70 90
32 71 41
32 72 17
32 73 74
32 74 48
32 75 82
32 76 70
32 77 4
32 78 12
32 79 67
32 80 12
32 81 58
32 82 23
33 34 69
33 35 67
33 36 92
33 37 30
33 38 48
33 39 49
33 40 23
33 41 44
33 42 92
33 43 40
33 44 28
33 45 6
33 46 94
33 47 85
33 48 31
33 49 22
33 50 78
33 51 73
33 52 50
33 53 100
33 54 46
33 55 1
33 56 18
33 57 50
33 58 35
33 59 16
33 60 15
33 61 6
33 62 94
33 63 7
33 64 73
33 65 70
33 66 66
33 67 29
33 68 61
33 69 88
33 70 46
33 71 2
33 72 100
33 73 23
33 74 91
33 75 84
33 76 81
33 77 21
33 78 66
33 79 2
33 80 24
33 81 17
33 82 95
34 35 3
34 36 84
34 37 15
34 38 57
34 39 88
34 40 86
34 41 23
34 42 28
34 43 46
34 44 93
34 45 32
34 46 18
34 47 76
34 48 90
34 49 60
34 50 80
34 51 8
34 52 63
34 53 42
34 54 49
34 55 43
34 56 23
34 57 25
34 58 32
34 59 40
34 60 7
34 61 6
34 62 14
34 63 20
34 64 49
34 65 59
34 66 58
34 67 55
34 68 22
34 69 29
34 70 76
34 71 99
34 72 49
34 73 97
34 74 39
34 75 40
34 76 12
34 77 52
34 78 81
34 79 63
34 80 78
34 81 64
34 82 87
35 36 12
35 37 10
35 38 99
35 39 62
35 40 45
35 41 27
35 42 1
35 43 85
35 44 14
35 45 92
35 46 53
35 47 97
35 48 90
35 49 35
35 50 76
35 51 64
35 52 47
35 53 76
35 54 96
35 55 75
35 56 71
35 57 61
35 58 93
35 59 55
35 60 36
35 61 73
35 62 98
35 63 89
35 64 40
35 65 22
35 66 14
35 67 64
35 68 73
35 69 38
35 70 50
35 71 41
35 72 38
35 73 20
35 74 37
35 75 89
35 76 44
35 77 39
35 78 53
35 79 97
35 80 22
35 81 37
35 82 89
36 37 32
36 38 55
36 39 81
36 40 96
36 41 27
36 42 32
36 43 28
36 44 71
36 45 51
36 46 35
36 47 50
36 48 98
36 49 9
36 50 4
36 51 34
36 52 47
36 53 18
36 54 100
36 55 93
36 56 50
36 57 65
36 58 100
36 59 70
36 60 61
36 61 86
36 62 44
36 63 65
36 64 85
36 65 59
36 66 28
36 67 8
36 68 77
36 69 37
36 70 59
36 71 27
36 72 26
36 73 28
36 74 97
36 75 15
36 76 2
36 77 60
36 78 67
36 79 40
36 80 81
36 81 70
36 82 38
37 38 100
37 39 81
37 40 100
37 41 71
37 42 96
37 43 38
37 44 39
37 45 38
37 46 72
37 47 92
37 48 24
37 49 51
37 50 60
37 51 12
37 52 34
37 53 64
37 54 4
37 55 34
37 56 5
37 57 14
37 58 23
37 59 18
37 60 35
37 61 18
37 62 23
37 63 96
37 64 92
37 65 49
37 66 63
37 67 60
37 68 10
37 69 35
37 70 20
37 71 58
37 72 18
37 73 57
37 74 68
37 75 95
37 76 14
37 77 51
37 78 83
37 79 23
37 80 74
37 81 45
37 82 9
38 39 36
38 40 40
38 41 71
38 42 64
38 43 37
38 44 40
38 45 47
38 46 16
38 47 26
38 48 6
38 49 83
38 50 58
38 51 39
38 52 79
38 53 86
38 54 31
38 55 29
38 56 23
38 57 22
38 58 29
38 59 32
38 60 1
38 61 80
38 62 2
38 63 88
38 64 80
38 65 63
38 66 27
38 67 29
38 68 28
38 69 76
38 70 70
38 71 35
38 72 46
38 73 79
38 74 6
38 75 63
38 76 67
38 77 85
38 78 41
38 79 28
38 80 27
38 81 23
38 82 63
39 40 95
39 41 3
39 42 67
39 43 63
39 44 23
39 45 40
39 46 68
39 47 93
39 48 56
39 49 6
39 50 71
39 51 8
39 52 66
39 53 54
39 54 1
39 55 27
39 56 49
39 57 68
39 58 98
39 59 8
39 60 79
39 61 40
39 62 34
39 63 25
39 64 94
39 65 48
39 66 16
39 67 74
39 68 52
39 69 76
39 70 72
39 71 61
39 72 13
39 73 94
39 74 47
39 75 69
39 76 62
39 77 99
39 78 47
39 79 3
39 80 63
39 81 34
39 82 86
40 41 14
40 42 49
40 43 61
40 44 71
40 45 79
40 46 35
40 47 57
40 48 90
40 49 34
40 50 35
40 51 75
40 52 26
40 53 94
40 54 77
40 55 44
40 56 38
40 57 52
40 58 96
40 59 86
40 60 33
40 61 21
40 62 5
40 63 99
40 64 49
40 65 20
40 66 27
40 67 51
40 68 72
40 69 1
40 70 50
40 71 30
40 72 6
40 73 57
40 74 70
40 75 13
40 76 95
40 77 8
40 78 8
40 79 26
40 80 28
40 81 40
40 82 32
41 42 95
41 43 48
41 44 64
41 45 18
41 46 84
41 47 23
41 48 1
41 49 43
41 50 99
41 51 82
41 52 93
41 53 93
41 54 27
41 55 77
41 56 19
41 57 7
41 58 75
41 59 57
41 60 69
41 61 11
41 62 71
41 63 69
41 64 8
41 65 91
41 66 11
41 67 99
41 68 36
41 69 53
41 70 5
41 71 24
41 72 26
41 73 1
41 74 61
41 75 79
41 76 84
41 77 86
41 78 27
41 79 86
41 80 81
41 81 81
41 82 70
42 43 86
42 44 86
42 45 32
42 46 81
42 47 99
42 48 19
42 49 63
42 50 47
42 51 60
42 52 43
42 53 65
42 54 65
42 55 58
42 56 3
42 57 44
42 58 57
42 59 53
42 60 76
42 61 77
42 62 31
42 63 100
42 64 31
42 65 13
42 66 16
42 67 92
42 68 98
42 69 54
42 70 52
42 71 7
42 72 99
42 73 53
42 74 69
42 75 41
42 76 95
42 77 93
42 78 77
42 79 78
42 80 61
42 81 91
42 82 38
43 44 43
43 45 83
43 46 78
43 47 94
43 48 10
43 49 59
43 50 86
43 51 77
43 52 61
43 53 59
43 54 35
43 55 90
43 56 41
43 57 55
43 58 72
43 59 51
43 60 10
43 61 74
43 62 69
43 63 25
43 64 99
43 65 42
43 66 63
43 67 62
43 68 15
43 69 46
43 70 5
43 71 68
43 72 62
43 73 39
43 74 60
43 75 56
43 76 49
43 77 2
43 78 31
43 79 37
43 80 22
43 81 76
43 82 47
44 45 58
44 46 67
44 47 72
44 48 39
44 49 77
44 50 32
44 51 10
44 52 12
44 53 14
44 54 12
44 55 17
44 56 2
44 57 43
44 58 94
44 59 89
44 60 25
44 61 56
44 62 81
44 63 19
44 64 98
44 65 29
44 66 15
44 67 14
44 68 89
44 69 1
44 70 32
44 71 11
44 72 98
44 73 89
44 74 79
44 75 40
44 76 38
44 77 95
44 78 11
44 79 73
44 80 31
44 81 5
44 82 69
45 46 6
45 47 78
45 48 59
45 49 89
45 50 96
45 51 61
45 52 98
45 53 78
45 54 18
45 55 65
45 56 42
45 57 27
45 58 98
45 59 29
45 60 15
45 61 45
45 62 22
45 63 16
45 64 13
45 65 18
45 66 33
45 67 29
45 68 36
45 69 92
45 70 75
45 71 4
45 72 93
45 73 33
45 74 49
45 75 23
45 76 56
45 77 53
45 78 35
45 79 16
45 80 53
45 81 71
45 82 91
46 47 90
46 48 1
46 49 28
46 50 97
46 51 87
46 52 23
46 53 52
46 54 95
46 55 72
46 56 28
46 57 3
46 58 93
46 59 28
46 60 45
46 61 23
46 62 75
46 63 86
46 64 26
46 65 54
46 66 73
46 67 77
46 68 38
46 69 78
46 70 70
46 71 51
46 72 51
46 73 48
46 74 99
46 75 79
46 76 94
46 77 17
46 78 97
46 79 20
46 80 72
46 81 85
46 82 5
47 48 53
47 49 98
47 50 49
47 51 82
47 52 29
47 53 91
47 54 1
47 55 94
47 56 60
47 57 25
47 58 62
47 59 77
47 60 57
47 61 89
47 62 38
47 63 24
47 64 26
47 65 45
47 66 15
47 67 23
47 68 38
47 69 50
47 70 63
47 71 23
47 72 81
47 73 38
47 74 77
47 75 37
47 76 92
47 77 46
47 78 58
47 79 71
47 80 35
47 81 64
47 82 67
48 49 38
48 50 42
48 51 9
48 52 2
48 53 79
48 54 76
48 55 14
48 56 85
48 57 46
48 58 15
48 59 80
48 60 61
48 61 9
48 62 23
48 63 75
48 64 86
48 65 12
48 66 69
48 67 19
48 68 17
48 69 69
48 70 67
48 71 91
48 72 9
48 73 83
48 74 2
48 75 15
48 76 15
48 77 58
48 78 2
48 79 16
48 80 85
48 81 53
48 82 34
49 50 47
49 51 64
49 52 58
49 53 81
49 54 52
49 55 81
49 56 47
49 57 100
49 58 2
49 59 38
49 60 57
49 61 22
49 62 1
49 63 2
49 64 54
49 65 96
49 66 24
49 67 16
49 68 54
49 69 89
49 70 67
49 71 76
49 72 69
49 73 78
49 74 36
49 75 69
49 76 8
49 77 85
49 78 43
49 79 52
49 80 11
49 81 100
49 82 98
50 51 42
50 52 75
50 53 35
50 54 45
50 55 36
50 56 22
50 57 84
50 58 41
50 59 37
50 60 59
50 61 32
50 62 21
50 63 52
50 64 1
50 65 29
50 66 16
50 67 25
50 68 80
50 69 61
50 70 41
50 71 43
50 72 5
50 73 3
50 74 81
50 75 73
50 76 50
50 77 32
50 78 13
50 79 86
50 80 18
50 81 94
50 82 15
51 52 32
51 53 19
51 54 95
51 55 81
51 56 80
51 57 21
51 58 24
51 59 98
51 60 34
51 61 27
51 62 36
51 63 53
51 64 96
51 65 64
51 66 3
51 67 3
51 68 49
51 69 48
51 70 30
51 71 21
51 72 54
51 73 60
51 74 59
51 75 33
51 76 84
51 77 86
51 78 46
51 79 53
51 80 87
51 81 46
51 82 63
52 53 99
52 54 78
52 55 33
52 56 1
52 57 73
52 58 86
52 59 65
52 60 32
52 61 54
52 62 45
52 63 10
52 64 18
52 65 99
52 66 12
52 67 70
52 68 26
52 69 70
52 70 15
52 71 61
52 72 23
52 73 40
52 74 19
52 75 37
52 76 22
52 77 85
52 78 45
52 79 89
52 80 12
52 81 77
52 82 53
53 54 26
53 55 61
53 56 31
53 57 68
53 58 82
53 59 24
53 60 33
53 61 57
53 62 95
53 63 18
53 64 68
53 65 56
53 66 25
53 67 74
53 68 12
53 69 81
53 70 48
53 71 46
53 72 71
53 73 98
53 74 84
53 75 36
53 76 3
53 77 92
53 78 72
53 79 22
53 80 51
53 81 5
53 82 81
54 55 28
54 56 3
54 57 62
54 58 13
54 59 82
54 60 70
54 61 99
54 62 22
54 63 47
54 64 28
54 65 58
54 66 15
54 67 19
54 68 79
54 69 100
54 70 68
54 71 85
54 72 45
54 73 88
54 74 50
54 75 51
54 76 21
54 77 67
54 78 23
54 79 4
54 80 93
54 81 30
54 82 75
55 56 3
55 57 28
55 58 36
55 59 92
55 60 35
55 61 32
55 62 26
55 63 5
55 64 83
55 65 66
55 66 64
55 67 36
55 68 15
55 69 73
55 70 22
55 71 15
55 72 19
55 73 94
55 74 90
55 75 33
55 76 49
55 77 14
55 78 3
55 79 56
55 80 65
55 81 88
55 82 6
56 57 3
56 58 14
56 59 93
56 60 34
56 61 7
56 62 15
56 63 76
56 64 16
56 65 62
56 66 78
56 67 31
56 68 22
56 69 53
56 70 47
56 71 60
56 72 10
56 73 7
56 74 57
56 75 75
56 76 22
56 77 81
56 78 18
56 79 53
56 80 56
56 81 52
56 82 34
57 58 48
57 59 65
57 60 7
57 61 57
57 62 33
57 63 27
57 64 98
57 65 80
57 66 37
57 67 79
57 68 5
57 69 73
57 70 80
57 71 16
57 72 18
57 73 46
57 74 50
57 75 86
57 76 47
57 77 45
57 78 31
57 79 45
57 80 47
57 81 65
57 82 46
58 59 83
58 60 51
58 61 62
58 62 14
58 63 89
58 64 95
58 65 23
58 66 2
58 67 79
58 68 84
58 69 29
58 70 32
58 71 67
58 72 33
58 73 63
58 74 8
58 75 77
58 76 100
58 77 42
58 78 54
58 79 69
58 80 63
58 81 37
58 82 9
59 60 81
59 61 59
59 62 62
59 63 27
59 64 41
59 65 54
59 66 51
59 67 18
59 68 10
59 69 66
59 70 60
59 71 48
59 72 98
59 73 65
59 74 6
59 75 12
59 76 71
59 77 14
59 78 35
59 79 65
59 80 95
59 81 33
59 82 45
60 61 29
60 62 5
60 63 13
60 64 97
60 65 12
60 66 14
60 67 47
60 68 30
60 69 32
60 70 72
60 71 40
60 72 85
60 73 52
60 74 76
60 75 27
60 76 37
60 77 41
60 78 25
60 79 64
60 80 72
60 81 1
60 82 12
61 62 26
61 63 22
61 64 26
61 65 100
61 66 85
61 67 26
61 68 27
61 69 65
61 70 88
61 71 99
61 72 17
61 73 68
61 74 89
61 75 76
61 76 89
61 77 12
61 78 86
61 79 16
61 80 39
61 81 30
61 82 76
62 63 73
62 64 46
62 65 13
62 66 4
62 67 36
62 68 65
62 69 2
62 70 94
62 71 30
62 72 90
62 73 71
62 74 21
62 75 71
62 76 11
62 77 5
62 78 29
62 79 57
62 80 80
62 81 97
62 82 29
63 64 1
63 65 15
63 66 56
63 67 85
63 68 37
63 69 73
63 70 18
63 71 7
63 72 12
63 73 76
63 74 30
63 75 73
63 76 51
63 77 35
63 78 95
63 79 8
63 80 85
63 81 53
63 82 57
64 65 55
64 66 96
64 67 77
64 68 72
64 69 80
64 70 90
64 71 23
64 72 82
64 73 23
64 74 74
64 75 12
64 76 6
64 77 28
64 78 13
64 79 9
64 80 8
64 81 35
64 82 77
65 66 94
65 67 72
65 68 37
65 69 3
65 70 87
65 71 76
65 72 15
65 73 49
65 74 89
65 75 60
65 76 69
65 77 42
65 78 3
65 79 41
65 80 83
65 81 93
65 82 76
66 67 54
66 68 64
66 69 44
66 70 15
66 71 28
66 72 26
66 73 90
66 74 91
66 75 82
66 76 54
66 77 6
66 78 57
66 79 91
66 80 32
66 81 70
66 82 81
67 68 8
67 69 27
67 70 14
67 71 6
67 72 100
67 73 89
67 74 1
67 75 99
67 76 2
67 77 36
67 78 71
67 79 50
67 80 66
67 81 7
67 82 55
68 69 41
68 70 1
68 71 6
68 72 55
68 73 56
68 74 55
68 75 54
68 76 37
68 77 95
68 78 11
68 79 96
68 80 98
68 81 47
68 82 25
69 70 37
69 71 30
69 72 25
69 73 92
69 74 35
69 75 31
69 76 67
69 77 79
69 78 39
69 79 9
69 80 36
69 81 3
69 82 31
70 71 4
70 72 67
70 73 43
70 74 82
70 75 29
70 76 81
70 77 77
70 78 42
70 79 85
70 80 24
70 81 98
70 82 55
71 72 78
71 73 80
71 74 63
71 75 36
71 76 93
71 77 73
71 78 15
71 79 34
71 80 20
71 81 23
71 82 68
72 73 98
72 74 67
72 75 40
72 76 21
72 77 19
72 78 39
72 79 88
72 80 33
72 81 61
72 82 45
73 74 29
73 75 25
73 76 98
73 77 76
73 78 43
73 79 45
73 80 12
73 81 93
73 82 53
74 75 93
74 76 13
74 77 60
74 78 25
74 79 36
74 80 57
74 81 39
74 82 89
75 76 57
75 77 87
75 78 20
75 79 80
75 80 84
75 81 23
75 82 41
76 77 7
76 78 54
76 79 82
76 80 33
76 81 46
76 82 13
77 78 22
77 79 10
77 80 38
77 81 24
77 82 90
78 79 23
78 80 33
78 81 55
78 82 19
79 80 44
79 81 93
79 82 81
80 81 26
80 82 27
81 82 56
