108 5778 107
1 2 55
1 3 53
1 4 86
1 5 89
1 6 100
1 7 72
1 8 12
1 9 55
1 10 13
1 11 23
1 12 67
1 13 51
1 14 94
1 15 73
1 16 69
1 17 92
1 18 82
1 19 58
1 20 91
1 21 3
1 22 65
1 23 45
1 24 14
1 25 52
1 26 24
1 27 27
1 28 48
1 29 79
1 30 58
1 31 19
1 32 54
1 33 95
1 34 4
1 35 10
1 36 20
1 37 23
1 38 37
1 39 20
1 40 38
1 41 45
1 42 52
1 43 83
1 44 54
1 45 7
1 46 51
1 47 11
1 48 32
1 49 15
1 50 93
1 51 84
1 52 51
1 53 79
1 54 79
1 55 92
1 56 83
1 57 32
1 58 35
1 59 55
1 60 54
1 61 82
1 62 60
1 63 59
1 64 89
1 65 52
1 66 11
1 67 21
1 68 8
1 69 72
1 70 95
1 71 30
1 72 40
1 73 21
1 74 14
1 75 29
1 76 56
1 77 35
1 78 1
1 79 33
1 80 17
1 81 76
1 82 88
1 83 59
1 84 96
1 85 88
1 86 33
1 87 21
1 88 58
1 89 19
1 90 51
1 91 71
1 92 19
1 93 36
1 94 13
1 95 40
1 96 51
1 97 92
1 98 77
1 99 48
1 100 18
1 101 42
1 102 81
1 103 26
1 104 28
1 105 6
1 106 39
1 107 95
1 108 22
2 3 95
2 4 22
2 5 98
2 6 59
2 7 100
2 8 89
2 9 84
2 10 42
2 11 93
2 12 85
2 13 4
2 14 27
2 15 93
2 16 51
2 17 55
2 18 22
2 19 73
2 20 22
2 21 12
2 22 77
2 23 43
2 24 59
2 25 54
2 26 29
2 27 100
2 28 72
2 29 57
2 30 24
2 31 26
2 32 72
2 33 21
2 34 38
2 35 58
2 36 94
2 37 45
2 38 13
2 39 66
2 40 58
2 41 91
2 42 5
2 43 21
2 44 15
2 45 68
2 46 9
2 47 7
2 48 12
2 49 24
2 50 76
2 51 100
2 52 4
2 53 10
2 54 55
2 55 28
2 56 16
2 57 100
2 58 70
2 59 22
2 60 81
2 61 60
2 62 97
2 63 64
2 64 53
2 65 46
2 66 7
2 67 38
2 68 53
2 69 77
2 70 92
2 71 32
2 72 54
2 73 74
2 74 39
2 75 47
2 76 78
2 77 28
2 78 50
2 79 18
2 80 24
2 81 8
2 82 48
2 83 90
2 84 94
2 85 67
2 86 74
2 87 57
2 88 17
2 89 55
2 90 40
2 91 9
2 92 47
2 93 3
2 94 76
2 95 27
2 96 54
2 97 53
2 98 94
2 99 75
2 100 33
2 101 22
2 102 57
2 103 97
2 104 82
2 105 46
2 106 45
2 107 65
2 108 84
3 4 81
3 5 71
3 6 13
3 7 97
3 8 4
3 9 17
3 10 23
3 11 96
3 12 84
3 13 35
3 14 27
3 15 69
3 16 39
3 17 71
3 18 35
3 19 29
3 20 32
3 21 88
3 22 46
3 23 32
3 24 71
3 25 40
3 26 7
3 27 96
3 28 38
3 29 25
3 30 83
3 31 13
3 32 44
3 33 12
3 34 38
3 35 49
3 36 46
3 37 8
3 38 69
3 39 62
3 40 38
3 41 66
3 42 52
3 43 27
3 44 10
3 45 92
3 46 100
3 47 33
3 48 93
3 49 39
3 50 31
3 51 40
3 52 70
3 53 94
3 54 54
3 55 90
3 56 75
3 57 98
3 58 44
3 59 94
3 60 73
3 61 69
3 62 37
3 63 51
3 64 77
3 65 40
3 66 73
3 67 34
3 68 48
3 69 2
3 70 44
3 71 68
3 72 80
3 73 57
3 74 56
3 75 78
3 76 78
3 77 62
3 78 21
3 79 23
3 80 52
3 81 34
3 82 56
3 83 34
3 84 64
3 85 67
3 86 38
3 87 40
3 88 4
3 89 53
3 90 29
3 91 3
3 92 82
3 93 100
3 94 100
3 95 19
3 96 78
3 97 33
3 98 100
3 99 1
3 100 21
3 101 77
3 102 68
3 103 56
3 104 4
3 105 43
3 106 1
3 107 33
3 108 23
4 5 94
4 6 2
4 7 82
4 8 8
4 9 57
4 10 3
4 11 60
4 12 39
4 13 47
4 14 23
4 15 75
4 16 63
4 17 91
4 18 47
4 19 3
4 20 50
4 21 36
4 22 43
4 23 60
4 24 44
4 25 34
4 26 23
4 27 91
4 28 44
4 29 15
4 30 53
4 31 49
4 32 42
4 33 16
4 34 62
4 35 33
4 36 28
4 37 87
4 38 10
4 39 89
4 40 38
4 41 62
4 42 86
4 43 40
4 44 33
4 45 80
4 46 98
4 47 21
4 48 99
4 49 26
4 50 33
4 51 5
4 52 79
4 53 100
4 54 46
4 55 21
4 56 3
4 57 76
4 58 41
4 59 10
4 60 23
4 61 30
4 62 98
4 63 50
4 64 9
4 65 38
4 66 90
4 67 6
4 68 38
4 69 80
4 70 44
4 71 96
4 72 51
4 73 78
4 74 17
4 75 86
4 76 55
4 77 82
4 78 81
4 79 59
4 80 15
4 81 51
4 82 14
4 83 81
4 84 21
4 85 64
4 86 45
4 87 48
4 88 75
4 89 66
4 90 66
4 91 39
4 92 45
4 93 93
4 94 15
4 95 38
4 96 81
4 97 17
4 98 31
4 99 28
4 100 53
4 101 82
4 102 4
4 103 48
4 104 4
4 105 42
4 106 44
4 107 87
4 108 81
5 6 39
5 7 15
5 8 90
5 9 59
5 10 75
5 11 34
5 12 30
5 13 44
5 14 28
5 15 65
5 16 12
5 17 50
5 18 18
5 19 63
5 20 26
5 21 59
5 22 35
5 23 40
5 24 48
5 25 33
5 26 41
5 27 57
5 28 77
5 29 66
5 30 17
5 31 43
5 32 57
5 33 1
5 34 48
5 35 54
5 36 38
5 37 37
5 38 5
5 39 13
5 40 89
5 41 75
5 42 14
5 43 89
5 44 58
5 45 28
5 46 96
5 47 35
5 48 65
5 49 97
5 50 46
5 51 89
5 52 58
5 53 53
5 54 65
5 55 9
5 56 25
5 57 34
5 58 73
5 59 82
5 60 65
5 61 95
5 62 42
5 63 18
5 64 61
5 65 30
5 66 77
5 67 66
5 68 37
5 69 85
5 70 14
5 71 54
5 72 66
5 73 48
5 74 50
5 75 28
5 76 58
5 77 95
5 78 59
5 79 31
5 80 22
5 81 26
5 82 97
5 83 49
5 84 85
5 85 70
5 86 41
5 87 76
5 88 85
5 89 34
5 90 59
5 91 77
5 92 30
5 93 51
5 94 64
5 95 29
5 96 95
5 97 47
5 98 92
5 99 98
5 100 30
5 101 98
5 102 63
5 103 36
5 104 91
5 105 93
5 106 56
5 107 86
5 108 56
6 7 60
6 8 58
6 9 20
6 10 25
6 11 100
6 12 60
6 13 80
6 14 17
6 15 2
6 16 86
6 17 41
6 18 99
6 19 1
6 20 13
6 21 32
6 22 14
6 23 42
6 24 74
6 25 90
6 26 29
6 27 95
6 28 64
6 29 26
6 30 1
6 31 13
6 32 25
6 33 44
6 34 72
6 35 81
6 36 47
6 37 22
6 38 79
6 39 61
6 40 11
6 41 100
6 42 36
6 43 94
6 44 94
6 45 25
6 46 49
6 47 90
6 48 31
6 49 19
6 50 94
6 51 55
6 52 75
6 53 14
6 54 41
6 55 32
6 56 90
6 57 42
6 58 39
6 59 73
6 60 14
6 61 31
6 62 8
6 63 79
6 64 68
6 65 68
6 66 74
6 67 29
6 68 26
6 69 58
6 70 6
6 71 63
6 72 79
6 73 57
6 74 71
6 75 69
6 76 100
6 77 58
6 78 79
6 79 98
6 80 86
6 81 84
6 82 43
6 83 39
6 84 97
6 85 7
6 86 58
6 87 66
6 88 39
6 89 87
6 90 61
6 91 75
6 92 96
6 93 25
6 94 96
6 95 99
6 96 10
6 97 27
6 98 2
6 99 51
6 100 6
6 101 3
6 102 83
6 103 62
6 104 41
6 105 20
6 106 5
6 107 26
6 108 67
7 8 92
7 9 86
7 10 53
7 11 59
7 12 77
7 13 96
7 14 31
7 15 8
7 16 46
7 17 86
7 18 85
7 19 38
7 20 98
7 21 83
7 22 79
7 23 81
7 24 97
7 25 60
7 26 64
7 27 2
7 28 71
7 29 92
7 30 92
7 31 41
7 32 43
7 33 91
7 34 45
7 35 44
7 36 76
7 37 93
7 38 34
7 39 72
7 40 49
7 41 5
7 42 77
7 43 58
7 44 71
7 45 20
7 46 92
7 47 10
7 48 92
7 49 22
7 50 48
7 51 10
7 52 79
7 53 34
7 54 72
7 55 32
7 56 4
7 57 9
7 58 86
7 59 59
7 60 55
7 61 76
7 62 48
7 63 60
7 64 80
7 65 46
7 66 80
7 67 42
7 68 97
7 69 89
7 70 94
7 71 88
7 72 41
7 73 23
7 74 85
7 75 95
7 76 27
7 77 92
7 78 96
7 79 44
7 80 49
7 81 15
7 82 28
7 83 77
7 84 44
7 85 75
7 86 3
7 87 59
7 88 89
7 89 10
7 90 25
7 91 66
7 92 40
7 93 15
7 94 73
7 95 46
7 96 26
7 97 70
7 98 14
7 99 31
7 100 93
7 101 51
7 102 91
7 103 92
7 104 14
7 105 85
7 106 43
7 107 4
7 108 9
8 9 14
8 10 75
8 11 78
8 12 72
8 13 66
8 14 47
8 15 41
8 16 83
8 17 98
8 18 40
8 19 70
8 20 54
8 21 3
8 22 3
8 23 20
8 24 81
8 25 47
8 26 43
8 27 52
8 28 69
8 29 77
8 30 90
8 31 4
8 32 41
8 33 95
8 34 24
8 35 99
8 36 10
8 37 21
8 38 90
8 39 41
8 40 13
8 41 43
8 42 97
8 43 52
8 44 56
8 45 37
8 46 1
8 47 74
8 48 80
8 49 39
8 50 1
8 51 35
8 52 12
8 53 53
8 54 67
8 55 7
8 56 64
8 57 28
8 58 98
8 59 90
8 60 66
8 61 74
8 62 35
8 63 55
8 64 67
8 65 75
8 66 93
8 67 26
8 68 34
8 69 99
8 70 62
8 71 39
8 72 58
8 73 94
8 74 10
8 75 8
8 76 1
8 77 32
8 78 93
8 79 79
8 80 26
8 81 50
8 82 46
8 83 48
8 84 27
8 85 13
8 86 4
8 87 28
8 88 5
8 89 74
8 90 16
8 91 48
8 92 2
8 93 26
8 94 54
8 95 93
8 96 29
8 97 63
8 98 81
8 99 87
8 100 72
8 101 48
8 102 11
8 103 62
8 104 60
8 105 91
8 106 100
8 107 66
8 108 88
9 10 51
9 11 59
9 12 39
9 13 55
9 14 24
9 15 90
9 16 53
9 17 7
9 18 63
9 19 2
9 20 12
9 21 44
9 22 10
9 23 6
9 24 62
9 25 44
9 26 53
9 27 77
9 28 25
9 29 26
9 30 46
9 31 30
9 32 67
9 33 35
9 34 76
9 35 38
9 36 17
9 37 10
9 38 80
9 39 41
9 40 51
9 41 7
9 42 47
9 43 23
9 44 77
9 45 88
9 46 3
9 47 44
9 48 74
9 49 76
9 50 22
9 51 66
9 52 46
9 53 98
9 54 77
9 55 45
9 56 79
9 57 72
9 58 87
9 59 47
9 60 22
9 61 79
9 62 36
9 63 70
9 64 37
9 65 26
9 66 88
9 67 99
9 68 1
9 69 75
9 70 27
9 71 33
9 72 64
9 73 46
9 74 89
9 75 63
9 76 65
9 77 27
9 78 76
9 79 89
9 80 92
9 81 43
9 82 100
9 83 42
9 84 66
9 85 31
9 86 68
9 87 97
9 88 33
9 89 38
9 90 32
9 91 1
9 92 95
9 93 60
9 94 96
9 95 67
9 96 17
9 97 63
9 98 9
9 99 81
9 100 24
9 101 84
9 102 94
9 103 19
9 104 33
9 105 8
9 106 60
9 107 92
9 108 3
10 11 11
10 12 69
10 13 53
10 14 47
10 15 47
10 16 34
10 17 73
10 18 6
10 19 80
10 20 14
10 21 53
10 22 24
10 23 16
10 24 76
10 25 98
10 26 99
10 27 59
10 28 29
10 29 64
10 30 34
10 31 95
10 32 36
10 33 15
10 34 55
10 35 82
10 36 27
10 37 6
10 38 72
10 39 80
10 40 41
10 41 38
10 42 7
10 43 65
10 44 71
10 45 82
10 46 26
10 47 11
10 48 29
10 49 71
10 50 53
10 51 88
10 52 56
10 53 44
10 54 8
10 55 44
10 56 42
10 57 22
10 58 35
10 59 73
10 60 8
10 61 84
10 62 66
10 63 62
10 64 49
10 65 93
10 66 38
10 67 9
10 68 54
10 69 19
10 70 7
10 71 35
10 72 80
10 73 52
10 74 4
10 75 62
10 76 48
10 77 41
10 78 49
10 79 33
10 80 15
10 81 1
10 82 17
10 83 39
10 84 87
10 85 86
10 86 9
10 87 46
10 88 42
10 89 87
10 90 99
10 91 1
10 92 29
10 93 96
10 94 82
10 95 41
10 96 38
10 97 22
10 98 94
10 99 12
10 100 34
10 101 60
10 102 67
10 103 67
10 104 65
10 105 6
10 106 77
10 107 45
10 108 69
11 12 6
11 13 85
11 14 15
11 15 9
11 16 65
11 17 87
11 18 98
11 19 55
11 20 82
11 21 48
11 22 95
11 23 75
11 24 91
11 25 82
11 26 76
11 27 84
11 28 1
11 29 54
11 30 55
11 31 42
11 32 96
11 33 57
11 34 12
11 35 40
11 36 61
11 37 13
11 38 20
11 39 28
11 40 54
11 41 7
11 42 83
11 43 87
11 44 43
11 45 96
11 46 57
11 47 87
11 48 90
11 49 9
11 50 3
11 51 85
11 52 82
11 53 45
11 54 70
11 55 55
11 56 72
11 57 59
11 58 49
11 59 4
11 60 78
11 61 37
11 62 86
11 63 52
11 64 48
11 65 20
11 66 2
11 67 97
11 68 47
11 69 59
11 70 69
11 71 15
11 72 97
11 73 74
11 74 8
11 75 82
11 76 98
11 77 55
11 78 50
11 79 74
11 80 42
11 81 91
11 82 40
11 83 79
11 84 93
11 85 66
11 86 2
11 87 13
11 88 39
11 89 46
11 90 27
11 91 70
11 92 49
11 93 4
11 94 47
11 95 32
11 96 30
11 97 62
11 98 60
11 99 6
11 100 74
11 101 41
11 102 13
11 103 92
11 104 62
11 105 91
11 106 5
11 107 95
11 108 51
12 13 92
12 14 8
12 15 34
12 16 3
12 17 17
12 18 58
12 19 69
12 20 80
12 21 20
12 22 6
12 23 27
12 24 13
12 25 94
12 26 86
12 27 85
12 28 84
12 29 85
12 30 76
12 31 15
12 32 85
12 33 96
12 34 23
12 35 84
12 36 93
12 37 24
12 38 35
12 39 38
12 40 11
12 41 12
12 42 48
12 43 18
12 44 77
12 45 28
12 46 66
12 47 5
12 48 22
12 49 33
12 50 36
12 51 70
12 52 2
12 53 78
12 54 99
12 55 57
12 56 72
12 57 84
12 58 77
12 59 78
12 60 27
12 61 78
12 62 60
12 63 11
12 64 44
12 65 87
12 66 29
12 67 28
12 68 61
12 69 65
12 70 43
12 71 29
12 72 9
12 73 32
12 74 92
12 75 56
12 76 57
12 77 43
12 78 35
12 79 77
12 80 97
12 81 32
12 82 95
12 83 54
12 84 60
12 85 24
12 86 11
12 87 39
12 88 66
12 89 95
12 90 36
12 91 35
12 92 92
12 93 36
12 94 96
12 95 83
12 96 64
12 97 87
12 98 100
12 99 35
12 100 100
12 101 67
12 102 43
12 103 90
12 104 28
12 105 47
12 106 35
12 107 92
12 108 32
13 14 49
13 15 90
13 16 61
13 17 31
13 18 10
13 19 13
13 20 77
13 21 95
13 22 56
13 23 80
13 24 24
13 25 98
13 26 46
13 27 84
13 28 15
13 29 51
13 30 57
13 31 79
13 32 47
13 33 19
13 34 57
13 35 70
13 36 60
13 37 70
13 38 10
13 39 63
13 40 87
13 41 64
13 42 46
13 43 86
13 44 49
13 45 86
13 46 54
13 47 22
13 48 27
13 49 81
13 50 34
13 51 29
13 52 45
13 53 36
13 54 68
13 55 22
13 56 8
13 57 32
13 58 56
13 59 79
13 60 74
13 61 15
13 62 71
13 63 61
13 64 65
13 65 97
13 66 85
13 67 85
13 68 14
13 69 25
13 70 43
13 71 72
13 72 89
13 73 2
13 74 15
13 75 81
13 76 57
13 77 79
13 78 9
13 79 14
13 80 85
13 81 99
13 82 24
13 83 95
13 84 31
13 85 35
13 86 78
13 87 72
13 88 35
13 89 93
13 90 16
13 91 63
13 92 73
13 93 61
13 94 25
13 95 31
13 96 90
13 97 100
13 98 85
13 99 29
13 100 82
13 101 35
13 102 19
13 103 81
13 104 72
13 105 95
13 106 72
13 107 81
13 108 20
14 15 82
14 16 72
14 17 7
14 18 23
14 19 37
14 20 93
14 21 16
14 22 39
14 23 13
14 24 94
14 25 41
14 26 44
14 27 73
14 28 26
14 29 41
14 30 60
14 31 72
14 32 67
14 33 20
14 34 35
14 35 100
14 36 6
14 37 61
14 38 13
14 39 17
14 40 91
14 41 43
14 42 40
14 43 46
14 44 36
14 45 12
14 46 28
14 47 59
14 48 8
14 49 90
14 50 38
14 51 79
14 52 62
14 53 22
14 54 73
14 55 81
14 56 72
14 57 88
14 58 27
14 59 41
14 60 2
14 61 51
14 62 30
14 63 90
14 64 62
14 65 80
14 66 29
14 67 47
14 68 70
14 69 20
14 70 84
14 71 51
14 72 26
14 73 12
14 74 42
14 75 69
14 76 51
14 77 1
14 78 37
14 79 32
14 80 33
14 81 85
14 82 38
14 83 40
14 84 63
14 85 25
14 86 50
14 87 29
14 88 100
14 89 63
14 90 96
14 91 18
14 92 19
14 93 2
14 94 13
14 95 80
14 96 52
14 97 51
14 98 23
14 99 40
14 100 55
14 101 26
14 102 41
14 103 95
14 104 47
14 105 33
14 106 87
14 107 10
14 108 11
15 16 86
15 17 85
15 18 81
15 19 28
15 20 71
15 21 65
15 22 64
15 23 36
15 24 62
15 25 22
15 26 35
15 27 66
15 28 72
15 29 25
15 30 81
15 31 16
15 32 55
15 33 92
15 34 13
15 35 15
15 36 99
15 37 82
15 38 100
15 39 43
15 40 1
15 41 65
15 42 29
15 43 20
15 44 5
15 45 87
15 46 85
15 47 56
15 48 67
15 49 49
15 50 28
15 51 16
15 52 95
15 53 65
15 54 51
15 55 65
15 56 80
15 57 59
15 58 79
15 59 10
15 60 47
15 61 94
15 62 94
15 63 77
15 64 13
15 65 38
15 66 66
15 67 56
15 68 64
15 69 34
15 70 91
15 71 31
15 72 85
15 73 82
15 74 22
15 75 5
15 76 81
15 77 58
15 78 26
15 79 82
15 80 12
15 81 16
15 82 26
15 83 95
15 84 85
15 85 20
15 86 11
15 87 85
15 88 8
15 89 55
15 90 89
15 91 58
15 92 34
15 93 28
15 94 100
15 95 79
15 96 94
15 97 15
15 98 50
15 99 46
15 100 7
15 101 35
15 102 21
15 103 57
15 104 77
15 105 64
15 106 33
15 107 22
15 108 54
16 17 31
16 18 15
16 19 32
16 20 53
16 21 54
16 22 30
16 23 47
16 24 31
16 25 87
16 26 62
16 27 50
16 28 82
16 29 14
16 30 75
16 31 96
16 32 99
16 33 40
16 34 39
16 35 77
16 36 85
16 37 58
16 38 76
16 39 26
16 40 72
16 41 2
16 42 68
16 43 15
16 44 80
16 45 82
16 46 45
16 47 56
16 48 10
16 49 11
16 50 80
16 51 13
16 52 19
16 53 69
16 54 81
16 55 92
16 56 5
16 57 68
16 58 2
16 59 31
16 60 71
16 61 100
16 62 65
16 63 44
16 64 29
16 65 90
16 66 11
16 67 11
16 68 65
16 69 40
16 70 14
16 71 41
16 72 50
16 73 27
16 74 25
16 75 62
16 76 1
16 77 88
16 78 21
16 79 47
16 80 61
16 81 26
16 82 59
16 83 14
16 84 97
16 85 90
16 86 2
16 87 55
16 88 86
16 89 17
16 90 69
16 91 32
16 92 45
16 93 19
16 94 67
16 95 88
16 96 87
16 97 78
16 98 74
16 99 19
16 100 52
16 101 100
16 102 79
16 103 6
16 104 25
16 105 2
16 106 56
16 107 60
16 108 19
17 18 50
17 19 17
17 20 1
17 21 93
17 22 94
17 23 57
17 24 97
17 25 84
17 26 43
17 27 70
17 28 84
17 29 40
17 30 29
17 31 79
17 32 42
17 33 100
17 34 45
17 35 21
17 36 2
17 37 93
17 38 58
17 39 16
17 40 26
17 41 75
17 42 42
17 43 74
17 44 70
17 45 13
17 46 2
17 47 25
17 48 60
17 49 5
17 50 70
17 51 77
17 52 96
17 53 98
17 54 93
17 55 25
17 56 14
17 57 29
17 58 97
17 59 95
17 60 84
17 61 97
17 62 73
17 63 89
17 64 96
17 65 13
17 66 83
17 67 40
17 68 61
17 69 73
17 70 71
17 71 87
17 72 13
17 73 51
17 74 36
17 75 86
17 76 27
17 77 2
17 78 90
17 79 33
17 80 87
17 81 2
17 82 9
17 83 10
17 84 56
17 85 1
17 86 7
17 87 62
17 88 89
17 89 21
17 90 99
17 91 33
17 92 2
17 93 69
17 94 33
17 95 64
17 96 74
17 97 56
17 98 21
17 99 69
17 100 80
17 101 26
17 102 33
17 103 20
17 104 6
17 105 36
17 106 78
17 107 41
17 108 21
18 19 27
18 20 97
18 21 94
18 22 32
18 23 88
18 24 6
18 25 8
18 26 95
18 27 34
18 28 92
18 29 71
18 30 40
18 31 79
18 32 6
18 33 1
18 34 68
18 35 48
18 36 19
18 37 45
18 38 33
18 39 17
18 40 62
18 41 60
18 42 97
18 43 22
18 44 13
18 45 94
18 46 33
18 47 62
18 48 84
18 49 30
18 50 38
18 51 45
18 52 63
18 53 48
18 54 97
18 55 19
18 56 16
18 57 39
18 58 95
18 59 79
18 60 36
18 61 96
18 62 60
18 63 98
18 64 61
18 65 50
18 66 15
18 67 87
18 68 1
18 69 24
18 70 93
18 71 100
18 72 48
18 73 33
18 74 10
18 75 79
18 76 68
18 77 52
18 78 5
18 79 21
18 80 37
18 81 13
18 82 92
18 83 3
18 84 2
18 85 52
18 86 54
18 87 74
18 88 100
18 89 44
18 90 38
18 91 13
18 92 9
18 93 51
18 94 49
18 95 5
18 96 75
18 97 17
18 98 75
18 99 9
18 100 50
18 101 59
18 102 27
18 103 27
18 104 20
18 105 4
18 106 67
18 107 67
18 108 74
19 20 7
19 21 81
19 22 5
19 23 2
19 24 92
19 25 83
19 26 25
19 27 53
19 28 64
19 29 99
19 30 88
19 31 31
19 32 59
19 33 20
19 34 75
19 35 30
19 36 17
19 37 88
19 38 56
19 39 62
19 40 4
19 41 55
19 42 33
19 43 91
19 44 38
19 45 91
19 46 82
19 47 41
19 48 33
19 49 56
19 50 89
19 51 79
19 52 2
19 53 68
19 54 35
19 55 71
19 56 64
19 57 9
19 58 29
19 59 82
19 60 61
19 61 33
19 62 89
19 63 73
19 64 71
19 65 94
19 66 73
19 67 56
19 68 39
19 69 8
19 70 92
19 71 89
19 72 77
19 73 23
19 74 52
19 75 83
19 76 25
19 77 53
19 78 58
19 79 74
19 80 93
19 81 56
19 82 27
19 83 52
19 84 36
19 85 92
19 86 13
19 87 14
19 88 65
19 89 95
19 90 93
19 91 43
19 92 3
19 93 75
19 94 46
19 95 22
19 96 74
19 97 39
19 98 82
19 99 26
19 100 49
19 101 23
19 102 82
19 103 30
19 104 75
19 105 2
19 106 2
19 107 90
19 108 87
20 21 31
20 22 1
20 23 94
20 24 16
20 25 46
20 26 9
20 27 6
20 28 40
20 29 48
20 30 81
20 31 59
20 32 95
20 33 39
20 34 100
20 35 100
20 36 49
20 37 100
20 38 61
20 39 38
20 40 58
20 41 26
20 42 10
20 43 14
20 44 13
20 45 84
20 46 49
20 47 70
20 48 75
20 49 79
20 50 68
20 51 20
20 52 89
20 53 62
20 54 28
20 55 16
20 56 85
20 57 72
20 58 86
20 59 51
20 60 66
20 61 11
20 62 6
20 63 25
20 64 63
20 65 40
20 66 32
20 67 39
20 68 26
20 69 87
20 70 43
20 71 55
20 72 91
20 73 96
20 74 29
20 75 50
20 76 90
20 77 68
20 78 15
20 79 66
20 80 50
20 81 40
20 82 27
20 83 57
20 84 6
20 85 74
20 86 55
20 87 76
20 88 56
20 89 44
20 90 20
20 91 63
20 92 82
20 93 53
20 94 98
20 95 66
20 96 91
20 97 42
20 98 47
20 99 3
20 100 63
20 101 32
20 102 24
20 103 35
20 104 6
20 105 12
20 106 35
20 107 8
20 108 15
21 22 30
21 23 7
21 24 85
21 25 6
21 26 62
21 27 21
21 28 71
21 29 90
21 30 97
21 31 67
21 32 36
21 33 76
21 34 98
21 35 82
21 36 75
21 37 69
21 38 42
21 39 50
21 40 64
21 41 81
21 42 1
21 43 41
21 44 65
21 45 49
21 46 72
21 47 64
21 48 81
21 49 24
21 50 22
21 51 1
21 52 5
21 53 23
21 54 79
21 55 11
21 56 13
21 57 55
21 58 99
21 59 78
21 60 24
21 61 18
21 62 91
21 63 13
21 64 63
21 65 66
21 66 98
21 67 46
21 68 44
21 69 65
21 70 46
21 71 33
21 72 20
21 73 11
21 74 17
21 75 44
21 76 39
21 77 32
21 78 81
21 79 25
21 80 51
21 81 41
21 82 91
21 83 65
21 84 88
21 85 43
21 86 99
21 87 45
21 88 34
21 89 47
21 90 85
21 91 82
21 92 71
21 93 59
21 94 4
21 95 11
21 96 92
21 97 28
21 98 77
21 99 74
21 100 17
21 101 88
21 102 10
21 103 82
21 104 27
21 105 6
21 106 1
21 107 48
21 108 61
22 23 10
22 24 46
22 25 99
22 26 8
22 27 99
22 28 71
22 29 47
22 30 12
22 31 9
22 32 50
22 33 99
22 34 70
22 35 75
22 36 28
22 37 85
22 38 100
22 39 81
22 40 10
22 41 68
22 42 11
22 43 56
22 44 50
22 45 40
22 46 66
22 47 85
22 48 16
22 49 37
22 50 46
22 51 82
22 52 56
22 53 24
22 54 91
22 55 29
22 56 38
22 57 100
22 58 71
22 59 41
22 60 21
22 61 26
22 62 80
22 63 57
22 64 54
22 65 73
22 66 27
22 67 93
22 68 66
22 69 84
22 70 67
22 71 99
22 72 51
22 73 58
22 74 100
22 75 22
22 76 3
22 77 15
22 78 91
22 79 38
22 80 65
22 81 54
22 82 26
22 83 60
22 84 8
22 85 26
22 86 59
22 87 77
22 88 98
22 89 81
22 90 60
22 91 63
22 92 9
22 93 91
22 94 33
22 95 9
22 96 25
22 97 53
22 98 85
22 99 48
22 100 44
22 101 91
22 102 90
22 103 40
22 104 75
22 105 42
22 106 57
22 107 15
22 108 45
23 24 46
23 25 18
23 26 6
23 27 30
23 28 17
23 29 29
23 30 72
23 31 95
23 32 56
23 33 56
23 34 9
23 35 70
23 36 2
23 37 95
23 38 40
23 39 97
23 40 24
23 41 97
23 42 7
23 43 72
23 44 96
23 45 62
23 46 93
23 47 56
23 48 33
23 49 71
23 50 22
23 51 62
23 52 13
23 53 30
23 54 99
23 55 30
23 56 39
23 57 3
23 58 19
23 59 29
23 60 55
23 61 9
23 62 67
23 63 45
23 64 74
23 65 10
23 66 5
23 67 51
23 68 14
23 69 7
23 70 78
23 71 51
23 72 4
23 73 66
23 74 19
23 75 5
23 76 62
23 77 91
23 78 77
23 79 37
23 80 11
23 81 58
23 82 67
23 83 8
23 84 60
23 85 57
23 86 31
23 87 52
23 88 94
23 89 77
23 90 66
23 91 48
23 92 69
23 93 35
23 94 74
23 95 26
23 96 73
23 97 74
23 98 50
23 99 72
23 100 96
23 101 7
23 102 38
23 103 22
23 104 59
23 105 91
23 106 4
23 107 61
23 108 37
24 25 1
24 26 100
24 27 49
24 28 38
24 29 75
24 30 44
24 31 66
24 32 84
24 33 8
24 34 79
24 35 65
24 36 53
24 37 94
24 38 30
24 39 55
24 40 1
24 41 78
24 42 17
24 43 30
24 44 37
24 45 10
24 46 89
24 47 99
24 48 73
24 49 35
24 50 91
24 51 9
24 52 13
24 53 21
24 54 3
24 55 51
24 56 38
24 57 86
24 58 15
24 59 86
24 60 44
24 61 19
24 62 98
24 63 71
24 64 45
24 65 31
24 66 73
24 67 19
24 68 47
24 69 11
24 70 26
24 71 48
24 72 83
24 73 66
24 74 29
24 75 91
24 76 11
24 77 7
24 78 65
24 79 72
24 80 27
24 81 75
24 82 6
24 83 13
24 84 57
24 85 31
24 86 9
24 87 36
24 88 9
24 89 42
24 90 62
24 91 25
24 92 45
24 93 64
24 94 84
24 95 14
24 96 28
24 97 3
24 98 71
24 99 71
24 100 16
24 101 5
24 102 56
24 103 47
24 104 36
24 105 97
24 106 93
24 107 16
24 108 20
25 26 17
25 27 19
25 28 79
25 29 49
25 30 10
25 31 38
25 32 94
25 33 61
25 34 30
25 35 91
25 36 97
25 37 66
25 38 9
25 39 24
25 40 2
25 41 49
25 42 52
25 43 90
25 44 40
25 45 23
25 46 91
25 47 31
25 48 25
25 49 18
25 50 18
25 51 38
25 52 3
25 53 68
25 54 99
25 55 7
25 56 24
25 57 52
25 58 83
25 59 69
25 60 70
25 61 72
25 62 71
25 63 92
25 64 84
25 65 15
25 66 72
25 67 72
25 68 26
25 69 84
25 70 28
25 71 73
25 72 1
25 73 18
25 74 15
25 75 35
25 76 39
25 77 82
25 78 54
25 79 56
25 80 14
25 81 69
25 82 7
25 83 18
25 84 59
25 85 17
25 86 65
25 87 28
25 88 16
25 89 92
25 90 4
25 91 91
25 92 73
25 93 24
25 94 67
25 95 25
25 96 99
25 97 59
25 98 34
25 99 47
25 100 81
25 101 85
25 102 64
25 103 4
25 104 38
25 105 55
25 106 95
25 107 1
25 108 49
26 27 56
26 28 60
26 29 68
26 30 46
26 31 77
26 32 39
26 33 31
26 34 10
26 35 40
26 36 73
26 37 20
26 38 61
26 39 79
26 40 94
26 41 36
26 42 79
26 43 66
26 44 48
26 45 75
26 46 56
26 47 13
26 48 2
26 49 21
26 50 78
26 51 4
26 52 83
26 53 48
26 54 11
26 55 30
26 56 45
26 57 64
26 58 49
26 59 71
26 60 69
26 61 59
26 62 93
26 63 9
26 64 50
26 65 5
26 66 53
26 67 41
26 68 34
26 69 32
26 70 55
26 71 50
26 72 22
26 73 87
26 74 31
26 75 16
26 76 51
26 77 84
26 78 38
26 79 52
26 80 53
26 81 56
26 82 39
26 83 39
26 84 39
26 85 54
26 86 90
26 87 33
26 88 18
26 89 86
26 90 33
26 91 78
26 92 2
26 93 35
26 94 99
26 95 45
26 96 33
26 97 55
26 98 38
26 99 1
26 100 6
26 101 71
26 102 40
26 103 95
26 104 20
26 105 86
26 106 51
26 107 41
26 108 33
27 28 28
27 29 95
27 30 29
27 31 83
27 32 79
27 33 63
27 34 76
27 35 41
27 36 38
27 37 49
27 38 1
27 39 100
27 40 29
27 41 13
27 42 53
27 43 37
27 44 76
27 45 3
27 46 57
27 47 79
27 48 34
27 49 65
27 50 19
27 51 51
27 52 69
27 53 22
27 54 59
27 55 63
27 56 41
27 57 18
27 58 16
27 59 87
27 60 62
27 61 44
27 62 29
27 63 79
27 64 90
27 65 53
27 66 55
27 67 38
27 68 14
27 69 52
27 70 1
27 71 80
27 72 4
27 73 57
27 74 7
27 75 59
27 76 42
27 77 28
27 78 27
27 79 83
27 80 8
27 81 98
27 82 48
27 83 62
27 84 84
27 85 50
27 86 2
27 87 86
27 88 100
27 89 35
27 90 93
27 91 54
27 92 2
27 93 16
27 94 78
27 95 45
27 96 92
27 97 58
27 98 78
27 99 54
27 100 66
27 101 86
27 102 36
27 103 88
27 104 20
27 105 20
27 106 63
27 107 41
27 108 92
28 29 46
28 30 98
28 31 6
28 32 38
28 33 60
28 34 17
28 35 20
28 36 44
28 37 93
28 38 50
28 39 1
28 40 86
28 41 46
28 42 71
28 43 3
28 44 56
28 45 36
28 46 68
28 47 28
28 48 87
28 49 90
28 50 12
28 51 25
28 52 86
28 53 54
28 54 59
28 55 57
28 56 53
28 57 32
28 58 73
28 59 25
28 60 99
28 61 91
28 62 47
28 63 85
28 64 26
28 65 24
28 66 77
28 67 77
28 68 20
28 69 38
28 70 97
28 71 3
28 72 20
28 73 88
28 74 62
28 75 5
28 76 78
28 77 6
28 78 87
28 79 61
28 80 45
28 81 9
28 82 42
28 83 8
28 84 69
28 85 47
28 86 2
28 87 45
28 88 12
28 89 67
28 90 66
28 91 43
28 92 1
28 93 97
28 94 13
28 95 69
28 96 49
28 97 90
28 98 84
28 99 64
28 100 29
28 101 59
28 102 18
28 103 57
28 104 35
28 105 57
28 106 72
28 107 18
28 108 91
29 30 79
29 31 38
29 32 13
29 33 98
29 34 41
29 35 31
29 36 42
29 37 90
29 38 2
29 39 55
29 40 25
29 41 95
29 42 24
29 43 37
29 44 32
29 45 31
29 46 39
29 47 18
29 48 93
29 49 54
29 50 92
29 51 62
29 52 96
29 53 80
29 54 22
29 55 73
29 56 76
29 57 73
29 58 44
29 59 56
29 60 38
29 61 94
29 62 41
29 63 100
29 64 77
29 65 46
29 66 22
29 67 96
29 68 55
29 69 17
29 70 52
29 71 11
29 72 21
29 73 86
29 74 33
29 75 69
29 76 73
29 77 59
29 78 81
29 79 67
29 80 84
29 81 11
29 82 60
29 83 6
29 84 62
29 85 12
29 86 26
29 87 99
29 88 11
29 89 90
29 90 19
29 91 25
29 92 14
29 93 64
29 94 18
29 95 32
29 96 70
29 97 52
29 98 5
29 99 79
29 100 14
29 101 71
29 102 24
29 103 84
29 104 21
29 105 51
29 106 42
29 107 29
29 108 64
30 31 91
30 32 7
30 33 92
30 34 20
30 35 87
30 36 61
30 37 46
30 38 26
30 39 34
30 40 59
30 41 92
30 42 46
30 43 15
30 44 47
30 45 98
30 46 3
30 47 66
30 48 44
30 49 63
30 50 19
30 51 1
30 52 89
30 53 40
30 54 97
30 55 49
30 56 43
30 57 9
30 58 49
30 59 42
30 60 17
30 61 33
30 62 2
30 63 14
30 64 44
30 65 46
30 66 47
30 67 17
30 68 67
30 69 16
30 70 6
30 71 45
30 72 52
30 73 64
30 74 28
30 75 13
30 76 18
30 77 52
30 78 92
30 79 92
30 80 22
30 81 79
30 82 17
30 83 59
30 84 7
30 85 3
30 86 10
30 87 100
30 88 37
30 89 74
30 90 33
30 91 4
30 92 29
30 93 16
30 94 93
30 95 52
30 96 4
30 97 81
30 98 89
30 99 60
30 100 97
30 101 54
30 102 84
30 103 86
30 104 3
30 105 38
30 106 34
30 107 24
30 108 40
31 32 83
31 33 72
31 34 13
31 35 32
31 36 85
31 37 72
31 38 2
31 39 25
31 40 29
31 41 93
31 42 43
31 43 60
31 44 67
31 45 18
31 46 83
31 47 52
31 48 44
31 49 22
31 50 93
31 51 79
31 52 14
31 53 60
31 54 12
31 55 9
31 56 9
31 57 49
31 58 10
31 59 37
31 60 81
31 61 80
31 62 46
31 63 90
31 64 59
31 65 85
31 66 85
31 67 24
31 68 68
31 69 19
31 70 75
31 71 76
31 72 75
31 73 46
31 74 76
31 75 46
31 76 98
31 77 77
31 78 81
31 79 73
31 80 19
31 81 76
31 82 81
31 83 23
31 84 49
31 85 15
31 86 64
31 87 94
31 88 65
31 89 68
31 90 76
31 91 94
31 92 93
31 93 26
31 94 75
31 95 28
31 96 39
31 97 87
31 98 22
31 99 86
31 100 10
31 101 33
31 102 21
31 103 74
31 104 62
31 105 43
31 106 90
31 107 11
31 108 98
32 33 58
32 34 5
32 35 61
32 36 24
32 37 98
32 38 3
32 39 13
32 40 93
32 41 43
32 42 53
32 43 57
32 44 99
32 45 17
32 46 66
32 47 73
32 48 35
32 49 33
32 50 45
32 51 62
32 52 67
32 53 55
32 54 99
32 55 30
32 56 79
32 57 65
32 58 66
32 59 19
32 60 37
32 61 99
32 62 84
32 63 36
32 64 50
32 65 23
32 66 21
32 67 68
32 68 38
32 69 30
32 70 63
32 71 30
32 72 26
32 73 19
32 74 2
32 75 13
32 76 98
32 77 44
32 78 36
32 79 92
32 80 12
32 81 4
32 82 25
32 83 11
32 84 96
32 85 92
32 86 2
32 87 89
32 88 25
32 89 43
32 90 64
32 91 38
32 92 66
32 93 15
32 94 83
32 95 87
32 96 99
32 97 55
32 98 19
32 99 1
32 100 80
32 101 68
32 102 84
32 103 92
32 104 59
32 105 44
32 106 56
32 107 75
32 108 12
33 34 17
33 35 52
33 36 1
33 37 58
33 38 48
33 39 37
33 40 10
33 41 57
33 42 4
33 43 66
33 44 12
33 45 61
33 46 91
33 47 9
33 48 63
33 49 30
33 50 71
33 51 36
33 52 34
33 53 17
33 54 4
33 55 74
33 56 93
33 57 43
33 58 36
33 59 30
33 60 99
33 61 37
33 62 10
33 63 62
33 64 68
33 65 53
33 66 13
33 67 63
33 68 43
33 69 55
33 70 56
33 71 55
33 72 21
33 73 8
33 74 72
33 75 36
33 76 4
33 77 87
33 78 74
33 79 25
33 80 100
33 81 8
33 82 66
33 83 22
33 84 33
33 85 3
33 86 22
33 87 7
33 88 39
33 89 32
33 90 39
33 91 7
33 92 42
33 93 35
33 94 99
33 95 12
33 96 36
33 97 96
33 98 96
33 99 9
33 100 47
33 101 32
33 102 53
33 103 31
33 104 95
33 105 4
33 106 96
33 107 30
33 108 47
34 35 30
34 36 60
34 37 30
34 38 35
34 39 58
34 40 26
34 41 53
34 42 2
34 43 71
34 44 5
34 45 99
34 46 29
34 47 57
34 48 8
34 49 85
34 50 7
34 51 30
34 52 49
34 53 52
34 54 71
34 55 33
34 56 36
34 57 42
34 58 32
34 59 36
34 60 46
34 61 22
34 62 22
34 63 55
34 64 59
34 65 47
34 66 44
34 67 39
34 68 72
34 69 39
34 70 39
34 71 92
34 72 44
34 73 71
34 74 46
34 75 30
34 76 43
34 77 8
34 78 10
34 79 55
34 80 95
34 81 35
34 82 42
34 83 49
34 84 13
34 85 61
34 86 39
34 87 52
34 88 65
34 89 31
34 90 44
34 91 38
34 92 12
34 93 1
34 94 66
34 95 87
34 96 100
34 97 55
34 98 58
34 99 61
34 100 49
34 101 30
34 102 77
34 103 65
34 104 59
34 105 45
34 106 29
34 107 17
34 108 32
35 36 82
35 37 16
35 38 38
35 39 6
35 40 28
35 41 15
35 42 67
35 43 62
35 44 10
35 45 4
35 46 4
35 47 31
35 48 12
35 49 14
35 50 37
35 51 65
35 52 43
35 53 98
35 54 56
35 55 38
35 56 74
35 57 55
35 58 22
35 59 7
35 60 74
35 61 54
35 62 83
35 63 13
35 64 31
35 65 74
35 66 89
35 67 90
35 68 20
35 69 50
35 70 68
35 71 74
35 72 67
35 73 47
35 74 88
35 75 30
35 76 55
35 77 100
35 78 96
35 79 87
35 80 93
35 81 85
35 82 5
35 83 4
35 84 22
35 85 70
35 86 49
35 87 1
35 88 36
35 89 61
35 90 37
35 91 69
35 92 46
35 93 20
35 94 34
35 95 78
35 96 94
35 97 64
35 98 66
35 99 30
35 100 94
35 101 2
35 102 78
35 103 20
35 104 12
35 105 33
35 106 90
35 107 42
35 108 35
36 37 66
36 38 71
36 39 12
36 40 60
36 41 85
36 42 62
36 43 38
36 44 11
36 45 54
36 46 12
36 47 41
36 48 86
36 49 81
36 50 24
36 51 35
36 52 46
36 53 86
36 54 90
36 55 73
36 56 61
36 57 71
36 58 86
36 59 78
36 60 54
36 61 95
36 62 74
36 63 100
36 64 39
36 65 94
36 66 94
36 67 39
36 68 14
36 69 73
36 70 63
36 71 40
36 72 32
36 73 82
36 74 84
36 75 10
36 76 73
36 77 65
36 78 69
36 79 48
36 80 95
36 81 47
36 82 75
36 83 31
36 84 8
36 85 50
36 86 39
36 87 61
36 88 77
36 89 72
36 90 79
36 91 80
36 92 96
36 93 8
36 94 92
36 95 38
36 96 4
36 97 80
36 98 39
36 99 61
36 100 1
36 101 44
36 102 14
36 103 8
36 104 24
36 105 46
36 106 58
36 107 71
36 108 39
37 38 98
37 39 98
37 40 55
37 41 96
37 42 13
37 43 70
37 44 16
37 45 31
37 46 80
37 47 80
37 48 50
37 49 48
37 50 14
37 51 84
37 52 45
37 53 12
37 54 97
37 55 94
37 56 11
37 57 60
37 58 69
37 59 59
37 60 9
37 61 26
37 62 38
37 63 13
37 64 13
37 65 75
37 66 8
37 67 34
37 68 64
37 69 19
37 70 61
37 71 41
37 72 35
37 73 48
37 74 64
37 75 25
37 76 41
37 77 99
37 78 53
37 79 100
37 80 34
37 81 33
37 82 63
37 83 19
37 84 50
37 85 73
37 86 70
37 87 88
37 88 4
37 89 32
37 90 6
37 91 31
37 92 73
37 93 4
37 94 81
37 95 89
37 96 27
37 97 63
37 98 16
37 99 55
37 100 33
37 101 83
37 102 58
37 103 18
37 104 73
37 105 3
37 106 8
37 107 12
37 108 20
38 39 28
38 40 39
38 41 35
38 42 14
38 43 87
38 44 11
38 45 8
38 46 1
38 47 97
38 48 13
38 49 9
38 50 82
38 51 47
38 52 45
38 53 57
38 54 29
38 55 26
38 56 7
38 57 33
38 58 90
38 59 91
38 60 41
38 61 82
38 62 54
38 63 23
38 64 38
38 65 34
38 66 22
38 67 59
38 68 49
38 69 79
38 70 78
38 71 96
38 72 9
38 73 86
38 74 39
38 75 54
38 76 23
38 77 58
38 78 87
38 79 94
38 80 61
38 81 97
38 82 55
38 83 79
38 84 9
38 85 2
38 86 92
38 87 53
38 88 18
38 89 72
38 90 72
38 91 4
38 92 52
38 93 29
38 94 6
38 95 33
38 96 63
38 97 71
38 98 44
38 99 77
38 100 46
38 101 53
38 102 74
38 103 13
38 104 82
38 105 71
38 106 3
38 107 50
38 108 37
39 40 56
39 41 29
39 42 21
39 43 39
39 44 37
39 45 58
39 46 34
39 47 76
39 48 6
39 49 60
39 50 81
39 51 63
39 52 76
39 53 80
39 54 43
39 55 54
39 56 44
39 57 94
39 58 29
39 59 82
39 60 50
39 61 83
39 62 81
39 63 51
39 64 58
39 65 20
39 66 63
39 67 62
39 68 41
39 69 67
39 70 55
39 71 31
39 72 75
39 73 55
39 74 41
39 75 90
39 76 96
39 77 8
39 78 51
39 79 30
39 80 45
39 81 86
39 82 17
39 83 92
39 84 89
39 85 99
39 86 85
39 87 64
39 88 30
39 89 68
39 90 11
39 91 92
39 92 47
39 93 96
39 94 35
39 95 30
39 96 42
39 97 50
39 98 51
39 99 70
39 100 53
39 101 37
39 102 45
39 103 57
39 104 60
39 105 47
39 106 86
39 107 76
39 108 65
40 41 21
40 42 54
40 43 39
40 44 70
40 45 94
40 46 72
40 47 59
40 48 6
40 49 99
40 50 48
40 51 50
40 52 65
40 53 59
40 54 38
40 55 20
40 56 73
40 57 56
40 58 2
40 59 68
40 60 21
40 61 17
40 62 82
40 63 67
40 64 6
40 65 65
40 66 73
40 67 12
40 68 68
40 69 75
40 70 16
40 71 10
40 72 86
40 73 53
40 74 46
40 75 73
40 76 58
40 77 31
40 78 12
40 79 42
40 80 11
40 81 66
40 82 72
40 83 34
40 84 16
40 85 7
40 86 96
40 87 98
40 88 33
40 89 68
40 90 50
40 91 48
40 92 22
40 93 61
40 94 95
40 95 37
40 96 55
40 97 51
40 98 36
40 99 24
40 100 77
40 101 89
40 102 19
40 103 40
40 104 11
40 105 57
40 106 14
40 107 47
40 108 90
41 42 15
41 43 81
41 44 85
41 45 58
41 46 40
41 47 33
41 48 48
41 49 34
41 50 59
41 51 51
41 52 25
41 53 60
41 54 20
41 55 57
41 56 99
41 57 92
41 58 55
41 59 62
41 60 51
41 61 65
41 62 82
41 63 30
41 64 90
41 65 94
41 66 80
41 67 34
41 68 65
41 69 82
41 70 91
41 71 87
41 72 13
41 73 49
41 74 33
41 75 87
41 76 36
41 77 13
41 78 15
41 79 87
41 80 68
41 81 8
41 82 45
41 83 34
41 84 19
41 85 89
41 86 94
41 87 62
41 88 50
41 89 63
41 90 92
41 91 72
41 92 95
41 93 92
41 94 86
41 95 68
41 96 98
41 97 8
41 98 57
41 99 34
41 100 73
41 101 41
41 102 36
41 103 21
41 104 6
41 105 84
41 106 62
41 107 49
41 108 20
42 43 29
42 44 8
42 45 77
42 46 72
42 47 13
42 48 23
42 49 91
42 50 5
42 51 98
42 52 50
42 53 40
42 54 58
42 55 84
42 56 42
42 57 27
42 58 67
42 59 28
42 60 20
42 61 64
42 62 34
42 63 81
42 64 66
42 65 100
42 66 78
42 67 60
42 68 9
42 69 36
42 70 35
42 71 49
42 72 77
42 73 100
42 74 50
42 75 17
42 76 11
42 77 30
42 78 90
42 79 76
42 80 35
42 81 40
42 82 2
42 83 95
42 84 62
42 85 61
42 86 62
42 87 51
42 88 44
42 89 91
42 90 81
42 91 19
42 92 35
42 93 64
42 94 47
42 95 39
42 96 84
42 97 51
42 98 86
42 99 52
42 100 43
42 101 19
42 102 86
42 103 71
42 104 97
42 105 25
42 106 2
42 107 47
42 108 17
43 44 23
43 45 42
43 46 43
43 47 64
43 48 10
43 49 7
43 50 95
43 51 86
43 52 7
43 53 46
43 54 85
43 55 52
43 56 82
43 57 6
43 58 75
43 59 37
43 60 63
43 61 23
43 62 36
43 63 99
43 64 67
43 65 18
43 66 31
43 67 76
43 68 76
43 69 53
43 70 60
43 71 67
43 72 84
43 73 7
43 74 37
43 75 54
43 76 94
43 77 37
43 78 43
43 79 48
43 80 47
43 81 99
43 82 10
43 83 96
43 84 21
43 85 1
43 86 87
43 87 89
43 88 61
43 89 28
43 90 51
43 91 84
43 92 71
43 93 15
43 94 2
43 95 42
43 96 84
43 97 94
43 98 10
43 99 2
43 100 8
43 101 94
43 102 16
43 103 5
43 104 32
43 105 70
43 106 46
43 107 38
43 108 20
44 45 27
44 46 7
44 47 90
44 48 40
44 49 34
44 50 24
44 51 56
44 52 48
44 53 26
44 54 3
44 55 74
44 56 65
44 57 100
44 58 72
44 59 31
44 60 26
44 61 63
44 62 24
44 63 48
44 64 32
44 65 24
44 66 34
44 67 81
44 68 92
44 69 17
44 70 39
44 71 76
44 72 88
44 73 9
44 74 75
44 75 17
44 76 11
44 77 23
44 78 71
44 79 37
44 80 63
44 81 89
44 82 14
44 83 78
44 84 43
44 85 42
44 86 45
44 87 69
44 88 4
44 89 63
44 90 17
44 91 31
44 92 2
44 93 17
44 94 34
44 95 5
44 96 58
44 97 79
44 98 100
44 99 42
44 100 85
44 101 9
44 102 62
44 103 8
44 104 65
44 105 29
44 106 1
44 107 58
44 108 15
45 46 36
45 47 57
45 48 53
45 49 8
45 50 72
45 51 96
45 52 59
45 53 72
45 54 88
45 55 100
45 56 8
45 57 53
45 58 50
45 59 10
45 60 63
45 61 21
45 62 54
45 63 54
45 64 72
45 65 70
45 66 91
45 67 92
45 68 31
45 69 5
45 70 53
45 71 50
45 72 7
45 73 8
45 74 40
45 75 90
45 76 42
45 77 56
45 78 74
45 79 82
45 80 22
45 81 7
45 82 59
45 83 14
45 84 91
45 85 85
45 86 56
45 87 29
45 88 17
45 89 35
45 90 77
45 91 58
45 92 45
45 93 11
45 94 80
45 95 72
45 96 70
45 97 42
45 98 47
45 99 16
45 100 82
45 101 15
45 102 40
45 103 15
45 104 94
45 105 12
45 106 41
45 107 39
45 108 11
46 47 47
46 48 80
46 49 3
46 50 6
46 51 51
46 52 85
46 53 27
46 54 67
46 55 100
46 56 32
46 57 96
46 58 6
46 59 79
46 60 3
46 61 22
46 62 12
46 63 9
46 64 43
46 65 18
46 66 27
46 67 14
46 68 60
46 69 28
46 70 4
46 71 51
46 72 34
46 73 67
46 74 98
46 75 67
46 76 59
46 77 56
46 78 17
46 79 40
46 80 73
46 81 39
46 82 62
46 83 82
46 84 21
46 85 5
46 86 14
46 87 54
46 88 4
46 89 56
46 90 75
46 91 90
46 92 70
46 93 80
46 94 6
46 95 28
46 96 10
46 97 23
46 98 21
46 99 54
46 100 80
46 101 86
46 102 24
46 103 21
46 104 46
46 105 93
46 106 44
46 107 34
46 108 3
47 48 55
47 49 64
47 50 47
47 51 65
47 52 5
47 53 8
47 54 82
47 55 64
47 56 41
47 57 42
47 58 43
47 59 83
47 60 13
47 61 23
47 62 91
47 63 93
47 64 34
47 65 51
47 66 21
47 67 12
47 68 69
47 69 36
47 70 44
47 71 38
47 72 65
47 73 88
47 74 46
47 75 82
47 76 36
47 77 66
47 78 3
47 79 73
47 80 16
47 81 72
47 82 30
47 83 26
47 84 16
47 85 80
47 86 13
47 87 73
47 88 57
47 89 63
47 90 71
47 91 12
47 92 88
47 93 30
47 94 6
47 95 54
47 96 100
47 97 90
47 98 8
47 99 17
47 100 44
47 101 17
47 102 22
47 103 81
47 104 54
47 105 1
47 106 70
47 107 49
47 108 2
48 49 67
48 50 69
48 51 78
48 52 16
48 53 52
48 54 98
48 55 24
48 56 40
48 57 83
48 58 81
48 59 52
48 60 13
48 61 83
48 62 4
48 63 30
48 64 95
48 65 46
48 66 42
48 67 81
48 68 60
48 69 21
48 70 8
48 71 90
48 72 48
48 73 10
48 74 23
48 75 92
48 76 79
48 77 2
48 78 4
48 79 93
48 80 80
48 81 7
48 82 6
48 83 57
48 84 28
48 85 33
48 86 21
48 87 26
48 88 55
48 89 46
48 90 47
48 91 73
48 92 90
48 93 42
48 94 75
48 95 78
48 96 84
48 97 5
48 98 68
48 99 9
48 100 97
48 101 68
48 102 72
48 103 22
48 104 21
48 105 77
48 106 99
48 107 57
48 108 44
49 50 43
49 51 42
49 52 80
49 53 17
49 54 45
49 55 34
49 56 93
49 57 47
49 58 1
49 59 51
49 60 81
49 61 68
49 62 26
49 63 83
49 64 62
49 65 43
49 66 63
49 67 51
49 68 77
49 69 10
49 70 17
49 71 42
49 72 74
49 73 67
49 74 57
49 75 55
49 76 13
49 77 46
49 78 7
49 79 50
49 80 49
49 81 22
49 82 63
49 83 6
49 84 46
49 85 97
49 86 67
49 87 60
49 88 61
49 89 17
49 90 49
49 91 3
49 92 1
49 93 80
49 94 100
49 95 82
49 96 17
49 97 85
49 98 56
49 99 13
49 100 45
49 101 88
49 102 34
49 103 33
49 104 62
49 105 5
49 106 40
49 107 68
49 108 63
50 51 21
50 52 75
50 53 27
50 54 78
50 55 95
50 56 13
50 57 79
50 58 26
50 59 62
50 60 20
50 61 19
50 62 86
50 63 97
50 64 62
50 65 81
50 66 6
50 67 47
50 68 10
50 69 74
50 70 52
50 71 89
50 72 11
50 73 50
50 74 19
50 75 19
50 76 4
50 77 61
50 78 13
50 79 16
50 80 92
50 81 8
50 82 19
50 83 47
50 84 41
50 85 41
50 86 61
50 87 30
50 88 17
50 89 97
50 90 81
50 91 11
50 92 90
50 93 63
50 94 87
50 95 30
50 96 52
50 97 13
50 98 52
50 99 78
50 100 18
50 101 5
50 102 25
50 103 75
50 104 69
50 105 21
50 106 52
50 107 69
50 108 80
51 52 78
51 53 6
51 54 62
51 55 47
51 56 76
51 57 15
51 58 93
51 59 21
51 60 90
51 61 68
51 62 100
51 63 39
51 64 88
51 65 12
51 66 74
51 67 72
51 68 57
51 69 51
51 70 45
51 71 17
51 72 74
51 73 91
51 74 54
51 75 73
51 76 41
51 77 29
51 78 15
51 79 51
51 80 13
51 81 26
51 82 78
51 83 44
51 84 18
51 85 39
51 86 7
51 87 76
51 88 48
51 89 9
51 90 61
51 91 56
51 92 98
51 93 38
51 94 82
51 95 55
51 96 30
51 97 57
51 98 84
51 99 33
51 100 35
51 101 28
51 102 94
51 103 97
51 104 83
51 105 27
51 106 99
51 107 18
51 108 59
52 53 12
52 54 41
52 55 57
52 56 71
52 57 73
52 58 11
52 59 74
52 60 1
52 61 68
52 62 63
52 63 14
52 64 82
52 65 6
52 66 41
52 67 31
52 68 20
52 69 5
52 70 85
52 71 94
52 72 83
52 73 66
52 74 30
52 75 87
52 76 85
52 77 45
52 78 3
52 79 61
52 80 5
52 81 26
52 82 18
52 83 95
52 84 37
52 85 7
52 86 78
52 87 57
52 88 84
52 89 50
52 90 2
52 91 52
52 92 95
52 93 73
52 94 49
52 95 70
52 96 13
52 97 27
52 98 20
52 99 75
52 100 67
52 101 81
52 102 31
52 103 99
52 104 52
52 105 55
52 106 92
52 107 81
52 108 35
53 54 45
53 55 69
53 56 32
53 57 22
53 58 61
53 59 76
53 60 71
53 61 57
53 62 42
53 63 67
53 64 41
53 65 49
53 66 59
53 67 56
53 68 59
53 69 22
53 70 22
53 71 67
53 72 33
53 73 14
53 74 92
53 75 41
53 76 97
53 77 68
53 78 69
53 79 15
53 80 80
53 81 15
53 82 56
53 83 43
53 84 25
53 85 96
53 86 100
53 87 100
53 88 3
53 89 90
53 90 46
53 91 75
53 92 41
53 93 34
53 94 28
53 95 72
53 96 11
53 97 95
53 98 6
53 99 20
53 100 46
53 101 9
53 102 92
53 103 2
53 104 17
53 105 87
53 106 8
53 107 7
53 108 38
54 55 14
54 56 4
54 57 47
54 58 16
54 59 38
54 60 84
54 61 22
54 62 32
54 63 87
54 64 35
54 65 32
54 66 62
54 67 63
54 68 6
54 69 66
54 70 85
54 71 97
54 72 36
54 73 62
54 74 10
54 75 48
54 76 34
54 77 96
54 78 22
54 79 10
54 80 52
54 81 27
54 82 1
54 83 51
54 84 90
54 85 45
54 86 61
54 87 58
54 88 53
54 89 57
54 90 72
54 91 34
54 92 45
54 93 100
54 94 60
54 95 73
54 96 78
54 97 22
54 98 51
54 99 8
54 100 89
54 101 38
54 102 90
54 103 66
54 104 78
54 105 31
54 106 49
54 107 39
54 108 31
55 56 58
55 57 84
55 58 66
55 59 88
55 60 31
55 61 98
55 62 39
55 63 47
55 64 45
55 65 66
55 66 83
55 67 60
55 68 1
55 69 92
55 70 57
55 71 59
55 72 86
55 73 2
55 74 46
55 75 72
55 76 21
55 77 65
55 78 73
55 79 85
55 80 29
55 81 8
55 82 32
55 83 39
55 84 71
55 85 8
55 86 3
55 87 10
55 88 70
55 89 81
55 90 19
55 91 36
55 92 61
55 93 13
55 94 44
55 95 88
55 96 39
55 97 51
55 98 100
55 99 46
55 100 18
55 101 68
55 102 52
55 103 2
55 104 45
55 105 59
55 106 25
55 107 41
55 108 93
56 57 30
56 58 15
56 59 29
56 60 93
56 61 44
56 62 23
56 63 73
56 64 85
56 65 30
56 66 17
56 67 59
56 68 42
56 69 91
56 70 90
56 71 78
56 72 66
56 73 31
56 74 41
56 75 25
56 76 30
56 77 82
56 78 6
56 79 45
56 80 42
56 81 84
56 82 36
56 83 44
56 84 55
56 85 20
56 86 28
56 87 100
56 88 23
56 89 20
56 90 26
56 91 47
56 92 64
56 93 11
56 94 47
56 95 56
56 96 53
56 97 16
56 98 16
56 99 39
56 100 53
56 101 94
56 102 39
56 103 17
56 104 62
56 105 40
56 106 47
56 107 18
56 108 22
57 58 61
57 59 28
57 60 16
57 61 22
57 62 51
57 63 23
57 64 91
57 65 84
57 66 34
57 67 18
57 68 6
57 69 11
57 70 73
57 71 19
57 72 36
57 73 69
57 74 31
57 75 79
57 76 4
57 77 95
57 78 47
57 79 13
57 80 32
57 81 44
57 82 35
57 83 35
57 84 66
57 85 58
57 86 31
57 87 31
57 88 97
57 89 68
57 90 60
57 91 13
57 92 76
57 93 88
57 94 46
57 95 44
57 96 99
57 97 57
57 98 13
57 99 33
57 100 69
57 101 29
57 102 70
57 103 62
57 104 90
57 105 91
57 106 87
57 107 15
57 108 73
58 59 47
58 60 57
58 61 23
58 62 68
58 63 84
58 64 67
58 65 52
58 66 25
58 67 35
58 68 53
58 69 93
58 70 90
58 71 61
58 72 76
58 73 63
58 74 12
58 75 95
58 76 8
58 77 48
58 78 12
58 79 66
58 80 92
58 81 46
58 82 77
58 83 99
58 84 59
58 85 30
58 86 51
58 87 65
58 88 80
58 89 70
58 90 75
58 91 81
58 92 9
58 93 22
58 94 77
58 95 29
58 96 5
58 97 83
58 98 51
58 99 97
58 100 68
58 101 34
58 102 44
58 103 96
58 104 55
58 105 83
58 106 20
58 107 67
58 108 73
59 60 53
59 61 22
59 62 45
59 63 60
59 64 55
59 65 84
59 66 62
59 67 16
59 68 52
59 69 91
59 70 84
59 71 34
59 72 23
59 73 78
59 74 76
59 75 90
59 76 1
59 77 38
59 78 24
59 79 90
59 80 8
59 81 63
59 82 13
59 83 55
59 84 42
59 85 13
59 86 94
59 87 81
59 88 70
59 89 69
59 90 57
59 91 92
59 92 21
59 93 76
59 94 64
59 95 78
59 96 49
59 97 40
59 98 21
59 99 50
59 100 84
59 101 23
59 102 78
59 103 75
59 104 5
59 105 50
59 106 65
59 107 84
59 108 97
60 61 99
60 62 98
60 63 58
60 64 53
60 65 75
60 66 20
60 67 98
60 68 81
60 69 8
60 70 87
60 71 74
60 72 25
60 73 64
60 74 3
60 75 64
60 76 61
60 77 38
60 78 33
60 79 67
60 80 40
60 81 8
60 82 7
60 83 13
60 84 49
60 85 75
60 86 49
60 87 4
60 88 23
60 89 58
60 90 12
60 91 88
60 92 92
60 93 5
60 94 12
60 95 66
60 96 85
60 97 40
60 98 40
60 99 3
60 100 21
60 101 28
60 102 84
60 103 76
60 104 26
60 105 3
60 106 11
60 107 43
60 108 61
61 62 29
61 63 57
61 64 78
61 65 21
61 66 11
61 67 10
61 68 72
61 69 49
61 70 90
61 71 17
61 72 50
61 73 91
61 74 63
61 75 30
61 76 59
61 77 4
61 78 63
61 79 59
61 80 63
61 81 20
61 82 11
61 83 85
61 84 97
61 85 14
61 86 62
61 87 2
61 88 46
61 89 38
61 90 5
61 91 59
61 92 39
61 93 96
61 94 80
61 95 9
61 96 38
61 97 77
61 98 5
61 99 89
61 100 44
61 101 81
61 102 31
61 103 11
61 104 47
61 105 14
61 106 37
61 107 18
61 108 94
62 63 19
62 64 2
62 65 100
62 66 83
62 67 96
62 68 76
62 69 25
62 70 1
62 71 64
62 72 61
62 73 71
62 74 64
62 75 51
62 76 32
62 77 29
62 78 48
62 79 50
62 80 67
62 81 27
62 82 59
62 83 64
62 84 82
62 85 10
62 86 14
62 87 25
62 88 34
62 89 68
62 90 53
62 91 99
62 92 84
62 93 52
62 94 8
62 95 68
62 96 53
62 97 96
62 98 57
62 99 36
62 100 25
62 101 81
62 102 58
62 103 58
62 104 55
62 105 54
62 106 19
62 107 54
62 108 41
63 64 69
63 65 88
63 66 32
63 67 82
63 68 61
63 69 1
63 70 33
63 71 70
63 72 15
63 73 61
63 74 65
63 75 48
63 76 29
63 77 99
63 78 14
63 79 77
63 80 35
63 81 74
63 82 75
63 83 58
63 84 7
63 85 75
63 86 18
63 87 27
63 88 5
63 89 15
63 90 63
63 91 69
63 92 1
63 93 21
63 94 66
63 95 7
63 96 28
63 97 49
63 98 30
63 99 55
63 100 73
63 101 77
63 102 19
63 103 9
63 104 25
63 105 66
63 106 21
63 107 42
63 108 96
64 65 36
64 66 63
64 67 10
64 68 54
64 69 53
64 70 73
64 71 53
64 72 81
64 73 9
64 74 38
64 75 24
64 76 25
64 77 85
64 78 31
64 79 55
64 80 14
64 81 37
64 82 88
64 83 16
64 84 37
64 85 82
64 86 8
64 87 24
64 88 21
64 89 5
64 90 71
64 91 45
64 92 40
64 93 5
64 94 58
64 95 52
64 96 42
64 97 57
64 98 9
64 99 56
64 100 7
64 101 93
64 102 45
64 103 87
64 104 80
64 105 35
64 106 64
64 107 96
64 108 5
65 66 18
65 67 21
65 68 83
65 69 63
65 70 3
65 71 86
65 72 38
65 73 39
65 74 18
65 75 98
65 76 46
65 77 28
65 78 86
65 79 68
65 80 70
65 81 23
65 82 19
65 83 41
65 84 61
65 85 60
65 86 2
65 87 61
65 88 49
65 89 49
65 90 64
65 91 77
65 92 52
65 93 42
65 94 56
65 95 42
65 96 25
65 97 84
65 98 22
65 99 70
65 100 20
65 101 34
65 102 78
65 103 79
65 104 62
65 105 14
65 106 57
65 107 20
65 108 56
66 67 10
66 68 33
66 69 86
66 70 39
66 71 11
66 72 37
66 73 41
66 74 92
66 75 44
66 76 77
66 77 32
66 78 26
66 79 30
66 80 57
66 81 84
66 82 61
66 83 43
66 84 96
66 85 7
66 86 21
66 87 5
66 88 56
66 89 36
66 90 3
66 91 100
66 92 80
66 93 14
66 94 23
66 95 91
66 96 85
66 97 71
66 98 76
66 99 31
66 100 12
66 101 65
66 102 19
66 103 12
66 104 58
66 105 50
66 106 5
66 107 41
66 108 49
67 68 35
67 69 32
67 70 31
67 71 82
67 72 54
67 73 92
67 74 29
67 75 78
67 76 33
67 77 60
67 78 59
67 79 59
67 80 83
67 81 72
67 82 99
67 83 82
67 84 43
67 85 54
67 86 37
67 87 81
67 88 33
67 89 18
67 90 81
67 91 40
67 92 8
67 93 68
67 94 67
67 95 83
67 96 74
67 97 19
67 98 2
67 99 29
67 100 57
67 101 26
67 102 18
67 103 10
67 104 19
67 105 83
67 106 65
67 107 73
67 108 69
68 69 16
68 70 5
68 71 46
68 72 52
68 73 6
68 74 84
68 75 48
68 76 19
68 77 97
68 78 39
68 79 12
68 80 99
68 81 69
68 82 60
68 83 87
68 84 29
68 85 89
68 86 54
68 87 41
68 88 52
68 89 4
68 90 97
68 91 4
68 92 35
68 93 22
68 94 18
68 95 63
68 96 75
68 97 67
68 98 26
68 99 87
68 100 93
68 101 36
68 102 79
68 103 45
68 104 40
68 105 91
68 106 39
68 107 32
68 108 47
69 70 58
69 71 48
69 72 50
69 73 100
69 74 24
69 75 84
69 76 7
69 77 20
69 78 30
69 79 78
69 80 48
69 81 68
69 82 15
69 83 43
69 84 54
69 85 83
69 86 22
69 87 37
69 88 61
69 89 98
69 90 20
69 91 38
69 92 14
69 93 25
69 94 17
69 95 7
69 96 29
69 97 25
69 98 75
69 99 14
69 100 85
69 101 28
69 102 39
69 103 44
69 104 84
69 105 70
69 106 91
69 107 3
69 108 27
70 71 43
70 72 83
70 73 21
70 74 82
70 75 67
70 76 72
70 77 50
70 78 21
70 79 69
70 80 68
70 81 25
70 82 8
70 83 77
70 84 9
70 85 52
70 86 17
70 87 22
70 88 4
70 89 31
70 90 14
70 91 25
70 92 23
70 93 30
70 94 6
70 95 62
70 96 97
70 97 93
70 98 94
70 99 88
70 100 79
70 101 83
70 102 50
70 103 53
70 104 68
70 105 71
70 106 88
70 107 92
70 108 10
71 72 20
71 73 36
71 74 43
71 75 90
71 76 61
71 77 14
71 78 14
71 79 93
71 80 36
71 81 71
71 82 13
71 83 24
71 84 38
71 85 56
71 86 71
71 87 43
71 88 76
71 89 78
71 90 58
71 91 42
71 92 85
71 93 53
71 94 75
71 95 70
71 96 82
71 97 25
71 98 8
71 99 1
71 100 11
71 101 1
71 102 87
71 103 18
71 104 89
71 105 67
71 106 37
71 107 9
71 108 15
72 73 96
72 74 75
72 75 19
72 76 76
72 77 67
72 78 30
72 79 35
72 80 22
72 81 51
72 82 100
72 83 24
72 84 63
72 85 93
72 86 64
72 87 5
72 88 2
72 89 82
72 90 40
72 91 31
72 92 41
72 93 27
72 94 15
72 95 23
72 96 13
72 97 23
72 98 1
72 99 57
72 100 95
72 101 62
72 102 17
72 103 9
72 104 44
72 105 57
72 106 21
72 107 98
72 108 1
73 74 99
73 75 32
73 76 51
73 77 11
73 78 37
73 79 72
73 80 52
73 81 72
73 82 86
73 83 62
73 84 18
73 85 91
73 86 45
73 87 67
73 88 14
73 89 50
73 90 72
73 91 45
73 92 35
73 93 63
73 94 53
73 95 46
73 96 23
73 97 45
73 98 44
73 99 34
73 100 63
73 101 48
73 102 68
73 103 47
73 104 67
73 105 4
73 106 53
73 107 39
73 108 24
74 75 3
74 76 33
74 77 71
74 78 40
74 79 16
74 80 76
74 81 70
74 82 50
74 83 91
74 84 88
74 85 60
74 86 61
74 87 71
74 88 84
74 89 85
74 90 62
74 91 37
74 92 55
74 93 3
74 94 44
74 95 4
74 96 91
74 97 30
74 98 61
74 99 67
74 100 81
74 101 10
74 102 29
74 103 33
74 104 63
74 105 8
74 106 1
74 107 30
74 108 46
75 76 79
75 77 73
75 78 11
75 79 96
75 80 88
75 81 97
75 82 90
75 83 51
75 84 14
75 85 75
75 86 33
75 87 36
75 88 30
75 89 48
75 90 76
75 91 100
75 92 3
75 93 67
75 94 95
75 95 55
75 96 58
75 97 27
75 98 89
75 99 61
75 100 44
75 101 75
75 102 27
75 103 100
75 104 99
75 105 40
75 106 9
75 107 44
75 108 45
76 77 21
76 78 17
76 79 66
76 80 3
76 81 30
76 82 3
76 83 1
76 84 47
76 85 100
76 86 92
76 87 79
76 88 2
76 89 20
76 90 13
76 91 80
76 92 83
76 93 44
76 94 28
76 95 29
76 96 42
76 97 68
76 98 7
76 99 34
76 100 4
76 101 92
76 102 19
76 103 44
76 104 10
76 105 90
76 106 49
76 107 60
76 108 82
77 78 56
77 79 93
77 80 29
77 81 90
77 82 52
77 83 24
77 84 4
77 85 7
77 86 89
77 87 11
77 88 36
77 89 40
77 90 91
77 91 21
77 92 84
77 93 8
77 94 56
77 95 29
77 96 81
77 97 95
77 98 39
77 99 75
77 100 19
77 101 30
77 102 50
77 103 38
77 104 94
77 105 7
77 106 82
77 107 84
77 108 60
78 79 72
78 80 30
78 81 11
78 82 39
78 83 55
78 84 99
78 85 40
78 86 29
78 87 25
78 88 50
78 89 40
78 90 87
78 91 76
78 92 14
78 93 47
78 94 39
78 95 67
78 96 84
78 97 19
78 98 97
78 99 55
78 100 34
78 101 14
78 102 100
78 103 58
78 104 53
78 105 82
78 106 39
78 107 73
78 108 18
79 80 85
79 81 44
79 82 98
79 83 38
79 84 75
79 85 25
79 86 71
79 87 14
79 88 4
79 89 15
79 90 1
79 91 38
79 92 81
79 93 71
79 94 5
79 95 52
79 96 26
79 97 30
79 98 16
79 99 47
79 100 81
79 101 21
79 102 41
79 103 45
79 104 4
79 105 100
79 106 38
79 107 32
79 108 92
80 81 53
80 82 88
80 83 32
80 84 92
80 85 36
80 86 50
80 87 57
80 88 32
80 89 57
80 90 85
80 91 39
80 92 98
80 93 81
80 94 51
80 95 66
80 96 25
80 97 88
80 98 68
80 99 54
80 100 14
80 101 45
80 102 74
80 103 58
80 104 71
80 105 23
80 106 9
80 107 53
80 108 76
81 82 82
81 83 39
81 84 20
81 85 75
81 86 60
81 87 23
81 88 61
81 89 17
81 90 41
81 91 45
81 92 99
81 93 56
81 94 38
81 95 92
81 96 18
81 97 25
81 98 95
81 99 97
81 100 88
81 101 22
81 102 54
81 103 7
81 104 9
81 105 13
81 106 55
81 107 60
81 108 69
82 83 86
82 84 49
82 85 3
82 86 53
82 87 11
82 88 80
82 89 7
82 90 82
82 91 99
82 92 37
82 93 92
82 94 49
82 95 50
82 96 17
82 97 35
82 98 97
82 99 80
82 100 54
82 101 51
82 102 40
82 103 79
82 104 1
82 105 14
82 106 91
82 107 30
82 108 8
83 84 11
83 85 57
83 86 26
83 87 60
83 88 21
83 89 95
83 90 50
83 91 72
83 92 9
83 93 34
83 94 23
83 95 48
83 96 93
83 97 16
83 98 35
83 99 35
83 100 67
83 101 68
83 102 100
83 103 65
83 104 76
83 105 34
83 106 52
83 107 33
83 108 46
84 85 69
84 86 7
84 87 62
84 88 94
84 89 78
84 90 57
84 91 76
84 92 94
84 93 12
84 94 64
84 95 15
84 96 16
84 97 42
84 98 94
84 99 95
84 100 86
84 101 68
84 102 17
84 103 93
84 104 37
84 105 95
84 106 89
84 107 51
84 108 98
85 86 25
85 87 17
85 88 95
85 89 96
85 90 62
85 91 48
85 92 72
85 93 1
85 94 11
85 95 2
85 96 1
85 97 23
85 98 76
85 99 45
85 100 99
85 101 65
85 102 47
85 103 30
85 104 50
85 105 72
85 106 87
85 107 31
85 108 1
86 87 62
86 88 67
86 89 30
86 90 52
86 91 42
86 92 46
86 93 64
86 94 95
86 95 5
86 96 100
86 97 45
86 98 57
86 99 23
86 100 59
86 101 13
86 102 65
86 103 4
86 104 45
86 105 85
86 106 27
86 107 28
86 108 33
87 88 70
87 89 20
87 90 60
87 91 66
87 92 21
87 93 98
87 94 6
87 95 46
87 96 7
87 97 27
87 98 30
87 99 48
87 100 65
87 101 95
87 102 57
87 103 49
87 104 5
87 105 16
87 106 74
87 107 49
87 108 22
88 89 59
88 90 38
88 91 46
88 92 20
88 93 69
88 94 84
88 95 77
88 96 74
88 97 63
88 98 84
88 99 55
88 100 47
88 101 47
88 102 88
88 103 56
88 104 63
88 105 96
88 106 5
88 107 21
88 108 7
89 90 61
89 91 47
89 92 70
89 93 73
89 94 93
89 95 78
89 96 77
89 97 21
89 98 69
89 99 39
89 100 66
89 101 22
89 102 23
89 103 18
89 104 50
89 105 52
89 106 53
89 107 89
89 108 94
90 91 47
90 92 34
90 93 38
90 94 66
90 95 70
90 96 51
90 97 6
90 98 42
90 99 93
90 100 21
90 101 36
90 102 44
90 103 66
90 104 79
90 105 70
90 106 68
90 107 99
90 108 50
91 92 50
91 93 68
91 94 40
91 95 16
91 96 4
91 97 74
91 98 51
91 99 82
91 100 58
91 101 18
91 102 7
91 103 51
91 104 89
91 105 34
91 106 6
91 107 20
91 108 82
92 93 70
92 94 95
92 95 73
92 96 40
92 97 70
92 98 81
92 99 86
92 100 22
92 101 83
92 102 80
92 103 16
92 104 66
92 105 44
92 106 82
92 107 44
92 108 16
93 94 22
93 95 79
93 96 62
93 97 99
93 98 65
93 99 28
93 100 96
93 101 29
93 102 92
93 103 50
93 104 55
93 105 83
93 106 89
93 107 12
93 108 53
94 95 16
94 96 21
94 97 52
94 98 79
94 99 17
94 100 14
94 101 89
94 102 9
94 103 56
94 104 29
94 105 61
94 106 53
94 107 21
94 108 39
95 96 34
95 97 2
95 98 23
95 99 75
95 100 71
95 101 97
95 102 2
95 103 68
95 104 87
95 105 57
95 106 93
95 107 2
95 108 74
96 97 46
96 98 90
96 99 52
96 100 48
96 101 70
96 102 80
96 103 92
96 104 13
96 105 55
96 106 43
96 107 51
96 108 77
97 98 93
97 99 15
97 100 16
97 101 40
97 102 68
97 103 40
97 104 27
97 105 27
97 106 26
97 107 43
97 108 86
98 99 97
98 100 68
98 101 64
98 102 40
98 103 69
98 104 74
98 105 62
98 106 18
98 107 1
98 108 8
99 100 91
99 101 79
99 102 42
99 103 19
99 104 100
99 105 58
99 106 87
99 107 12
99 108 74
100 101 79
100 102 75
100 103 85
100 104 57
100 105 79
100 106 42
100 107 1
100 108 47
101 102 62
101 103 8
101 104 36
101 105 92
101 106 45
101 107 5
101 108 62
102 103 74
102 104 33
102 105 70
102 106 20
102 107 86
102 108 91
103 104 81
103 105 4
103 106 79
103 107 70
103 108 83
104 105 7
104 106 18
104 107 69
104 108 60
105 106 34
105 107 24
105 108 26
106 107 62
106 108 17
107 108 58
