86 3655 85
1 2 56
1 3 82
1 4 68
1 5 39
1 6 38
1 7 81
1 8 19
1 9 66
1 10 68
1 11 87
1 12 83
1 13 45
1 14 74
1 15 92
1 16 21
1 17 1
1 18 30
1 19 45
1 20 71
1 21 52
1 22 58
1 23 12
1 24 37
1 25 96
1 26 46
1 27 97
1 28 96
1 29 61
1 30 12
1 31 30
1 32 100
1 33 21
1 34 85
1 35 100
1 36 55
1 37 21
1 38 10
1 39 90
1 40 85
1 41 57
1 42 33
1 43 5
1 44 48
1 45 26
1 46 46
1 47 27
1 48 51
1 49 69
1 50 52
1 51 32
1 52 54
1 53 39
1 54 75
1 55 28
1 56 45
1 57 9
1 58 6
1 59 17
1 60 83
1 61 96
1 62 69
1 63 64
1 64 15
1 65 66
1 66 39
1 67 38
1 68 86
1 69 98
1 70 38
1 71 90
1 72 41
1 73 88
1 74 99
1 75 12
1 76 54
1 77 45
1 78 2
1 79 24
1 80 13
1 81 63
1 82 85
1 83 17
1 84 89
1 85 65
1 86 35
2 3 84
2 4 33
2 5 55
2 6 64
2 7 49
2 8 79
2 9 42
2 10 11
2 11 83
2 12 58
2 13 12
2 14 49
2 15 95
2 16 57
2 17 26
2 18 45
2 19 6
2 20 38
2 21 53
2 22 68
2 23 1
2 24 91
2 25 2
2 26 44
2 27 35
2 28 90
2 29 77
2 30 75
2 31 61
2 32 52
2 33 74
2 34 89
2 35 41
2 36 10
2 37 38
2 38 21
2 39 6
2 40 51
2 41 91
2 42 11
2 43 26
2 44 54
2 45 78
2 46 81
2 47 64
2 48 52
2 49 22
2 50 64
2 51 88
2 52 68
2 53 19
2 54 58
2 55 7
2 56 32
2 57 78
2 58 35
2 59 83
2 60 63
2 61 54
2 62 53
2 63 27
2 64 89
2 65 78
2 66 59
2 67 24
2 68 39
2 69 87
2 70 100
2 71 28
2 72 55
2 73 36
2 74 24
2 75 17
2 76 12
2 77 58
2 78 99
2 79 12
2 80 38
2 81 45
2 82 23
2 83 25
2 84 81
2 85 26
2 86 100
3 4 49
3 5 36
3 6 18
3 7 40
3 8 68
3 9 80
3 10 37
3 11 63
3 12 1
3 13 89
3 14 85
3 15 39
3 16 100
3 17 96
3 18 97
3 19 91
3 20 32
3 21 100
3 22 1
3 23 76
3 24 33
3 25 17
3 26 54
3 27 96
3 28 28
3 29 88
3 30 12
3 31 54
3 32 40
3 33 79
3 34 91
3 35 3
3 36 29
3 37 92
3 38 36
3 39 3
3 40 60
3 41 73
3 42 85
3 43 70
3 44 80
3 45 69
3 46 97
3 47 37
3 48 45
3 49 98
3 50 29
3 51 64
3 52 79
3 53 47
3 54 60
3 55 46
3 56 18
3 57 98
3 58 42
3 59 89
3 60 11
3 61 42
3 62 97
3 63 45
3 64 83
3 65 12
3 66 68
3 67 82
3 68 11
3 69 18
3 70 58
3 71 76
3 72 71
3 73 28
3 74 17
3 75 17
3 76 52
3 77 34
3 78 23
3 79 91
3 80 6
3 81 84
3 82 8
3 83 31
3 84 64
3 85 96
3 86 49
4 5 2
4 6 85
4 7 27
4 8 54
4 9 59
4 10 16
4 11 86
4 12 55
4 13 4
4 14 23
4 15 14
4 16 9
4 17 59
4 18 65
4 19 41
4 20 68
4 21 33
4 22 72
4 23 63
4 24 64
4 25 53
4 26 6
4 27 2
4 28 23
4 29 24
4 30 18
4 31 75
4 32 64
4 33 18
4 34 4
4 35 79
4 36 55
4 37 85
4 38 36
4 39 97
4 40 21
4 41 9
4 42 5
4 43 68
4 44 45
4 45 20
4 46 56
4 47 62
4 48 21
4 49 66
4 50 29
4 51 71
4 52 72
4 53 75
4 54 29
4 55 94
4 56 27
4 57 46
4 58 92
4 59 82
4 60 96
4 61 95
4 62 89
4 63 80
4 64 64
4 65 23
4 66 65
4 67 13
4 68 29
4 69 39
4 70 97
4 71 89
4 72 46
4 73 35
4 74 76
4 75 19
4 76 22
4 77 63
4 78 57
4 79 67
4 80 62
4 81 85
4 82 80
4 83 80
4 84 9
4 85 39
4 86 74
5 6 94
5 7 9
5 8 71
5 9 34
5 10 77
5 11 44
5 12 3
5 13 39
5 14 59
5 15 79
5 16 41
5 17 85
5 18 94
5 19 91
5 20 7
5 21 67
5 22 83
5 23 76
5 24 10
5 25 5
5 26 45
5 27 5
5 28 27
5 29 26
5 30 84
5 31 14
5 32 75
5 33 92
5 34 80
5 35 66
5 36 36
5 37 90
5 38 64
5 39 51
5 40 59
5 41 23
5 42 45
5 43 82
5 44 3
5 45 62
5 46 99
5 47 79
5 48 66
5 49 53
5 50 42
5 51 57
5 52 12
5 53 82
5 54 33
5 55 31
5 56 88
5 57 32
5 58 73
5 59 31
5 60 47
5 61 30
5 62 50
5 63 80
5 64 87
5 65 52
5 66 10
5 67 98
5 68 100
5 69 11
5 70 62
5 71 69
5 72 6
5 73 46
5 74 99
5 75 38
5 76 34
5 77 61
5 78 9
5 79 68
5 80 68
5 81 43
5 82 82
5 83 55
5 84 77
5 85 29
5 86 93
6 7 12
6 8 32
6 9 37
6 10 78
6 11 69
6 12 85
6 13 47
6 14 95
6 15 93
6 16 53
6 17 4
6 18 77
6 19 50
6 20 84
6 21 41
6 22 30
6 23 39
6 24 89
6 25 40
6 26 98
6 27 68
6 28 42
6 29 68
6 30 84
6 31 2
6 32 37
6 33 30
6 34 19
6 35 1
6 36 81
6 37 9
6 38 91
6 39 26
6 40 100
6 41 66
6 42 35
6 43 35
6 44 11
6 45 15
6 46 76
6 47 90
6 48 3
6 49 9
6 50 98
6 51 6
6 52 64
6 53 92
6 54 80
6 55 100
6 56 84
6 57 46
6 58 95
6 59 25
6 60 46
6 61 44
6 62 52
6 63 18
6 64 52
6 65 80
6 66 61
6 67 17
6 68 95
6 69 46
6 70 66
6 71 99
6 72 19
6 73 74
6 74 29
6 75 67
6 76 43
6 77 44
6 78 4
6 79 58
6 80 20
6 81 24
6 82 45
6 83 15
6 84 94
6 85 30
6 86 59
7 8 82
7 9 59
7 10 26
7 11 34
7 12 96
7 13 53
7 14 65
7 15 36
7 16 59
7 17 36
7 18 61
7 19 93
7 20 12
7 21 49
7 22 6
7 23 13
7 24 4
7 25 46
7 26 9
7 27 56
7 28 48
7 29 29
7 30 98
7 31 78
7 32 14
7 33 32
7 34 11
7 35 44
7 36 20
7 37 25
7 38 8
7 39 67
7 40 73
7 41 97
7 42 51
7 43 9
7 44 6
7 45 22
7 46 62
7 47 73
7 48 34
7 49 44
7 50 35
7 51 73
7 52 43
7 53 37
7 54 51
7 55 46
7 56 48
7 57 36
7 58 38
7 59 14
7 60 59
7 61 22
7 62 2
7 63 78
7 64 24
7 65 15
7 66 38
7 67 8
7 68 4
7 69 40
7 70 44
7 71 29
7 72 36
7 73 3
7 74 14
7 75 24
7 76 87
7 77 47
7 78 29
7 79 67
7 80 34
7 81 51
7 82 6
7 83 22
7 84 29
7 85 76
7 86 30
8 9 90
8 10 20
8 11 53
8 12 27
8 13 38
8 14 50
8 15 93
8 16 17
8 17 25
8 18 49
8 19 46
8 20 73
8 21 88
8 22 6
8 23 1
8 24 75
8 25 77
8 26 45
8 27 61
8 28 89
8 29 13
8 30 65
8 31 64
8 32 93
8 33 61
8 34 12
8 35 42
8 36 31
8 37 67
8 38 48
8 39 7
8 40 6
8 41 23
8 42 87
8 43 1
8 44 40
8 45 94
8 46 99
8 47 54
8 48 21
8 49 71
8 50 62
8 51 2
8 52 50
8 53 98
8 54 29
8 55 5
8 56 52
8 57 30
8 58 42
8 59 47
8 60 75
8 61 98
8 62 70
8 63 59
8 64 29
8 65 62
8 66 83
8 67 6
8 68 59
8 69 40
8 70 61
8 71 46
8 72 48
8 73 1
8 74 33
8 75 11
8 76 31
8 77 4
8 78 33
8 79 56
8 80 31
8 81 33
8 82 5
8 83 75
8 84 72
8 85 61
8 86 10
9 10 53
9 11 69
9 12 92
9 13 92
9 14 20
9 15 56
9 16 16
9 17 64
9 18 55
9 19 75
9 20 65
9 21 92
9 22 93
9 23 26
9 24 82
9 25 34
9 26 6
9 27 55
9 28 9
9 29 35
9 30 48
9 31 67
9 32 85
9 33 66
9 34 39
9 35 80
9 36 6
9 37 26
9 38 98
9 39 100
9 40 97
9 41 48
9 42 76
9 43 45
9 44 38
9 45 40
9 46 37
9 47 19
9 48 66
9 49 18
9 50 33
9 51 1
9 52 30
9 53 66
9 54 67
9 55 90
9 56 18
9 57 19
9 58 16
9 59 83
9 60 88
9 61 88
9 62 5
9 63 93
9 64 34
9 65 84
9 66 19
9 67 29
9 68 15
9 69 11
9 70 92
9 71 35
9 72 45
9 73 21
9 74 37
9 75 42
9 76 78
9 77 2
9 78 62
9 79 44
9 80 49
9 81 87
9 82 35
9 83 74
9 84 93
9 85 12
9 86 13
10 11 15
10 12 32
10 13 51
10 14 9
10 15 70
10 16 63
10 17 73
10 18 21
10 19 41
10 20 69
10 21 53
10 22 55
10 23 28
10 24 25
10 25 67
10 26 59
10 27 75
10 28 44
10 29 73
10 30 18
10 31 62
10 32 49
10 33 56
10 34 92
10 35 67
10 36 71
10 37 38
10 38 13
10 39 38
10 40 89
10 41 14
10 42 94
10 43 60
10 44 67
10 45 76
10 46 39
10 47 64
10 48 92
10 49 3
10 50 24
10 51 30
10 52 79
10 53 19
10 54 8
10 55 91
10 56 1
10 57 90
10 58 43
10 59 83
10 60 82
10 61 84
10 62 89
10 63 67
10 64 26
10 65 26
10 66 69
10 67 18
10 68 22
10 69 75
10 70 29
10 71 51
10 72 33
10 73 23
10 74 73
10 75 100
10 76 33
10 77 1
10 78 35
10 79 45
10 80 97
10 81 50
10 82 40
10 83 57
10 84 16
10 85 67
10 86 77
11 12 4
11 13 98
11 14 16
11 15 97
11 16 18
11 17 24
11 18 71
11 19 47
11 20 61
11 21 62
11 22 22
11 23 12
11 24 97
11 25 55
11 26 82
11 27 97
11 28 44
11 29 54
11 30 80
11 31 89
11 32 15
11 33 57
11 34 59
11 35 87
11 36 30
11 37 100
11 38 58
11 39 1
11 40 81
11 41 1
11 42 64
11 43 49
11 44 58
11 45 45
11 46 54
11 47 50
11 48 87
11 49 16
11 50 65
11 51 30
11 52 79
11 53 91
11 54 16
11 55 78
11 56 20
11 57 2
11 58 19
11 59 53
11 60 7
11 61 93
11 62 95
11 63 52
11 64 24
11 65 71
11 66 78
11 67 41
11 68 8
11 69 23
11 70 35
11 71 78
11 72 91
11 73 87
11 74 58
11 75 89
11 76 40
11 77 66
11 78 58
11 79 11
11 80 44
11 81 19
11 82 32
11 83 69
11 84 7
11 85 66
11 86 49
12 13 84
12 14 60
12 15 85
12 16 79
12 17 96
12 18 70
12 19 93
12 20 37
12 21 98
12 22 13
12 23 56
12 24 50
12 25 66
12 26 73
12 27 59
12 28 59
12 29 47
12 30 98
12 31 44
12 32 97
12 33 23
12 34 71
12 35 51
12 36 55
12 37 4
12 38 39
12 39 54
12 40 82
12 41 39
12 42 57
12 43 76
12 44 74
12 45 19
12 46 74
12 47 53
12 48 89
12 49 1
12 50 12
12 51 100
12 52 48
12 53 11
12 54 85
12 55 68
12 56 51
12 57 94
12 58 34
12 59 84
12 60 2
12 61 86
12 62 46
12 63 30
12 64 43
12 65 1
12 66 25
12 67 93
12 68 9
12 69 20
12 70 47
12 71 84
12 72 9
12 73 75
12 74 25
12 75 60
12 76 89
12 77 87
12 78 51
12 79 59
12 80 67
12 81 93
12 82 83
12 83 11
12 84 24
12 85 72
12 86 99
13 14 22
13 15 17
13 16 34
13 17 14
13 18 45
13 19 79
13 20 37
13 21 94
13 22 71
13 23 24
13 24 44
13 25 52
13 26 51
13 27 68
13 28 68
13 29 55
13 30 27
13 31 30
13 32 34
13 33 95
13 34 61
13 35 96
13 36 8
13 37 13
13 38 9
13 39 59
13 40 14
13 41 76
13 42 12
13 43 11
13 44 81
13 45 67
13 46 26
13 47 85
13 48 44
13 49 98
13 50 18
13 51 14
13 52 77
13 53 84
13 54 85
13 55 25
13 56 49
13 57 95
13 58 43
13 59 18
13 60 79
13 61 17
13 62 8
13 63 20
13 64 43
13 65 4
13 66 92
13 67 92
13 68 55
13 69 43
13 70 36
13 71 16
13 72 83
13 73 48
13 74 13
13 75 15
13 76 40
13 77 66
13 78 86
13 79 42
13 80 79
13 81 28
13 82 10
13 83 63
13 84 82
13 85 10
13 86 87
14 15 71
14 16 57
14 17 6
14 18 23
14 19 34
14 20 74
14 21 71
14 22 81
14 23 5
14 24 23
14 25 18
14 26 83
14 27 8
14 28 14
14 29 44
14 30 74
14 31 28
14 32 24
14 33 9
14 34 100
14 35 61
14 36 40
14 37 27
14 38 3
14 39 14
14 40 92
14 41 44
14 42 33
14 43 5
14 44 93
14 45 22
14 46 59
14 47 99
14 48 63
14 49 14
14 50 33
14 51 6
14 52 4
14 53 27
14 54 24
14 55 88
14 56 11
14 57 6
14 58 73
14 59 57
14 60 37
14 61 3
14 62 88
14 63 29
14 64 45
14 65 59
14 66 17
14 67 28
14 68 11
14 69 78
14 70 68
14 71 97
14 72 38
14 73 11
14 74 1
14 75 63
14 76 86
14 77 18
14 78 66
14 79 15
14 80 33
14 81 30
14 82 73
14 83 86
14 84 90
14 85 75
14 86 64
15 16 65
15 17 65
15 18 55
15 19 28
15 20 2
15 21 76
15 22 43
15 23 34
15 24 11
15 25 45
15 26 26
15 27 57
15 28 88
15 29 7
15 30 31
15 31 67
15 32 64
15 33 100
15 34 30
15 35 20
15 36 7
15 37 10
15 38 19
15 39 13
15 40 54
15 41 79
15 42 50
15 43 57
15 44 49
15 45 18
15 46 99
15 47 94
15 48 61
15 49 93
15 50 79
15 51 85
15 52 11
15 53 16
15 54 43
15 55 22
15 56 17
15 57 85
15 58 80
15 59 16
15 60 5
15 61 57
15 62 68
15 63 63
15 64 59
15 65 56
15 66 67
15 67 31
15 68 9
15 69 100
15 70 62
15 71 22
15 72 2
15 73 80
15 74 86
15 75 12
15 76 85
15 77 44
15 78 3
15 79 29
15 80 55
15 81 70
15 82 50
15 83 2
15 84 35
15 85 69
15 86 24
16 17 10
16 18 74
16 19 41
16 20 85
16 21 42
16 22 91
16 23 55
16 24 21
16 25 76
16 26 41
16 27 59
16 28 43
16 29 92
16 30 23
16 31 13
16 32 47
16 33 28
16 34 78
16 35 30
16 36 82
16 37 94
16 38 34
16 39 63
16 40 14
16 41 19
16 42 73
16 43 60
16 44 28
16 45 12
16 46 59
16 47 99
16 48 51
16 49 17
16 50 78
16 51 76
16 52 23
16 53 19
16 54 34
16 55 13
16 56 79
16 57 43
16 58 76
16 59 95
16 60 78
16 61 94
16 62 60
16 63 100
16 64 19
16 65 72
16 66 29
16 67 18
16 68 86
16 69 46
16 70 24
16 71 23
16 72 92
16 73 68
16 74 95
16 75 90
16 76 95
16 77 72
16 78 99
16 79 89
16 80 49
16 81 19
16 82 76
16 83 43
16 84 91
16 85 38
16 86 93
17 18 16
17 19 40
17 20 79
17 21 62
17 22 2
17 23 37
17 24 30
17 25 11
17 26 10
17 27 58
17 28 60
17 29 13
17 30 79
17 31 21
17 32 24
17 33 58
17 34 15
17 35 4
17 36 30
17 37 57
17 38 97
17 39 63
17 40 74
17 41 11
17 42 39
17 43 30
17 44 21
17 45 34
17 46 33
17 47 76
17 48 48
17 49 95
17 50 15
17 51 4
17 52 87
17 53 96
17 54 99
17 55 12
17 56 34
17 57 12
17 58 74
17 59 5
17 60 56
17 61 13
17 62 35
17 63 51
17 64 25
17 65 66
17 66 49
17 67 82
17 68 33
17 69 2
17 70 5
17 71 2
17 72 19
17 73 50
17 74 63
17 75 44
17 76 37
17 77 52
17 78 21
17 79 37
17 80 13
17 81 31
17 82 91
17 83 18
17 84 77
17 85 96
17 86 51
18 19 61
18 20 32
18 21 26
18 22 65
18 23 20
18 24 89
18 25 99
18 26 99
18 27 80
18 28 7
18 29 40
18 30 87
18 31 66
18 32 85
18 33 69
18 34 62
18 35 25
18 36 69
18 37 1
18 38 42
18 39 87
18 40 37
18 41 30
18 42 77
18 43 38
18 44 100
18 45 6
18 46 94
18 47 35
18 48 68
18 49 66
18 50 14
18 51 73
18 52 94
18 53 69
18 54 12
18 55 18
18 56 86
18 57 20
18 58 92
18 59 12
18 60 84
18 61 81
18 62 92
18 63 30
18 64 96
18 65 39
18 66 96
18 67 13
18 68 53
18 69 72
18 70 83
18 71 10
18 72 49
18 73 35
18 74 65
18 75 13
18 76 91
18 77 100
18 78 71
18 79 55
18 80 38
18 81 36
18 82 78
18 83 10
18 84 9
18 85 46
18 86 20
19 20 45
19 21 25
19 22 62
19 23 39
19 24 32
19 25 97
19 26 44
19 27 72
19 28 65
19 29 23
19 30 25
19 31 87
19 32 23
19 33 66
19 34 29
19 35 29
19 36 62
19 37 34
19 38 5
19 39 80
19 40 1
19 41 67
19 42 44
19 43 97
19 44 95
19 45 68
19 46 29
19 47 44
19 48 60
19 49 56
19 50 49
19 51 36
19 52 67
19 53 68
19 54 7
19 55 53
19 56 98
19 57 43
19 58 68
19 59 47
19 60 75
19 61 15
19 62 86
19 63 3
19 64 99
19 65 89
19 66 90
19 67 98
19 68 60
19 69 53
19 70 75
19 71 42
19 72 88
19 73 68
19 74 4
19 75 74
19 76 61
19 77 10
19 78 20
19 79 71
19 80 25
19 81 74
19 82 65
19 83 21
19 84 15
19 85 87
19 86 28
20 21 16
20 22 50
20 23 7
20 24 79
20 25 40
20 26 67
20 27 59
20 28 55
20 29 96
20 30 7
20 31 96
20 32 77
20 33 77
20 34 65
20 35 3
20 36 67
20 37 48
20 38 14
20 39 26
20 40 99
20 41 86
20 42 43
20 43 4
20 44 12
20 45 52
20 46 68
20 47 62
20 48 9
20 49 68
20 50 34
20 51 74
20 52 59
20 53 40
20 54 26
20 55 34
20 56 3
20 57 56
20 58 16
20 59 80
20 60 78
20 61 53
20 62 77
20 63 25
20 64 53
20 65 46
20 66 100
20 67 63
20 68 92
20 69 28
20 70 39
20 71 81
20 72 77
20 73 74
20 74 82
20 75 49
20 76 87
20 77 6
20 78 4
20 79 40
20 80 40
20 81 48
20 82 31
20 83 99
20 84 77
20 85 25
20 86 75
21 22 97
21 23 88
21 24 16
21 25 74
21 26 86
21 27 77
21 28 32
21 29 60
21 30 35
21 31 95
21 32 1
21 33 11
21 34 60
21 35 60
21 36 15
21 37 75
21 38 23
21 39 32
21 40 57
21 41 51
21 42 71
21 43 84
21 44 3
21 45 96
21 46 96
21 47 8
21 48 26
21 49 53
21 50 73
21 51 15
21 52 88
21 53 23
21 54 22
21 55 31
21 56 73
21 57 48
21 58 33
21 59 85
21 60 54
21 61 61
21 62 23
21 63 56
21 64 36
21 65 60
21 66 85
21 67 71
21 68 85
21 69 72
21 70 94
21 71 97
21 72 28
21 73 30
21 74 21
21 75 24
21 76 66
21 77 84
21 78 72
21 79 73
21 80 72
21 81 75
21 82 51
21 83 39
21 84 24
21 85 63
21 86 6
22 23 47
22 24 82
22 25 80
22 26 42
22 27 99
22 28 5
22 29 10
22 30 23
22 31 73
22 32 45
22 33 73
22 34 13
22 35 1
22 36 79
22 37 72
22 38 91
22 39 76
22 40 8
22 41 93
22 42 14
22 43 73
22 44 8
22 45 30
22 46 67
22 47 86
22 48 73
22 49 74
22 50 51
22 51 6
22 52 85
22 53 47
22 54 26
22 55 53
22 56 18
22 57 10
22 58 81
22 59 17
22 60 69
22 61 99
22 62 86
22 63 70
22 64 50
22 65 24
22 66 22
22 67 17
22 68 77
22 69 45
22 70 48
22 71 69
22 72 95
22 73 31
22 74 98
22 75 78
22 76 77
22 77 66
22 78 52
22 79 93
22 80 27
22 81 10
22 82 56
22 83 92
22 84 9
22 85 26
22 86 74
23 24 73
23 25 98
23 26 26
23 27 14
23 28 82
23 29 44
23 30 56
23 31 46
23 32 89
23 33 61
23 34 28
23 35 54
23 36 76
23 37 17
23 38 64
23 39 44
23 40 22
23 41 29
23 42 11
23 43 72
23 44 65
23 45 92
23 46 68
23 47 51
23 48 43
23 49 38
23 50 8
23 51 18
23 52 21
23 53 60
23 54 56
23 55 58
23 56 60
23 57 69
23 58 87
23 59 23
23 60 85
23 61 32
23 62 93
23 63 71
23 64 44
23 65 49
23 66 56
23 67 46
23 68 47
23 69 67
23 70 3
23 71 97
23 72 65
23 73 84
23 74 4
23 75 65
23 76 32
23 77 26
23 78 6
23 79 76
23 80 37
23 81 86
23 82 2
23 83 19
23 84 22
23 85 80
23 86 15
24 25 45
24 26 83
24 27 72
24 28 28
24 29 43
24 30 27
24 31 94
24 32 75
24 33 37
24 34 62
24 35 52
24 36 25
24 37 47
24 38 72
24 39 72
24 40 43
24 41 73
24 42 7
24 43 93
24 44 83
24 45 41
24 46 99
24 47 54
24 48 18
24 49 71
24 50 95
24 51 35
24 52 34
24 53 11
24 54 3
24 55 5
24 56 55
24 57 5
24 58 16
24 59 7
24 60 93
24 61 12
24 62 92
24 63 58
24 64 55
24 65 64
24 66 84
24 67 85
24 68 50
24 69 21
24 70 1
24 71 47
24 72 68
24 73 41
24 74 92
24 75 12
24 76 91
24 77 19
24 78 88
24 79 75
24 80 78
24 81 36
24 82 12
24 83 7
24 84 21
24 85 93
24 86 75
25 26 47
25 27 46
25 28 23
25 29 70
25 30 15
25 31 18
25 32 61
25 33 31
25 34 52
25 35 95
25 36 96
25 37 83
25 38 83
25 39 61
25 40 36
25 41 2
25 42 98
25 43 73
25 44 3
25 45 77
25 46 38
25 47 74
25 48 35
25 49 7
25 50 61
25 51 70
25 52 53
25 53 2
25 54 23
25 55 41
25 56 46
25 57 28
25 58 85
25 59 84
25 60 49
25 61 91
25 62 97
25 63 24
25 64 19
25 65 36
25 66 13
25 67 93
25 68 100
25 69 97
25 70 87
25 71 37
25 72 12
25 73 25
25 74 7
25 75 44
25 76 12
25 77 65
25 78 41
25 79 100
25 80 16
25 81 62
25 82 18
25 83 48
25 84 37
25 85 35
25 86 16
26 27 79
26 28 21
26 29 86
26 30 64
26 31 65
26 32 86
26 33 10
26 34 85
26 35 9
26 36 72
26 37 61
26 38 87
26 39 96
26 40 55
26 41 45
26 42 62
26 43 28
26 44 63
26 45 53
26 46 82
26 47 8
26 48 1
26 49 97
26 50 21
26 51 71
26 52 62
26 53 43
26 54 12
26 55 52
26 56 5
26 57 72
26 58 21
26 59 53
26 60 71
26 61 91
26 62 6
26 63 64
26 64 17
26 65 37
26 66 53
26 67 3
26 68 20
26 69 11
26 70 78
26 71 47
26 72 29
26 73 44
26 74 31
26 75 56
26 76 67
26 77 60
26 78 41
26 79 42
26 80 95
26 81 4
26 82 82
26 83 41
26 84 39
26 85 77
26 86 99
27 28 1
27 29 82
27 30 83
27 31 39
27 32 24
27 33 11
27 34 25
27 35 40
27 36 76
27 37 53
27 38 14
27 39 14
27 40 18
27 41 18
27 42 13
27 43 14
27 44 38
27 45 70
27 46 42
27 47 24
27 48 99
27 49 7
27 50 4
27 51 2
27 52 35
27 53 65
27 54 23
27 55 18
27 56 92
27 57 53
27 58 64
27 59 25
27 60 32
27 61 28
27 62 91
27 63 80
27 64 45
27 65 29
27 66 79
27 67 33
27 68 78
27 69 87
27 70 69
27 71 36
27 72 70
27 73 95
27 74 34
27 75 30
27 76 23
27 77 100
27 78 99
27 79 46
27 80 18
27 81 58
27 82 26
27 83 35
27 84 87
27 85 71
27 86 42
28 29 31
28 30 18
28 31 60
28 32 7
28 33 86
28 34 23
28 35 10
28 36 51
28 37 36
28 38 33
28 39 93
28 40 6
28 41 82
28 42 97
28 43 64
28 44 94
28 45 79
28 46 41
28 47 67
28 48 96
28 49 66
28 50 38
28 51 28
28 52 9
28 53 12
28 54 33
28 55 42
28 56 94
28 57 100
28 58 14
28 59 23
28 60 5
28 61 2
28 62 2
28 63 54
28 64 94
28 65 14
28 66 11
28 67 46
28 68 88
28 69 60
28 70 37
28 71 4
28 72 100
28 73 34
28 74 53
28 75 6
28 76 43
28 77 99
28 78 40
28 79 79
28 80 54
28 81 90
28 82 39
28 83 71
28 84 25
28 85 1
28 86 5
29 30 22
29 31 55
29 32 66
29 33 49
29 34 67
29 35 33
29 36 76
29 37 9
29 38 75
29 39 50
29 40 21
29 41 38
29 42 26
29 43 91
29 44 94
29 45 4
29 46 51
29 47 17
29 48 74
29 49 18
29 50 77
29 51 89
29 52 59
29 53 16
29 54 87
29 55 65
29 56 9
29 57 57
29 58 37
29 59 54
29 60 80
29 61 94
29 62 64
29 63 1
29 64 93
29 65 95
29 66 18
29 67 79
29 68 28
29 69 58
29 70 71
29 71 81
29 72 73
29 73 8
29 74 87
29 75 9
29 76 10
29 77 82
29 78 27
29 79 1
29 80 39
29 81 74
29 82 52
29 83 49
29 84 14
29 85 4
29 86 17
30 31 31
30 32 78
30 33 68
30 34 98
30 35 91
30 36 25
30 37 99
30 38 46
30 39 61
30 40 28
30 41 70
30 42 21
30 43 70
30 44 61
30 45 49
30 46 10
30 47 81
30 48 75
30 49 87
30 50 7
30 51 57
30 52 50
30 53 85
30 54 14
30 55 16
30 56 18
30 57 56
30 58 40
30 59 74
30 60 35
30 61 86
30 62 18
30 63 51
30 64 30
30 65 32
30 66 73
30 67 42
30 68 50
30 69 9
30 70 24
30 71 64
30 72 51
30 73 41
30 74 92
30 75 17
30 76 74
30 77 65
30 78 79
30 79 23
30 80 81
30 81 20
30 82 32
30 83 97
30 84 32
30 85 46
30 86 78
31 32 61
31 33 80
31 34 26
31 35 44
31 36 41
31 37 85
31 38 42
31 39 14
31 40 80
31 41 93
31 42 15
31 43 57
31 44 88
31 45 82
31 46 47
31 47 37
31 48 12
31 49 24
31 50 94
31 51 32
31 52 67
31 53 41
31 54 74
31 55 99
31 56 43
31 57 9
31 58 19
31 59 56
31 60 59
31 61 24
31 62 70
31 63 42
31 64 21
31 65 68
31 66 99
31 67 63
31 68 48
31 69 7
31 70 20
31 71 32
31 72 76
31 73 15
31 74 37
31 75 57
31 76 15
31 77 60
31 78 56
31 79 2
31 80 30
31 81 4
31 82 46
31 83 94
31 84 86
31 85 90
31 86 2
32 33 98
32 34 45
32 35 8
32 36 79
32 37 27
32 38 18
32 39 5
32 40 61
32 41 55
32 42 31
32 43 29
32 44 35
32 45 44
32 46 98
32 47 46
32 48 21
32 49 97
32 50 67
32 51 73
32 52 7
32 53 80
32 54 16
32 55 71
32 56 65
32 57 88
32 58 55
32 59 31
32 60 51
32 61 88
32 62 97
32 63 48
32 64 34
32 65 94
32 66 7
32 67 30
32 68 51
32 69 11
32 70 97
32 71 90
32 72 12
32 73 59
32 74 83
32 75 57
32 76 32
32 77 78
32 78 57
32 79 62
32 80 18
32 81 40
32 82 8
32 83 51
32 84 54
32 85 11
32 86 46
33 34 14
33 35 21
33 36 91
33 37 16
33 38 33
33 39 15
33 40 63
33 41 57
33 42 9
33 43 68
33 44 24
33 45 16
33 46 50
33 47 39
33 48 6
33 49 68
33 50 27
33 51 53
33 52 96
33 53 33
33 54 75
33 55 38
33 56 81
33 57 46
33 58 3
33 59 70
33 60 70
33 61 76
33 62 35
33 63 23
33 64 38
33 65 58
33 66 63
33 67 66
33 68 47
33 69 68
33 70 11
33 71 4
33 72 17
33 73 27
33 74 35
33 75 97
33 76 80
33 77 72
33 78 43
33 79 98
33 80 35
33 81 12
33 82 40
33 83 94
33 84 47
33 85 23
33 86 10
34 35 48
34 36 44
34 37 67
34 38 31
34 39 26
34 40 81
34 41 70
34 42 74
34 43 69
34 44 17
34 45 4
34 46 10
34 47 46
34 48 39
34 49 36
34 50 100
34 51 78
34 52 81
34 53 44
34 54 83
34 55 93
34 56 5
34 57 44
34 58 54
34 59 96
34 60 54
34 61 29
34 62 54
34 63 83
34 64 66
34 65 42
34 66 43
34 67 90
34 68 5
34 69 45
34 70 2
34 71 1
34 72 96
34 73 95
34 74 3
34 75 16
34 76 96
34 77 19
34 78 67
34 79 57
34 80 17
34 81 99
34 82 29
34 83 68
34 84 18
34 85 55
34 86 6
35 36 70
35 37 78
35 38 84
35 39 59
35 40 46
35 41 46
35 42 59
35 43 65
35 44 22
35 45 62
35 46 73
35 47 19
35 48 22
35 49 6
35 50 29
35 51 74
35 52 46
35 53 6
35 54 95
35 55 91
35 56 4
35 57 9
35 58 64
35 59 77
35 60 65
35 61 2
35 62 80
35 63 97
35 64 86
35 65 73
35 66 43
35 67 61
35 68 18
35 69 76
35 70 87
35 71 35
35 72 40
35 73 62
35 74 78
35 75 81
35 76 23
35 77 69
35 78 35
35 79 98
35 80 13
35 81 91
35 82 75
35 83 82
35 84 5
35 85 83
35 86 42
36 37 49
36 38 52
36 39 28
36 40 19
36 41 22
36 42 94
36 43 61
36 44 42
36 45 66
36 46 13
36 47 56
36 48 40
36 49 92
36 50 5
36 51 65
36 52 59
36 53 49
36 54 73
36 55 50
36 56 19
36 57 21
36 58 57
36 59 63
36 60 33
36 61 97
36 62 32
36 63 3
36 64 61
36 65 24
36 66 65
36 67 67
36 68 20
36 69 8
36 70 59
36 71 80
36 72 89
36 73 46
36 74 74
36 75 10
36 76 52
36 77 47
36 78 50
36 79 91
36 80 9
36 81 79
36 82 10
36 83 21
36 84 55
36 85 36
36 86 53
37 38 53
37 39 43
37 40 84
37 41 60
37 42 80
37 43 2
37 44 51
37 45 98
37 46 85
37 47 87
37 48 50
37 49 13
37 50 75
37 51 42
37 52 17
37 53 29
37 54 6
37 55 61
37 56 61
37 57 95
37 58 52
37 59 59
37 60 37
37 61 61
37 62 55
37 63 20
37 64 99
37 65 95
37 66 55
37 67 86
37 68 35
37 69 33
37 70 89
37 71 56
37 72 95
37 73 75
37 74 12
37 75 85
37 76 32
37 77 80
37 78 84
37 79 36
37 80 51
37 81 59
37 82 85
37 83 10
37 84 14
37 85 58
37 86 90
38 39 58
38 40 41
38 41 70
38 42 66
38 43 64
38 44 23
38 45 75
38 46 98
38 47 97
38 48 34
38 49 24
38 50 70
38 51 42
38 52 4
38 53 26
38 54 39
38 55 7
38 56 78
38 57 11
38 58 74
38 59 41
38 60 77
38 61 98
38 62 40
38 63 51
38 64 45
38 65 32
38 66 19
38 67 47
38 68 65
38 69 11
38 70 1
38 71 2
38 72 35
38 73 44
38 74 81
38 75 96
38 76 43
38 77 68
38 78 97
38 79 19
38 80 55
38 81 1
38 82 11
38 83 63
38 84 15
38 85 48
38 86 47
39 40 40
39 41 35
39 42 83
39 43 37
39 44 14
39 45 76
39 46 78
39 47 40
39 48 27
39 49 13
39 50 99
39 51 76
39 52 48
39 53 2
39 54 18
39 55 11
39 56 45
39 57 12
39 58 73
39 59 45
39 60 88
39 61 42
39 62 87
39 63 40
39 64 62
39 65 65
39 66 79
39 67 62
39 68 61
39 69 84
39 70 83
39 71 74
39 72 32
39 73 100
39 74 23
39 75 85
39 76 75
39 77 71
39 78 64
39 79 49
39 80 82
39 81 78
39 82 67
39 83 85
39 84 48
39 85 5
39 86 27
40 41 33
40 42 69
40 43 77
40 44 65
40 45 15
40 46 37
40 47 19
40 48 82
40 49 29
40 50 83
40 51 32
40 52 47
40 53 23
40 54 60
40 55 22
40 56 65
40 57 27
40 58 50
40 59 46
40 60 52
40 61 35
40 62 72
40 63 19
40 64 80
40 65 90
40 66 15
40 67 72
40 68 33
40 69 5
40 70 17
40 71 51
40 72 27
40 73 86
40 74 32
40 75 50
40 76 33
40 77 97
40 78 42
40 79 17
40 80 6
40 81 90
40 82 81
40 83 93
40 84 86
40 85 39
40 86 57
41 42 93
41 43 55
41 44 32
41 45 96
41 46 90
41 47 36
41 48 49
41 49 95
41 50 78
41 51 84
41 52 62
41 53 88
41 54 47
41 55 19
41 56 88
41 57 45
41 58 23
41 59 71
41 60 65
41 61 14
41 62 27
41 63 26
41 64 34
41 65 10
41 66 7
41 67 20
41 68 11
41 69 37
41 70 94
41 71 79
41 72 52
41 73 19
41 74 94
41 75 17
41 76 83
41 77 48
41 78 28
41 79 85
41 80 6
41 81 40
41 82 91
41 83 23
41 84 94
41 85 54
41 86 55
42 43 52
42 44 30
42 45 100
42 46 12
42 47 21
42 48 26
42 49 50
42 50 86
42 51 90
42 52 82
42 53 1
42 54 65
42 55 92
42 56 34
42 57 63
42 58 4
42 59 9
42 60 52
42 61 100
42 62 70
42 63 90
42 64 64
42 65 43
42 66 81
42 67 47
42 68 27
42 69 7
42 70 15
42 71 27
42 72 63
42 73 82
42 74 19
42 75 59
42 76 16
42 77 35
42 78 94
42 79 5
42 80 37
42 81 56
42 82 50
42 83 62
42 84 72
42 85 33
42 86 2
43 44 6
43 45 67
43 46 54
43 47 29
43 48 68
43 49 98
43 50 56
43 51 32
43 52 65
43 53 26
43 54 1
43 55 40
43 56 92
43 57 79
43 58 82
43 59 69
43 60 56
43 61 66
43 62 76
43 63 97
43 64 89
43 65 47
43 66 30
43 67 17
43 68 48
43 69 76
43 70 81
43 71 71
43 72 79
43 73 10
43 74 83
43 75 91
43 76 35
43 77 83
43 78 42
43 79 42
43 80 76
43 81 42
43 82 12
43 83 64
43 84 84
43 85 97
43 86 96
44 45 90
44 46 53
44 47 46
44 48 90
44 49 93
44 50 26
44 51 36
44 52 39
44 53 52
44 54 71
44 55 4
44 56 46
44 57 62
44 58 32
44 59 28
44 60 61
44 61 41
44 62 91
44 63 90
44 64 36
44 65 89
44 66 26
44 67 13
44 68 41
44 69 94
44 70 42
44 71 18
44 72 73
44 73 50
44 74 50
44 75 76
44 76 3
44 77 51
44 78 66
44 79 46
44 80 55
44 81 41
44 82 38
44 83 15
44 84 3
44 85 16
44 86 4
45 46 50
45 47 82
45 48 14
45 49 88
45 50 1
45 51 8
45 52 80
45 53 89
45 54 49
45 55 63
45 56 43
45 57 100
45 58 73
45 59 19
45 60 41
45 61 67
45 62 26
45 63 30
45 64 77
45 65 71
45 66 11
45 67 70
45 68 15
45 69 98
45 70 80
45 71 4
45 72 66
45 73 98
45 74 92
45 75 85
45 76 84
45 77 25
45 78 5
45 79 95
45 80 43
45 81 46
45 82 16
45 83 20
45 84 17
45 85 56
45 86 91
46 47 58
46 48 26
46 49 40
46 50 79
46 51 75
46 52 58
46 53 43
46 54 11
46 55 74
46 56 53
46 57 8
46 58 18
46 59 21
46 60 82
46 61 90
46 62 60
46 63 43
46 64 82
46 65 79
46 66 81
46 67 88
46 68 71
46 69 73
46 70 56
46 71 88
46 72 9
46 73 11
46 74 90
46 75 59
46 76 97
46 77 48
46 78 98
46 79 14
46 80 62
46 81 77
46 82 94
46 83 18
46 84 62
46 85 87
46 86 65
47 48 13
47 49 74
47 50 99
47 51 96
47 52 34
47 53 94
47 54 92
47 55 45
47 56 43
47 57 87
47 58 52
47 59 30
47 60 40
47 61 46
47 62 87
47 63 38
47 64 47
47 65 83
47 66 34
47 67 70
47 68 53
47 69 70
47 70 1
47 71 35
47 72 69
47 73 92
47 74 99
47 75 70
47 76 88
47 77 69
47 78 62
47 79 98
47 80 49
47 81 74
47 82 11
47 83 33
47 84 12
47 85 22
47 86 80
48 49 2
48 50 65
48 51 28
48 52 11
48 53 38
48 54 45
48 55 13
48 56 90
48 57 48
48 58 8
48 59 11
48 60 100
48 61 3
48 62 39
48 63 95
48 64 48
48 65 82
48 66 41
48 67 64
48 68 73
48 69 93
48 70 46
48 71 10
48 72 10
48 73 34
48 74 4
48 75 39
48 76 58
48 77 10
48 78 48
48 79 18
48 80 23
48 81 6
48 82 14
48 83 31
48 84 46
48 85 18
48 86 6
49 50 13
49 51 46
49 52 75
49 53 46
49 54 55
49 55 56
49 56 9
49 57 60
49 58 8
49 59 59
49 60 2
49 61 19
49 62 2
49 63 13
49 64 32
49 65 3
49 66 55
49 67 11
49 68 75
49 69 88
49 70 41
49 71 73
49 72 45
49 73 86
49 74 61
49 75 4
49 76 44
49 77 27
49 78 42
49 79 58
49 80 36
49 81 82
49 82 22
49 83 2
49 84 92
49 85 89
49 86 60
50 51 34
50 52 65
50 53 43
50 54 2
50 55 39
50 56 75
50 57 67
50 58 89
50 59 1
50 60 21
50 61 49
50 62 40
50 63 67
50 64 16
50 65 5
50 66 86
50 67 9
50 68 35
50 69 95
50 70 48
50 71 73
50 72 91
50 73 23
50 74 43
50 75 47
50 76 80
50 77 91
50 78 30
50 79 7
50 80 4
50 81 16
50 82 83
50 83 16
50 84 53
50 85 45
50 86 34
51 52 56
51 53 36
51 54 37
51 55 78
51 56 92
51 57 94
51 58 45
51 59 77
51 60 69
51 61 19
51 62 83
51 63 86
51 64 72
51 65 79
51 66 42
51 67 48
51 68 30
51 69 9
51 70 20
51 71 6
51 72 100
51 73 61
51 74 50
51 75 25
51 76 10
51 77 87
51 78 18
51 79 51
51 80 52
51 81 66
51 82 45
51 83 12
51 84 39
51 85 11
51 86 44
52 53 95
52 54 28
52 55 5
52 56 3
52 57 61
52 58 37
52 59 71
52 60 50
52 61 1
52 62 28
52 63 49
52 64 7
52 65 10
52 66 13
52 67 59
52 68 90
52 69 73
52 70 16
52 71 80
52 72 75
52 73 12
52 74 61
52 75 56
52 76 13
52 77 39
52 78 57
52 79 55
52 80 90
52 81 45
52 82 57
52 83 16
52 84 62
52 85 3
52 86 97
53 54 7
53 55 93
53 56 85
53 57 6
53 58 99
53 59 32
53 60 39
53 61 60
53 62 37
53 63 9
53 64 54
53 65 60
53 66 27
53 67 10
53 68 65
53 69 19
53 70 4
53 71 16
53 72 15
53 73 99
53 74 58
53 75 95
53 76 57
53 77 8
53 78 58
53 79 16
53 80 97
53 81 83
53 82 29
53 83 11
53 84 51
53 85 34
53 86 98
54 55 49
54 56 80
54 57 52
54 58 15
54 59 99
54 60 68
54 61 78
54 62 4
54 63 72
54 64 39
54 65 24
54 66 4
54 67 19
54 68 11
54 69 14
54 70 49
54 71 90
54 72 82
54 73 78
54 74 62
54 75 14
54 76 86
54 77 81
54 78 53
54 79 64
54 80 52
54 81 44
54 82 48
54 83 23
54 84 95
54 85 37
54 86 25
55 56 28
55 57 86
55 58 88
55 59 80
55 60 45
55 61 72
55 62 28
55 63 10
55 64 38
55 65 30
55 66 97
55 67 52
55 68 54
55 69 2
55 70 78
55 71 59
55 72 27
55 73 91
55 74 30
55 75 16
55 76 72
55 77 53
55 78 59
55 79 82
55 80 32
55 81 38
55 82 77
55 83 65
55 84 23
55 85 10
55 86 15
56 57 61
56 58 10
56 59 4
56 60 7
56 61 90
56 62 16
56 63 65
56 64 87
56 65 44
56 66 28
56 67 29
56 68 13
56 69 41
56 70 84
56 71 36
56 72 63
56 73 92
56 74 88
56 75 22
56 76 71
56 77 41
56 78 31
56 79 65
56 80 39
56 81 3
56 82 5
56 83 37
56 84 17
56 85 76
56 86 9
57 58 34
57 59 32
57 60 87
57 61 13
57 62 38
57 63 5
57 64 78
57 65 5
57 66 100
57 67 18
57 68 86
57 69 6
57 70 40
57 71 13
57 72 10
57 73 67
57 74 55
57 75 91
57 76 8
57 77 51
57 78 26
57 79 32
57 80 60
57 81 44
57 82 84
57 83 77
57 84 25
57 85 19
57 86 12
58 59 42
58 60 5
58 61 58
58 62 86
58 63 73
58 64 25
58 65 24
58 66 9
58 67 98
58 68 14
58 69 22
58 70 76
58 71 61
58 72 27
58 73 94
58 74 73
58 75 55
58 76 66
58 77 40
58 78 97
58 79 18
58 80 2
58 81 24
58 82 91
58 83 34
58 84 14
58 85 5
58 86 64
59 60 7
59 61 20
59 62 68
59 63 62
59 64 62
59 65 37
59 66 68
59 67 13
59 68 49
59 69 25
59 70 68
59 71 97
59 72 67
59 73 68
59 74 79
59 75 72
59 76 22
59 77 76
59 78 57
59 79 47
59 80 70
59 81 45
59 82 49
59 83 64
59 84 6
59 85 63
59 86 33
60 61 89
60 62 75
60 63 17
60 64 22
60 65 100
60 66 91
60 67 33
60 68 39
60 69 44
60 70 77
60 71 70
60 72 28
60 73 23
60 74 68
60 75 41
60 76 70
60 77 28
60 78 44
60 79 42
60 80 73
60 81 14
60 82 11
60 83 41
60 84 68
60 85 43
60 86 53
61 62 94
61 63 5
61 64 78
61 65 36
61 66 77
61 67 99
61 68 54
61 69 56
61 70 87
61 71 3
61 72 58
61 73 50
61 74 5
61 75 48
61 76 1
61 77 11
61 78 69
61 79 21
61 80 40
61 81 61
61 82 9
61 83 83
61 84 97
61 85 79
61 86 36
62 63 54
62 64 97
62 65 98
62 66 76
62 67 43
62 68 72
62 69 60
62 70 11
62 71 47
62 72 97
62 73 45
62 74 20
62 75 20
62 76 67
62 77 97
62 78 3
62 79 79
62 80 82
62 81 36
62 82 99
62 83 65
62 84 71
62 85 45
62 86 90
63 64 83
63 65 94
63 66 97
63 67 75
63 68 69
63 69 47
63 70 79
63 71 45
63 72 83
63 73 14
63 74 13
63 75 65
63 76 36
63 77 64
63 78 62
63 79 17
63 80 11
63 81 86
63 82 82
63 83 77
63 84 16
63 85 67
63 86 28
64 65 65
64 66 91
64 67 16
64 68 42
64 69 24
64 70 56
64 71 7
64 72 48
64 73 87
64 74 43
64 75 58
64 76 36
64 77 54
64 78 88
64 79 88
64 80 27
64 81 4
64 82 70
64 83 74
64 84 71
64 85 4
64 86 75
65 66 34
65 67 25
65 68 16
65 69 77
65 70 85
65 71 41
65 72 60
65 73 85
65 74 6
65 75 58
65 76 63
65 77 24
65 78 60
65 79 9
65 80 76
65 81 19
65 82 84
65 83 15
65 84 3
65 85 47
65 86 96
66 67 69
66 68 40
66 69 51
66 70 91
66 71 17
66 72 18
66 73 2
66 74 21
66 75 70
66 76 98
66 77 75
66 78 80
66 79 97
66 80 1
66 81 86
66 82 71
66 83 63
66 84 58
66 85 47
66 86 81
67 68 15
67 69 44
67 70 81
67 71 99
67 72 86
67 73 58
67 74 77
67 75 33
67 76 39
67 77 8
67 78 82
67 79 70
67 80 43
67 81 34
67 82 98
67 83 58
67 84 68
67 85 74
67 86 3
68 69 39
68 70 48
68 71 7
68 72 72
68 73 69
68 74 34
68 75 64
68 76 100
68 77 13
68 78 88
68 79 73
68 80 36
68 81 59
68 82 85
68 83 80
68 84 53
68 85 30
68 86 28
69 70 72
69 71 81
69 72 92
69 73 46
69 74 25
69 75 97
69 76 50
69 77 78
69 78 19
69 79 96
69 80 50
69 81 18
69 82 96
69 83 87
69 84 69
69 85 43
69 86 3
70 71 69
70 72 86
70 73 53
70 74 9
70 75 90
70 76 9
70 77 44
70 78 60
70 79 27
70 80 20
70 81 70
70 82 83
70 83 30
70 84 13
70 85 61
70 86 71
71 72 31
71 73 5
71 74 74
71 75 70
71 76 26
71 77 20
71 78 43
71 79 39
71 80 98
71 81 98
71 82 9
71 83 98
71 84 68
71 85 68
71 86 32
72 73 65
72 74 82
72 75 23
72 76 75
72 77 72
72 78 39
72 79 27
72 80 88
72 81 75
72 82 5
72 83 35
72 84 79
72 85 60
72 86 96
73 74 89
73 75 51
73 76 18
73 77 12
73 78 11
73 79 55
73 80 36
73 81 72
73 82 79
73 83 29
73 84 4
73 85 40
73 86 41
74 75 45
74 76 81
74 77 24
74 78 86
74 79 92
74 80 57
74 81 74
74 82 99
74 83 41
74 84 95
74 85 99
74 86 91
75 76 37
75 77 85
75 78 5
75 79 33
75 80 27
75 81 66
75 82 100
75 83 10
75 84 14
75 85 12
75 86 71
76 77 22
76 78 56
76 79 41
76 80 55
76 81 61
76 82 37
76 83 38
76 84 47
76 85 56
76 86 84
77 78 15
77 79 13
77 80 81
77 81 24
77 82 82
77 83 13
77 84 96
77 85 9
77 86 7
78 79 44
78 80 77
78 81 68
78 82 56
78 83 33
78 84 38
78 85 80
78 86 54
79 80 94
79 81 48
79 82 16
79 83 36
79 84 60
79 85 70
79 86 21
80 81 65
80 82 7
80 83 78
80 84 69
80 85 82
80 86 16
81 82 17
81 83 97
81 84 93
81 85 6
81 86 34
82 83 31
82 84 9
82 85 84
82 86 94
83 84 59
83 85 86
83 86 6
84 85 17
84 86 5
85 86 57
