20 190 19
1 2 90
1 3 1
1 4 88
1 5 16
1 6 46
1 7 25
1 8 35
1 9 52
1 10 56
1 11 57
1 12 77
1 13 56
1 14 21
1 15 2
1 16 59
1 17 57
1 18 45
1 19 15
1 20 19
2 3 16
2 4 18
2 5 58
2 6 41
2 7 81
2 8 51
2 9 60
2 10 90
2 11 70
2 12 39
2 13 52
2 14 51
2 15 68
2 16 29
2 17 9
2 18 14
2 19 16
2 20 59
3 4 23
3 5 57
3 6 12
3 7 72
3 8 73
3 9 62
3 10 97
3 11 71
3 12 96
3 13 88
3 14 38
3 15 42
3 16 14
3 17 53
3 18 65
3 19 90
3 20 100
4 5 83
4 6 83
4 7 37
4 8 40
4 9 26
4 10 90
4 11 8
4 12 48
4 13 26
4 14 92
4 15 19
4 16 41
4 17 37
4 18 63
4 19 81
4 20 44
5 6 27
5 7 84
5 8 60
5 9 69
5 10 34
5 11 20
5 12 4
5 13 10
5 14 80
5 15 7
5 16 88
5 17 76
5 18 99
5 19 6
5 20 40
6 7 18
6 8 98
6 9 35
6 10 84
6 11 68
6 12 80
6 13 17
6 14 68
6 15 3
6 16 67
6 17 53
6 18 92
6 19 84
6 20 82
7 8 32
7 9 99
7 10 6
7 11 96
7 12 4
7 13 96
7 14 19
7 15 61
7 16 50
7 17 88
7 18 26
7 19 15
7 20 19
8 9 24
8 10 89
8 11 13
8 12 85
8 13 6
8 14 20
8 15 85
8 16 3
8 17 93
8 18 10
8 19 84
8 20 73
9 10 18
9 11 7
9 12 36
9 13 72
9 14 10
9 15 69
9 16 96
9 17 7
9 18 53
9 19 34
9 20 94
10 11 56
10 12 41
10 13 77
10 14 36
10 15 81
10 16 36
10 17 81
10 18 50
10 19 64
10 20 96
11 12 15
11 13 100
11 14 8
11 15 36
11 16 14
11 17 4
11 18 72
11 19 54
11 20 38
12 13 97
12 14 3
12 15 10
12 16 50
12 17 78
12 18 18
12 19 47
12 20 33
13 14 31
13 15 87
13 16 19
13 17 27
13 18 90
13 19 32
13 20 50
14 15 56
14 16 5
14 17 59
14 18 25
14 19 100
14 20 80
15 16 42
15 17 14
15 18 68
15 19 3
15 20 80
16 17 79
16 18 90
16 19 81
16 20 59
17 18 61
17 19 78
17 20 76
18 19 48
18 20 87
19 20 88
