96 4560 95
1 2 80
1 3 76
1 4 49
1 5 81
1 6 26
1 7 39
1 8 13
1 9 97
1 10 18
1 11 74
1 12 85
1 13 94
1 14 41
1 15 3
1 16 41
1 17 39
1 18 45
1 19 60
1 20 85
1 21 49
1 22 55
1 23 73
1 24 93
1 25 22
1 26 55
1 27 39
1 28 56
1 29 49
1 30 33
1 31 40
1 32 86
1 33 97
1 34 84
1 35 87
1 36 90
1 37 98
1 38 59
1 39 15
1 40 43
1 41 83
1 42 9
1 43 60
1 44 83
1 45 5
1 46 64
1 47 52
1 48 68
1 49 99
1 50 50
1 51 19
1 52 77
1 53 83
1 54 41
1 55 63
1 56 46
1 57 3
1 58 19
1 59 17
1 60 75
1 61 74
1 62 66
1 63 10
1 64 37
1 65 70
1 66 61
1 67 29
1 68 7
1 69 85
1 70 40
1 71 59
1 72 99
1 73 46
1 74 89
1 75 36
1 76 82
1 77 58
1 78 27
1 79 25
1 80 50
1 81 92
1 82 23
1 83 60
1 84 18
1 85 28
1 86 77
1 87 94
1 88 67
1 89 83
1 90 48
1 91 53
1 92 89
1 93 79
1 94 38
1 95 9
1 96 31
2 3 73
2 4 73
2 5 77
2 6 71
2 7 3
2 8 13
2 9 44
2 10 12
2 11 68
2 12 42
2 13 92
2 14 54
2 15 86
2 16 2
2 17 62
2 18 28
2 19 35
2 20 12
2 21 7
2 22 27
2 23 56
2 24 21
2 25 59
2 26 20
2 27 4
2 28 41
2 29 42
2 30 8
2 31 62
2 32 37
2 33 17
2 34 86
2 35 90
2 36 40
2 37 80
2 38 5
2 39 36
2 40 10
2 41 89
2 42 38
2 43 73
2 44 34
2 45 74
2 46 82
2 47 74
2 48 29
2 49 71
2 50 66
2 51 57
2 52 56
2 53 52
2 54 36
2 55 63
2 56 82
2 57 69
2 58 50
2 59 27
2 60 39
2 61 17
2 62 3
2 63 31
2 64 27
2 65 4
2 66 3
2 67 17
2 68 4
2 69 86
2 70 99
2 71 34
2 72 82
2 73 76
2 74 67
2 75 80
2 76 60
2 77 2
2 78 6
2 79 38
2 80 28
2 81 72
2 82 7
2 83 4
2 84 80
2 85 98
2 86 35
2 87 87
2 88 80
2 89 13
2 90 53
2 91 89
2 92 97
2 93 2
2 94 1
2 95 71
2 96 14
3 4 93
3 5 36
3 6 58
3 7 59
3 8 24
3 9 19
3 10 62
3 11 7
3 12 29
3 13 15
3 14 93
3 15 36
3 16 9
3 17 53
3 18 66
3 19 98
3 20 33
3 21 51
3 22 63
3 23 87
3 24 52
3 25 82
3 26 69
3 27 69
3 28 99
3 29 52
3 30 69
3 31 46
3 32 66
3 33 63
3 34 60
3 35 93
3 36 52
3 37 12
3 38 4
3 39 15
3 40 100
3 41 55
3 42 80
3 43 48
3 44 3
3 45 92
3 46 46
3 47 87
3 48 87
3 49 30
3 50 55
3 51 94
3 52 33
3 53 79
3 54 39
3 55 43
3 56 100
3 57 54
3 58 47
3 59 36
3 60 8
3 61 50
3 62 51
3 63 55
3 64 94
3 65 37
3 66 13
3 67 30
3 68 56
3 69 11
3 70 21
3 71 61
3 72 92
3 73 64
3 74 83
3 75 56
3 76 31
3 77 24
3 78 21
3 79 29
3 80 62
3 81 53
3 82 21
3 83 78
3 84 51
3 85 83
3 86 45
3 87 45
3 88 35
3 89 96
3 90 26
3 91 38
3 92 62
3 93 67
3 94 56
3 95 2
3 96 19
4 5 53
4 6 45
4 7 69
4 8 48
4 9 13
4 10 63
4 11 12
4 12 65
4 13 25
4 14 8
4 15 70
4 16 10
4 17 35
4 18 2
4 19 71
4 20 53
4 21 97
4 22 44
4 23 12
4 24 92
4 25 49
4 26 56
4 27 51
4 28 6
4 29 55
4 30 90
4 31 26
4 32 32
4 33 6
4 34 16
4 35 49
4 36 86
4 37 22
4 38 43
4 39 51
4 40 41
4 41 75
4 42 47
4 43 58
4 44 67
4 45 21
4 46 30
4 47 3
4 48 46
4 49 27
4 50 81
4 51 44
4 52 87
4 53 95
4 54 19
4 55 48
4 56 42
4 57 6
4 58 30
4 59 70
4 60 19
4 61 2
4 62 41
4 63 41
4 64 53
4 65 18
4 66 88
4 67 9
4 68 17
4 69 98
4 70 40
4 71 94
4 72 98
4 73 61
4 74 56
4 75 52
4 76 70
4 77 27
4 78 71
4 79 49
4 80 64
4 81 97
4 82 64
4 83 29
4 84 86
4 85 32
4 86 25
4 87 51
4 88 62
4 89 61
4 90 61
4 91 3
4 92 72
4 93 99
4 94 37
4 95 13
4 96 61
5 6 91
5 7 91
5 8 2
5 9 39
5 10 66
5 11 10
5 12 90
5 13 32
5 14 67
5 15 28
5 16 22
5 17 66
5 18 40
5 19 10
5 20 69
5 21 80
5 22 14
5 23 38
5 24 34
5 25 37
5 26 89
5 27 48
5 28 35
5 29 82
5 30 18
5 31 35
5 32 86
5 33 75
5 34 50
5 35 7
5 36 66
5 37 23
5 38 70
5 39 15
5 40 2
5 41 72
5 42 86
5 43 66
5 44 99
5 45 24
5 46 32
5 47 89
5 48 90
5 49 65
5 50 90
5 51 92
5 52 45
5 53 16
5 54 32
5 55 98
5 56 5
5 57 27
5 58 23
5 59 38
5 60 94
5 61 90
5 62 40
5 63 46
5 64 45
5 65 89
5 66 61
5 67 18
5 68 91
5 69 57
5 70 39
5 71 33
5 72 53
5 73 7
5 74 43
5 75 49
5 76 53
5 77 26
5 78 93
5 79 94
5 80 74
5 81 49
5 82 88
5 83 42
5 84 81
5 85 27
5 86 67
5 87 44
5 88 90
5 89 96
5 90 61
5 91 93
5 92 71
5 93 87
5 94 32
5 95 35
5 96 89
6 7 86
6 8 97
6 9 6
6 10 100
6 11 83
6 12 89
6 13 77
6 14 49
6 15 95
6 16 61
6 17 66
6 18 15
6 19 72
6 20 90
6 21 77
6 22 87
6 23 59
6 24 24
6 25 50
6 26 39
6 27 51
6 28 14
6 29 16
6 30 63
6 31 20
6 32 69
6 33 88
6 34 31
6 35 90
6 36 52
6 37 53
6 38 62
6 39 79
6 40 1
6 41 30
6 42 91
6 43 14
6 44 32
6 45 54
6 46 76
6 47 39
6 48 50
6 49 58
6 50 44
6 51 98
6 52 38
6 53 64
6 54 8
6 55 46
6 56 70
6 57 61
6 58 95
6 59 28
6 60 3
6 61 77
6 62 43
6 63 64
6 64 82
6 65 95
6 66 88
6 67 79
6 68 98
6 69 41
6 70 16
6 71 4
6 72 62
6 73 44
6 74 88
6 75 10
6 76 51
6 77 10
6 78 65
6 79 48
6 80 42
6 81 70
6 82 69
6 83 51
6 84 5
6 85 19
6 86 15
6 87 7
6 88 62
6 89 83
6 90 63
6 91 92
6 92 63
6 93 72
6 94 79
6 95 79
6 96 63
7 8 99
7 9 81
7 10 7
7 11 70
7 12 56
7 13 96
7 14 2
7 15 88
7 16 63
7 17 96
7 18 88
7 19 88
7 20 4
7 21 94
7 22 54
7 23 48
7 24 13
7 25 79
7 26 85
7 27 93
7 28 84
7 29 87
7 30 14
7 31 49
7 32 29
7 33 16
7 34 52
7 35 72
7 36 82
7 37 70
7 38 56
7 39 35
7 40 22
7 41 57
7 42 98
7 43 34
7 44 25
7 45 58
7 46 47
7 47 77
7 48 50
7 49 51
7 50 67
7 51 28
7 52 79
7 53 78
7 54 86
7 55 60
7 56 25
7 57 72
7 58 83
7 59 80
7 60 84
7 61 79
7 62 81
7 63 5
7 64 34
7 65 41
7 66 71
7 67 99
7 68 12
7 69 37
7 70 94
7 71 56
7 72 57
7 73 69
7 74 100
7 75 89
7 76 36
7 77 6
7 78 99
7 79 87
7 80 87
7 81 100
7 82 53
7 83 32
7 84 28
7 85 43
7 86 64
7 87 7
7 88 33
7 89 90
7 90 41
7 91 100
7 92 66
7 93 80
7 94 53
7 95 58
7 96 7
8 9 63
8 10 88
8 11 85
8 12 58
8 13 55
8 14 94
8 15 19
8 16 94
8 17 42
8 18 36
8 19 73
8 20 93
8 21 52
8 22 68
8 23 85
8 24 4
8 25 83
8 26 74
8 27 51
8 28 13
8 29 94
8 30 98
8 31 100
8 32 76
8 33 48
8 34 29
8 35 22
8 36 48
8 37 31
8 38 3
8 39 76
8 40 5
8 41 10
8 42 23
8 43 1
8 44 97
8 45 27
8 46 19
8 47 68
8 48 9
8 49 66
8 50 58
8 51 6
8 52 37
8 53 86
8 54 37
8 55 81
8 56 74
8 57 60
8 58 30
8 59 55
8 60 61
8 61 70
8 62 79
8 63 85
8 64 39
8 65 49
8 66 63
8 67 87
8 68 26
8 69 31
8 70 38
8 71 89
8 72 91
8 73 76
8 74 54
8 75 22
8 76 1
8 77 64
8 78 51
8 79 63
8 80 8
8 81 26
8 82 67
8 83 66
8 84 85
8 85 22
8 86 73
8 87 38
8 88 6
8 89 98
8 90 88
8 91 45
8 92 40
8 93 38
8 94 8
8 95 90
8 96 27
9 10 87
9 11 50
9 12 14
9 13 61
9 14 93
9 15 6
9 16 84
9 17 44
9 18 57
9 19 94
9 20 25
9 21 25
9 22 57
9 23 93
9 24 1
9 25 46
9 26 45
9 27 67
9 28 39
9 29 1
9 30 72
9 31 22
9 32 56
9 33 35
9 34 99
9 35 67
9 36 9
9 37 86
9 38 23
9 39 53
9 40 93
9 41 57
9 42 45
9 43 39
9 44 47
9 45 30
9 46 19
9 47 15
9 48 49
9 49 83
9 50 44
9 51 76
9 52 95
9 53 65
9 54 97
9 55 98
9 56 18
9 57 96
9 58 71
9 59 39
9 60 24
9 61 61
9 62 80
9 63 47
9 64 82
9 65 56
9 66 91
9 67 99
9 68 33
9 69 38
9 70 52
9 71 1
9 72 22
9 73 10
9 74 37
9 75 46
9 76 62
9 77 77
9 78 97
9 79 54
9 80 59
9 81 69
9 82 19
9 83 37
9 84 22
9 85 12
9 86 5
9 87 41
9 88 48
9 89 77
9 90 91
9 91 17
9 92 76
9 93 67
9 94 10
9 95 64
9 96 35
10 11 66
10 12 64
10 13 70
10 14 85
10 15 89
10 16 2
10 17 36
10 18 61
10 19 6
10 20 7
10 21 39
10 22 1
10 23 89
10 24 3
10 25 62
10 26 90
10 27 66
10 28 68
10 29 47
10 30 89
10 31 7
10 32 12
10 33 51
10 34 1
10 35 81
10 36 48
10 37 62
10 38 8
10 39 20
10 40 18
10 41 86
10 42 10
10 43 92
10 44 59
10 45 87
10 46 37
10 47 89
10 48 38
10 49 69
10 50 94
10 51 84
10 52 57
10 53 83
10 54 41
10 55 12
10 56 65
10 57 25
10 58 99
10 59 70
10 60 93
10 61 50
10 62 47
10 63 15
10 64 47
10 65 67
10 66 41
10 67 63
10 68 5
10 69 76
10 70 32
10 71 43
10 72 6
10 73 14
10 74 48
10 75 66
10 76 37
10 77 52
10 78 73
10 79 24
10 80 80
10 81 66
10 82 42
10 83 54
10 84 18
10 85 5
10 86 11
10 87 34
10 88 20
10 89 73
10 90 13
10 91 91
10 92 63
10 93 93
10 94 92
10 95 60
10 96 45
11 12 65
11 13 47
11 14 19
11 15 69
11 16 13
11 17 83
11 18 57
11 19 34
11 20 100
11 21 46
11 22 87
11 23 100
11 24 83
11 25 74
11 26 98
11 27 71
11 28 50
11 29 40
11 30 52
11 31 44
11 32 28
11 33 10
11 34 74
11 35 34
11 36 3
11 37 48
11 38 2
11 39 3
11 40 69
11 41 16
11 42 32
11 43 68
11 44 1
11 45 23
11 46 81
11 47 40
11 48 1
11 49 50
11 50 100
11 51 55
11 52 71
11 53 94
11 54 26
11 55 93
11 56 31
11 57 33
11 58 46
11 59 87
11 60 67
11 61 69
11 62 10
11 63 74
11 64 40
11 65 97
11 66 43
11 67 54
11 68 87
11 69 54
11 70 18
11 71 20
11 72 64
11 73 9
11 74 86
11 75 4
11 76 54
11 77 28
11 78 36
11 79 61
11 80 26
11 81 53
11 82 10
11 83 53
11 84 92
11 85 32
11 86 1
11 87 11
11 88 34
11 89 11
11 90 83
11 91 59
11 92 5
11 93 98
11 94 4
11 95 100
11 96 25
12 13 80
12 14 82
12 15 16
12 16 52
12 17 94
12 18 12
12 19 41
12 20 34
12 21 94
12 22 7
12 23 89
12 24 83
12 25 14
12 26 44
12 27 20
12 28 58
12 29 24
12 30 31
12 31 83
12 32 59
12 33 3
12 34 63
12 35 19
12 36 79
12 37 2
12 38 28
12 39 9
12 40 23
12 41 98
12 42 65
12 43 4
12 44 7
12 45 87
12 46 1
12 47 87
12 48 76
12 49 63
12 50 1
12 51 95
12 52 8
12 53 1
12 54 36
12 55 55
12 56 40
12 57 78
12 58 51
12 59 33
12 60 93
12 61 4
12 62 13
12 63 71
12 64 11
12 65 62
12 66 100
12 67 35
12 68 1
12 69 11
12 70 35
12 71 86
12 72 17
12 73 5
12 74 3
12 75 13
12 76 54
12 77 60
12 78 32
12 79 34
12 80 10
12 81 28
12 82 41
12 83 18
12 84 72
12 85 57
12 86 72
12 87 42
12 88 19
12 89 11
12 90 70
12 91 23
12 92 7
12 93 77
12 94 3
12 95 99
12 96 61
13 14 23
13 15 15
13 16 85
13 17 84
13 18 5
13 19 17
13 20 28
13 21 65
13 22 52
13 23 58
13 24 51
13 25 13
13 26 31
13 27 5
13 28 30
13 29 28
13 30 33
13 31 71
13 32 14
13 33 35
13 34 38
13 35 2
13 36 40
13 37 44
13 38 98
13 39 2
13 40 71
13 41 93
13 42 53
13 43 32
13 44 61
13 45 15
13 46 65
13 47 97
13 48 17
13 49 93
13 50 42
13 51 41
13 52 74
13 53 30
13 54 100
13 55 38
13 56 40
13 57 64
13 58 25
13 59 93
13 60 2
13 61 98
13 62 17
13 63 84
13 64 48
13 65 98
13 66 26
13 67 9
13 68 18
13 69 41
13 70 51
13 71 85
13 72 93
13 73 90
13 74 12
13 75 91
13 76 49
13 77 93
13 78 85
13 79 95
13 80 99
13 81 43
13 82 66
13 83 70
13 84 93
13 85 72
13 86 45
13 87 85
13 88 91
13 89 75
13 90 83
13 91 80
13 92 28
13 93 78
13 94 58
13 95 82
13 96 91
14 15 5
14 16 66
14 17 66
14 18 65
14 19 52
14 20 55
14 21 12
14 22 38
14 23 93
14 24 79
14 25 41
14 26 95
14 27 72
14 28 90
14 29 98
14 30 46
14 31 28
14 32 18
14 33 79
14 34 85
14 35 33
14 36 7
14 37 24
14 38 64
14 39 46
14 40 47
14 41 57
14 42 44
14 43 98
14 44 38
14 45 72
14 46 60
14 47 21
14 48 83
14 49 24
14 50 32
14 51 17
14 52 68
14 53 54
14 54 66
14 55 25
14 56 26
14 57 15
14 58 50
14 59 50
14 60 76
14 61 75
14 62 37
14 63 22
14 64 2
14 65 38
14 66 12
14 67 28
14 68 67
14 69 69
14 70 30
14 71 38
14 72 67
14 73 35
14 74 93
14 75 36
14 76 21
14 77 75
14 78 44
14 79 36
14 80 84
14 81 3
14 82 27
14 83 38
14 84 87
14 85 19
14 86 42
14 87 94
14 88 65
14 89 33
14 90 50
14 91 60
14 92 22
14 93 76
14 94 29
14 95 15
14 96 47
15 16 18
15 17 31
15 18 24
15 19 33
15 20 63
15 21 38
15 22 23
15 23 30
15 24 78
15 25 29
15 26 40
15 27 15
15 28 13
15 29 69
15 30 66
15 31 52
15 32 44
15 33 21
15 34 15
15 35 75
15 36 44
15 37 71
15 38 95
15 39 64
15 40 91
15 41 43
15 42 80
15 43 62
15 44 54
15 45 4
15 46 15
15 47 15
15 48 68
15 49 51
15 50 16
15 51 43
15 52 79
15 53 28
15 54 84
15 55 70
15 56 61
15 57 97
15 58 45
15 59 16
15 60 40
15 61 80
15 62 9
15 63 70
15 64 87
15 65 54
15 66 14
15 67 90
15 68 83
15 69 19
15 70 25
15 71 94
15 72 20
15 73 49
15 74 20
15 75 48
15 76 81
15 77 35
15 78 53
15 79 73
15 80 70
15 81 68
15 82 86
15 83 36
15 84 44
15 85 37
15 86 59
15 87 16
15 88 26
15 89 52
15 90 28
15 91 19
15 92 36
15 93 62
15 94 73
15 95 89
15 96 95
16 17 60
16 18 55
16 19 57
16 20 92
16 21 55
16 22 87
16 23 5
16 24 79
16 25 58
16 26 23
16 27 78
16 28 60
16 29 73
16 30 56
16 31 15
16 32 54
16 33 70
16 34 62
16 35 25
16 36 77
16 37 47
16 38 8
16 39 15
16 40 42
16 41 73
16 42 42
16 43 30
16 44 77
16 45 98
16 46 23
16 47 90
16 48 28
16 49 71
16 50 23
16 51 18
16 52 67
16 53 11
16 54 45
16 55 73
16 56 26
16 57 44
16 58 64
16 59 69
16 60 49
16 61 84
16 62 100
16 63 76
16 64 17
16 65 43
16 66 34
16 67 96
16 68 15
16 69 81
16 70 66
16 71 24
16 72 84
16 73 42
16 74 39
16 75 9
16 76 72
16 77 1
16 78 40
16 79 92
16 80 16
16 81 3
16 82 49
16 83 42
16 84 65
16 85 20
16 86 88
16 87 41
16 88 3
16 89 12
16 90 29
16 91 54
16 92 72
16 93 53
16 94 15
16 95 97
16 96 80
17 18 86
17 19 96
17 20 76
17 21 60
17 22 86
17 23 31
17 24 27
17 25 76
17 26 9
17 27 74
17 28 34
17 29 100
17 30 56
17 31 73
17 32 95
17 33 41
17 34 31
17 35 80
17 36 55
17 37 4
17 38 5
17 39 8
17 40 96
17 41 61
17 42 86
17 43 18
17 44 75
17 45 67
17 46 89
17 47 80
17 48 81
17 49 60
17 50 54
17 51 36
17 52 22
17 53 24
17 54 24
17 55 53
17 56 36
17 57 84
17 58 59
17 59 3
17 60 1
17 61 52
17 62 41
17 63 73
17 64 56
17 65 81
17 66 12
17 67 36
17 68 52
17 69 75
17 70 37
17 71 11
17 72 75
17 73 7
17 74 43
17 75 66
17 76 5
17 77 9
17 78 30
17 79 9
17 80 98
17 81 17
17 82 62
17 83 64
17 84 58
17 85 82
17 86 30
17 87 46
17 88 70
17 89 22
17 90 78
17 91 56
17 92 66
17 93 22
17 94 72
17 95 30
17 96 97
18 19 42
18 20 67
18 21 9
18 22 90
18 23 11
18 24 34
18 25 33
18 26 9
18 27 32
18 28 58
18 29 10
18 30 67
18 31 80
18 32 22
18 33 41
18 34 83
18 35 88
18 36 87
18 37 7
18 38 87
18 39 85
18 40 94
18 41 49
18 42 4
18 43 43
18 44 50
18 45 11
18 46 24
18 47 12
18 48 32
18 49 29
18 50 11
18 51 17
18 52 90
18 53 13
18 54 52
18 55 25
18 56 97
18 57 64
18 58 7
18 59 46
18 60 23
18 61 96
18 62 19
18 63 47
18 64 16
18 65 86
18 66 67
18 67 44
18 68 80
18 69 11
18 70 3
18 71 30
18 72 50
18 73 23
18 74 1
18 75 73
18 76 86
18 77 9
18 78 68
18 79 64
18 80 3
18 81 95
18 82 11
18 83 4
18 84 13
18 85 68
18 86 62
18 87 13
18 88 57
18 89 2
18 90 63
18 91 2
18 92 99
18 93 14
18 94 88
18 95 65
18 96 1
19 20 1
19 21 94
19 22 72
19 23 83
19 24 85
19 25 83
19 26 65
19 27 7
19 28 89
19 29 32
19 30 38
19 31 62
19 32 61
19 33 83
19 34 35
19 35 16
19 36 1
19 37 15
19 38 86
19 39 87
19 40 89
19 41 47
19 42 6
19 43 75
19 44 16
19 45 86
19 46 92
19 47 78
19 48 73
19 49 20
19 50 13
19 51 39
19 52 3
19 53 26
19 54 83
19 55 23
19 56 72
19 57 1
19 58 70
19 59 66
19 60 73
19 61 48
19 62 36
19 63 68
19 64 36
19 65 10
19 66 18
19 67 58
19 68 72
19 69 32
19 70 82
19 71 23
19 72 54
19 73 85
19 74 91
19 75 51
19 76 89
19 77 45
19 78 68
19 79 26
19 80 7
19 81 57
19 82 47
19 83 58
19 84 56
19 85 51
19 86 94
19 87 84
19 88 27
19 89 90
19 90 39
19 91 61
19 92 62
19 93 81
19 94 4
19 95 66
19 96 43
20 21 46
20 22 55
20 23 98
20 24 6
20 25 52
20 26 1
20 27 37
20 28 41
20 29 71
20 30 40
20 31 75
20 32 67
20 33 67
20 34 48
20 35 6
20 36 87
20 37 47
20 38 40
20 39 6
20 40 57
20 41 20
20 42 56
20 43 31
20 44 67
20 45 87
20 46 97
20 47 51
20 48 15
20 49 98
20 50 16
20 51 9
20 52 75
20 53 68
20 54 39
20 55 11
20 56 81
20 57 44
20 58 15
20 59 44
20 60 45
20 61 28
20 62 17
20 63 36
20 64 38
20 65 86
20 66 18
20 67 22
20 68 11
20 69 26
20 70 18
20 71 89
20 72 17
20 73 76
20 74 67
20 75 21
20 76 81
20 77 26
20 78 12
20 79 61
20 80 97
20 81 15
20 82 21
20 83 61
20 84 8
20 85 84
20 86 69
20 87 21
20 88 99
20 89 21
20 90 73
20 91 7
20 92 99
20 93 22
20 94 73
20 95 9
20 96 91
21 22 47
21 23 98
21 24 63
21 25 80
21 26 33
21 27 53
21 28 65
21 29 45
21 30 20
21 31 73
21 32 87
21 33 79
21 34 71
21 35 84
21 36 40
21 37 87
21 38 53
21 39 50
21 40 97
21 41 31
21 42 14
21 43 35
21 44 2
21 45 22
21 46 64
21 47 1
21 48 53
21 49 48
21 50 24
21 51 28
21 52 45
21 53 69
21 54 13
21 55 27
21 56 39
21 57 35
21 58 75
21 59 80
21 60 95
21 61 20
21 62 79
21 63 44
21 64 14
21 65 2
21 66 73
21 67 33
21 68 23
21 69 34
21 70 27
21 71 85
21 72 38
21 73 41
21 74 68
21 75 58
21 76 96
21 77 92
21 78 75
21 79 81
21 80 72
21 81 76
21 82 35
21 83 62
21 84 58
21 85 14
21 86 55
21 87 57
21 88 6
21 89 29
21 90 27
21 91 83
21 92 76
21 93 43
21 94 91
21 95 42
21 96 48
22 23 2
22 24 86
22 25 6
22 26 24
22 27 81
22 28 11
22 29 1
22 30 27
22 31 26
22 32 88
22 33 6
22 34 30
22 35 6
22 36 99
22 37 92
22 38 87
22 39 77
22 40 99
22 41 99
22 42 96
22 43 17
22 44 87
22 45 39
22 46 99
22 47 63
22 48 9
22 49 1
22 50 69
22 51 20
22 52 75
22 53 15
22 54 53
22 55 2
22 56 71
22 57 41
22 58 39
22 59 71
22 60 92
22 61 32
22 62 86
22 63 5
22 64 95
22 65 39
22 66 86
22 67 58
22 68 30
22 69 12
22 70 38
22 71 94
22 72 67
22 73 25
22 74 5
22 75 9
22 76 72
22 77 34
22 78 41
22 79 9
22 80 64
22 81 56
22 82 100
22 83 54
22 84 78
22 85 56
22 86 30
22 87 65
22 88 10
22 89 63
22 90 25
22 91 17
22 92 67
22 93 27
22 94 82
22 95 71
22 96 14
23 24 15
23 25 81
23 26 67
23 27 55
23 28 89
23 29 42
23 30 47
23 31 20
23 32 4
23 33 65
23 34 36
23 35 82
23 36 44
23 37 7
23 38 82
23 39 12
23 40 68
23 41 31
23 42 51
23 43 66
23 44 47
23 45 16
23 46 37
23 47 22
23 48 74
23 49 55
23 50 71
23 51 50
23 52 32
23 53 50
23 54 44
23 55 69
23 56 19
23 57 63
23 58 90
23 59 4
23 60 10
23 61 17
23 62 77
23 63 18
23 64 50
23 65 22
23 66 62
23 67 95
23 68 41
23 69 39
23 70 36
23 71 17
23 72 53
23 73 36
23 74 89
23 75 35
23 76 64
23 77 89
23 78 91
23 79 46
23 80 68
23 81 34
23 82 99
23 83 69
23 84 11
23 85 87
23 86 40
23 87 27
23 88 41
23 89 23
23 90 85
23 91 35
23 92 67
23 93 82
23 94 50
23 95 49
23 96 18
24 25 82
24 26 28
24 27 42
24 28 12
24 29 86
24 30 21
24 31 33
24 32 14
24 33 5
24 34 47
24 35 80
24 36 50
24 37 28
24 38 99
24 39 22
24 40 83
24 41 73
24 42 97
24 43 2
24 44 46
24 45 73
24 46 1
24 47 84
24 48 15
24 49 24
24 50 63
24 51 20
24 52 63
24 53 11
24 54 66
24 55 97
24 56 99
24 57 42
24 58 96
24 59 24
24 60 28
24 61 5
24 62 19
24 63 50
24 64 76
24 65 43
24 66 74
24 67 45
24 68 6
24 69 12
24 70 23
24 71 27
24 72 79
24 73 71
24 74 59
24 75 59
24 76 63
24 77 6
24 78 99
24 79 13
24 80 19
24 81 49
24 82 78
24 83 48
24 84 77
24 85 33
24 86 36
24 87 77
24 88 3
24 89 58
24 90 54
24 91 39
24 92 32
24 93 81
24 94 96
24 95 17
24 96 60
25 26 49
25 27 45
25 28 95
25 29 80
25 30 71
25 31 30
25 32 35
25 33 16
25 34 19
25 35 1
25 36 98
25 37 19
25 38 73
25 39 70
25 40 71
25 41 9
25 42 84
25 43 76
25 44 36
25 45 56
25 46 54
25 47 42
25 48 62
25 49 22
25 50 31
25 51 46
25 52 43
25 53 40
25 54 69
25 55 75
25 56 10
25 57 29
25 58 48
25 59 9
25 60 56
25 61 64
25 62 69
25 63 51
25 64 7
25 65 42
25 66 15
25 67 42
25 68 61
25 69 55
25 70 4
25 71 55
25 72 70
25 73 1
25 74 85
25 75 43
25 76 41
25 77 14
25 78 43
25 79 41
25 80 8
25 81 63
25 82 21
25 83 4
25 84 66
25 85 51
25 86 7
25 87 72
25 88 59
25 89 83
25 90 85
25 91 91
25 92 86
25 93 90
25 94 6
25 95 20
25 96 15
26 27 44
26 28 71
26 29 55
26 30 59
26 31 65
26 32 77
26 33 59
26 34 9
26 35 67
26 36 80
26 37 2
26 38 80
26 39 92
26 40 89
26 41 31
26 42 73
26 43 29
26 44 23
26 45 96
26 46 32
26 47 87
26 48 62
26 49 93
26 50 91
26 51 42
26 52 18
26 53 55
26 54 95
26 55 33
26 56 82
26 57 95
26 58 48
26 59 81
26 60 99
26 61 74
26 62 84
26 63 52
26 64 68
26 65 40
26 66 4
26 67 38
26 68 57
26 69 13
26 70 57
26 71 45
26 72 18
26 73 25
26 74 12
26 75 41
26 76 76
26 77 57
26 78 90
26 79 35
26 80 36
26 81 59
26 82 21
26 83 58
26 84 79
26 85 69
26 86 90
26 87 39
26 88 50
26 89 74
26 90 100
26 91 99
26 92 38
26 93 47
26 94 46
26 95 99
26 96 29
27 28 65
27 29 1
27 30 87
27 31 7
27 32 14
27 33 99
27 34 62
27 35 87
27 36 82
27 37 83
27 38 70
27 39 49
27 40 51
27 41 22
27 42 85
27 43 69
27 44 25
27 45 57
27 46 78
27 47 71
27 48 81
27 49 72
27 50 49
27 51 4
27 52 41
27 53 13
27 54 59
27 55 11
27 56 45
27 57 55
27 58 81
27 59 52
27 60 75
27 61 29
27 62 6
27 63 91
27 64 67
27 65 54
27 66 82
27 67 45
27 68 63
27 69 42
27 70 74
27 71 34
27 72 6
27 73 61
27 74 15
27 75 34
27 76 95
27 77 10
27 78 53
27 79 41
27 80 85
27 81 28
27 82 20
27 83 28
27 84 92
27 85 23
27 86 38
27 87 65
27 88 28
27 89 39
27 90 100
27 91 82
27 92 35
27 93 20
27 94 71
27 95 89
27 96 28
28 29 61
28 30 41
28 31 25
28 32 59
28 33 38
28 34 34
28 35 10
28 36 6
28 37 42
28 38 22
28 39 56
28 40 51
28 41 60
28 42 29
28 43 61
28 44 87
28 45 44
28 46 22
28 47 72
28 48 22
28 49 19
28 50 98
28 51 30
28 52 75
28 53 43
28 54 36
28 55 26
28 56 48
28 57 39
28 58 87
28 59 100
28 60 28
28 61 57
28 62 2
28 63 88
28 64 73
28 65 24
28 66 29
28 67 13
28 68 68
28 69 38
28 70 63
28 71 35
28 72 75
28 73 79
28 74 56
28 75 20
28 76 74
28 77 56
28 78 74
28 79 21
28 80 59
28 81 78
28 82 22
28 83 64
28 84 16
28 85 64
28 86 81
28 87 50
28 88 86
28 89 15
28 90 99
28 91 24
28 92 12
28 93 67
28 94 78
28 95 41
28 96 66
29 30 31
29 31 59
29 32 34
29 33 44
29 34 20
29 35 76
29 36 75
29 37 34
29 38 82
29 39 99
29 40 90
29 41 86
29 42 98
29 43 6
29 44 50
29 45 57
29 46 39
29 47 33
29 48 100
29 49 65
29 50 4
29 51 95
29 52 96
29 53 40
29 54 72
29 55 70
29 56 10
29 57 26
29 58 33
29 59 81
29 60 20
29 61 94
29 62 40
29 63 62
29 64 68
29 65 37
29 66 37
29 67 65
29 68 21
29 69 11
29 70 89
29 71 12
29 72 13
29 73 44
29 74 63
29 75 89
29 76 26
29 77 73
29 78 38
29 79 6
29 80 14
29 81 26
29 82 88
29 83 90
29 84 29
29 85 35
29 86 71
29 87 86
29 88 42
29 89 34
29 90 61
29 91 52
29 92 43
29 93 94
29 94 92
29 95 93
29 96 23
30 31 28
30 32 18
30 33 27
30 34 1
30 35 9
30 36 25
30 37 74
30 38 29
30 39 42
30 40 60
30 41 63
30 42 12
30 43 45
30 44 18
30 45 41
30 46 7
30 47 30
30 48 78
30 49 20
30 50 23
30 51 76
30 52 17
30 53 89
30 54 71
30 55 12
30 56 63
30 57 87
30 58 67
30 59 40
30 60 22
30 61 69
30 62 64
30 63 71
30 64 38
30 65 68
30 66 41
30 67 18
30 68 16
30 69 90
30 70 17
30 71 6
30 72 35
30 73 79
30 74 88
30 75 86
30 76 65
30 77 34
30 78 10
30 79 43
30 80 57
30 81 77
30 82 86
30 83 98
30 84 98
30 85 1
30 86 59
30 87 83
30 88 55
30 89 48
30 90 22
30 91 8
30 92 37
30 93 90
30 94 43
30 95 18
30 96 64
31 32 45
31 33 64
31 34 97
31 35 30
31 36 90
31 37 68
31 38 79
31 39 35
31 40 2
31 41 6
31 42 49
31 43 60
31 44 18
31 45 16
31 46 2
31 47 95
31 48 37
31 49 61
31 50 98
31 51 78
31 52 69
31 53 70
31 54 8
31 55 76
31 56 84
31 57 53
31 58 37
31 59 86
31 60 83
31 61 92
31 62 5
31 63 32
31 64 47
31 65 82
31 66 39
31 67 62
31 68 98
31 69 61
31 70 44
31 71 38
31 72 48
31 73 5
31 74 30
31 75 23
31 76 54
31 77 26
31 78 24
31 79 25
31 80 71
31 81 44
31 82 40
31 83 97
31 84 11
31 85 55
31 86 15
31 87 81
31 88 23
31 89 60
31 90 10
31 91 24
31 92 61
31 93 62
31 94 52
31 95 83
31 96 92
32 33 47
32 34 9
32 35 97
32 36 35
32 37 41
32 38 80
32 39 89
32 40 65
32 41 40
32 42 39
32 43 55
32 44 11
32 45 28
32 46 88
32 47 85
32 48 7
32 49 17
32 50 92
32 51 6
32 52 62
32 53 47
32 54 66
32 55 65
32 56 5
32 57 75
32 58 5
32 59 72
32 60 38
32 61 74
32 62 53
32 63 45
32 64 82
32 65 65
32 66 3
32 67 56
32 68 45
32 69 6
32 70 66
32 71 13
32 72 96
32 73 74
32 74 48
32 75 31
32 76 96
32 77 97
32 78 5
32 79 11
32 80 21
32 81 11
32 82 93
32 83 9
32 84 51
32 85 31
32 86 8
32 87 88
32 88 16
32 89 22
32 90 53
32 91 34
32 92 11
32 93 20
32 94 27
32 95 37
32 96 13
33 34 4
33 35 50
33 36 77
33 37 12
33 38 19
33 39 63
33 40 90
33 41 9
33 42 21
33 43 23
33 44 46
33 45 8
33 46 42
33 47 5
33 48 88
33 49 85
33 50 81
33 51 78
33 52 48
33 53 30
33 54 35
33 55 33
33 56 27
33 57 44
33 58 21
33 59 4
33 60 86
33 61 11
33 62 50
33 63 71
33 64 76
33 65 36
33 66 89
33 67 81
33 68 69
33 69 46
33 70 81
33 71 29
33 72 70
33 73 91
33 74 40
33 75 34
33 76 22
33 77 74
33 78 35
33 79 82
33 80 73
33 81 65
33 82 31
33 83 69
33 84 89
33 85 95
33 86 41
33 87 4
33 88 16
33 89 23
33 90 62
33 91 74
33 92 49
33 93 98
33 94 76
33 95 53
33 96 52
34 35 66
34 36 14
34 37 80
34 38 31
34 39 65
34 40 19
34 41 60
34 42 67
34 43 10
34 44 41
34 45 30
34 46 3
34 47 13
34 48 2
34 49 20
34 50 51
34 51 1
34 52 78
34 53 14
34 54 11
34 55 68
34 56 67
34 57 88
34 58 43
34 59 28
34 60 77
34 61 63
34 62 81
34 63 89
34 64 43
34 65 60
34 66 19
34 67 64
34 68 71
34 69 6
34 70 51
34 71 31
34 72 38
34 73 91
34 74 96
34 75 95
34 76 59
34 77 70
34 78 60
34 79 46
34 80 47
34 81 84
34 82 41
34 83 23
34 84 59
34 85 29
34 86 73
34 87 43
34 88 49
34 89 72
34 90 62
34 91 81
34 92 55
34 93 11
34 94 32
34 95 76
34 96 67
35 36 43
35 37 62
35 38 45
35 39 97
35 40 40
35 41 17
35 42 1
35 43 25
35 44 12
35 45 33
35 46 88
35 47 31
35 48 98
35 49 38
35 50 65
35 51 3
35 52 18
35 53 10
35 54 71
35 55 98
35 56 23
35 57 100
35 58 33
35 59 71
35 60 42
35 61 77
35 62 56
35 63 36
35 64 23
35 65 64
35 66 37
35 67 48
35 68 25
35 69 43
35 70 92
35 71 41
35 72 35
35 73 61
35 74 98
35 75 81
35 76 32
35 77 98
35 78 51
35 79 19
35 80 75
35 81 93
35 82 69
35 83 30
35 84 21
35 85 35
35 86 87
35 87 2
35 88 87
35 89 3
35 90 6
35 91 13
35 92 97
35 93 87
35 94 16
35 95 58
35 96 11
36 37 14
36 38 25
36 39 91
36 40 17
36 41 17
36 42 42
36 43 18
36 44 91
36 45 6
36 46 17
36 47 43
36 48 73
36 49 47
36 50 17
36 51 42
36 52 75
36 53 1
36 54 40
36 55 14
36 56 25
36 57 56
36 58 19
36 59 15
36 60 87
36 61 87
36 62 88
36 63 5
36 64 33
36 65 80
36 66 62
36 67 53
36 68 55
36 69 87
36 70 81
36 71 50
36 72 72
36 73 80
36 74 75
36 75 4
36 76 35
36 77 51
36 78 81
36 79 7
36 80 68
36 81 44
36 82 47
36 83 14
36 84 54
36 85 94
36 86 66
36 87 78
36 88 4
36 89 30
36 90 11
36 91 60
36 92 72
36 93 37
36 94 28
36 95 61
36 96 73
37 38 77
37 39 36
37 40 36
37 41 25
37 42 32
37 43 34
37 44 59
37 45 81
37 46 5
37 47 91
37 48 60
37 49 9
37 50 81
37 51 98
37 52 91
37 53 86
37 54 19
37 55 21
37 56 69
37 57 47
37 58 97
37 59 18
37 60 53
37 61 25
37 62 75
37 63 83
37 64 68
37 65 42
37 66 60
37 67 6
37 68 66
37 69 77
37 70 21
37 71 30
37 72 81
37 73 9
37 74 64
37 75 64
37 76 26
37 77 72
37 78 24
37 79 62
37 80 94
37 81 72
37 82 77
37 83 41
37 84 26
37 85 88
37 86 79
37 87 31
37 88 66
37 89 34
37 90 59
37 91 38
37 92 64
37 93 51
37 94 63
37 95 50
37 96 31
38 39 55
38 40 66
38 41 37
38 42 25
38 43 60
38 44 33
38 45 63
38 46 28
38 47 33
38 48 68
38 49 38
38 50 47
38 51 85
38 52 92
38 53 31
38 54 30
38 55 51
38 56 98
38 57 1
38 58 44
38 59 81
38 60 11
38 61 55
38 62 72
38 63 77
38 64 42
38 65 3
38 66 38
38 67 45
38 68 38
38 69 78
38 70 88
38 71 94
38 72 25
38 73 52
38 74 31
38 75 100
38 76 51
38 77 23
38 78 57
38 79 44
38 80 87
38 81 76
38 82 40
38 83 59
38 84 58
38 85 43
38 86 23
38 87 30
38 88 16
38 89 53
38 90 29
38 91 24
38 92 80
38 93 6
38 94 67
38 95 94
38 96 4
39 40 69
39 41 45
39 42 65
39 43 30
39 44 10
39 45 56
39 46 96
39 47 12
39 48 7
39 49 36
39 50 44
39 51 47
39 52 36
39 53 47
39 54 38
39 55 4
39 56 86
39 57 81
39 58 96
39 59 57
39 60 39
39 61 21
39 62 31
39 63 66
39 64 22
39 65 32
39 66 4
39 67 46
39 68 68
39 69 42
39 70 55
39 71 64
39 72 1
39 73 65
39 74 94
39 75 11
39 76 69
39 77 66
39 78 85
39 79 89
39 80 78
39 81 88
39 82 55
39 83 30
39 84 92
39 85 10
39 86 22
39 87 30
39 88 57
39 89 63
39 90 58
39 91 80
39 92 12
39 93 51
39 94 21
39 95 44
39 96 60
40 41 47
40 42 12
40 43 93
40 44 69
40 45 77
40 46 11
40 47 18
40 48 57
40 49 3
40 50 76
40 51 15
40 52 34
40 53 29
40 54 78
40 55 28
40 56 77
40 57 8
40 58 14
40 59 19
40 60 22
40 61 62
40 62 82
40 63 40
40 64 1
40 65 67
40 66 55
40 67 11
40 68 27
40 69 39
40 70 4
40 71 72
40 72 11
40 73 94
40 74 15
40 75 51
40 76 63
40 77 23
40 78 12
40 79 29
40 80 46
40 81 18
40 82 79
40 83 39
40 84 66
40 85 59
40 86 80
40 87 39
40 88 5
40 89 16
40 90 27
40 91 11
40 92 61
40 93 80
40 94 98
40 95 24
40 96 100
41 42 34
41 43 99
41 44 42
41 45 11
41 46 18
41 47 76
41 48 83
41 49 12
41 50 26
41 51 32
41 52 11
41 53 83
41 54 17
41 55 27
41 56 79
41 57 21
41 58 24
41 59 76
41 60 17
41 61 32
41 62 9
41 63 100
41 64 36
41 65 32
41 66 40
41 67 39
41 68 7
41 69 65
41 70 62
41 71 46
41 72 24
41 73 93
41 74 95
41 75 54
41 76 10
41 77 59
41 78 5
41 79 100
41 80 97
41 81 20
41 82 29
41 83 3
41 84 93
41 85 11
41 86 63
41 87 44
41 88 64
41 89 22
41 90 88
41 91 86
41 92 88
41 93 43
41 94 29
41 95 13
41 96 100
42 43 51
42 44 58
42 45 32
42 46 37
42 47 39
42 48 64
42 49 94
42 50 11
42 51 21
42 52 91
42 53 70
42 54 55
42 55 56
42 56 61
42 57 34
42 58 58
42 59 66
42 60 32
42 61 80
42 62 2
42 63 78
42 64 68
42 65 34
42 66 10
42 67 74
42 68 12
42 69 7
42 70 41
42 71 31
42 72 50
42 73 25
42 74 22
42 75 27
42 76 90
42 77 8
42 78 31
42 79 33
42 80 35
42 81 87
42 82 86
42 83 8
42 84 59
42 85 22
42 86 50
42 87 77
42 88 5
42 89 22
42 90 73
42 91 57
42 92 71
42 93 5
42 94 93
42 95 84
42 96 13
43 44 3
43 45 57
43 46 6
43 47 4
43 48 93
43 49 40
43 50 48
43 51 70
43 52 53
43 53 23
43 54 88
43 55 79
43 56 92
43 57 50
43 58 47
43 59 44
43 60 73
43 61 44
43 62 87
43 63 64
43 64 2
43 65 36
43 66 24
43 67 33
43 68 10
43 69 54
43 70 25
43 71 59
43 72 19
43 73 98
43 74 73
43 75 23
43 76 36
43 77 61
43 78 52
43 79 7
43 80 34
43 81 90
43 82 20
43 83 5
43 84 83
43 85 55
43 86 18
43 87 1
43 88 31
43 89 69
43 90 69
43 91 7
43 92 84
43 93 3
43 94 49
43 95 1
43 96 95
44 45 44
44 46 9
44 47 74
44 48 37
44 49 52
44 50 65
44 51 63
44 52 17
44 53 38
44 54 94
44 55 51
44 56 31
44 57 74
44 58 80
44 59 51
44 60 74
44 61 6
44 62 59
44 63 91
44 64 32
44 65 62
44 66 14
44 67 57
44 68 17
44 69 31
44 70 11
44 71 50
44 72 38
44 73 66
44 74 41
44 75 60
44 76 83
44 77 34
44 78 11
44 79 96
44 80 95
44 81 30
44 82 94
44 83 53
44 84 85
44 85 74
44 86 85
44 87 41
44 88 16
44 89 5
44 90 34
44 91 97
44 92 60
44 93 76
44 94 45
44 95 84
44 96 60
45 46 14
45 47 87
45 48 25
45 49 63
45 50 96
45 51 66
45 52 24
45 53 45
45 54 35
45 55 72
45 56 82
45 57 88
45 58 54
45 59 35
45 60 48
45 61 29
45 62 76
45 63 61
45 64 96
45 65 65
45 66 3
45 67 75
45 68 40
45 69 53
45 70 42
45 71 71
45 72 32
45 73 92
45 74 89
45 75 9
45 76 65
45 77 97
45 78 48
45 79 10
45 80 60
45 81 22
45 82 43
45 83 8
45 84 5
45 85 55
45 86 57
45 87 25
45 88 19
45 89 79
45 90 51
45 91 62
45 92 16
45 93 82
45 94 60
45 95 49
45 96 63
46 47 60
46 48 94
46 49 25
46 50 63
46 51 89
46 52 23
46 53 83
46 54 93
46 55 76
46 56 58
46 57 46
46 58 18
46 59 38
46 60 43
46 61 49
46 62 55
46 63 27
46 64 3
46 65 96
46 66 92
46 67 75
46 68 91
46 69 55
46 70 86
46 71 8
46 72 13
46 73 11
46 74 40
46 75 12
46 76 90
46 77 22
46 78 79
46 79 99
46 80 2
46 81 99
46 82 1
46 83 41
46 84 67
46 85 98
46 86 44
46 87 51
46 88 45
46 89 65
46 90 53
46 91 36
46 92 70
46 93 54
46 94 61
46 95 56
46 96 68
47 48 80
47 49 33
47 50 36
47 51 93
47 52 62
47 53 8
47 54 44
47 55 87
47 56 61
47 57 50
47 58 3
47 59 68
47 60 92
47 61 78
47 62 67
47 63 81
47 64 80
47 65 78
47 66 2
47 67 34
47 68 55
47 69 35
47 70 74
47 71 16
47 72 56
47 73 16
47 74 22
47 75 68
47 76 75
47 77 77
47 78 10
47 79 88
47 80 87
47 81 12
47 82 46
47 83 7
47 84 44
47 85 100
47 86 16
47 87 89
47 88 58
47 89 93
47 90 25
47 91 29
47 92 93
47 93 17
47 94 24
47 95 64
47 96 59
48 49 78
48 50 3
48 51 44
48 52 19
48 53 100
48 54 26
48 55 7
48 56 46
48 57 48
48 58 29
48 59 55
48 60 97
48 61 32
48 62 62
48 63 100
48 64 8
48 65 73
48 66 70
48 67 2
48 68 73
48 69 13
48 70 36
48 71 99
48 72 45
48 73 82
48 74 2
48 75 96
48 76 92
48 77 31
48 78 38
48 79 54
48 80 65
48 81 54
48 82 76
48 83 60
48 84 29
48 85 60
48 86 16
48 87 74
48 88 80
48 89 62
48 90 84
48 91 81
48 92 51
48 93 5
48 94 93
48 95 33
48 96 49
49 50 29
49 51 71
49 52 95
49 53 93
49 54 95
49 55 78
49 56 19
49 57 61
49 58 2
49 59 18
49 60 68
49 61 72
49 62 3
49 63 58
49 64 59
49 65 60
49 66 92
49 67 53
49 68 26
49 69 65
49 70 7
49 71 39
49 72 65
49 73 44
49 74 45
49 75 68
49 76 59
49 77 12
49 78 96
49 79 37
49 80 87
49 81 58
49 82 67
49 83 87
49 84 88
49 85 15
49 86 35
49 87 7
49 88 86
49 89 86
49 90 84
49 91 33
49 92 67
49 93 6
49 94 68
49 95 93
49 96 38
50 51 51
50 52 91
50 53 44
50 54 58
50 55 91
50 56 20
50 57 28
50 58 74
50 59 30
50 60 53
50 61 30
50 62 92
50 63 40
50 64 57
50 65 100
50 66 78
50 67 61
50 68 48
50 69 59
50 70 94
50 71 64
50 72 62
50 73 74
50 74 95
50 75 87
50 76 41
50 77 58
50 78 58
50 79 77
50 80 88
50 81 50
50 82 79
50 83 39
50 84 63
50 85 89
50 86 44
50 87 89
50 88 48
50 89 64
50 90 88
50 91 17
50 92 9
50 93 1
50 94 47
50 95 86
50 96 14
51 52 89
51 53 66
51 54 66
51 55 12
51 56 41
51 57 17
51 58 6
51 59 70
51 60 6
51 61 36
51 62 19
51 63 79
51 64 59
51 65 98
51 66 43
51 67 3
51 68 71
51 69 28
51 70 49
51 71 65
51 72 15
51 73 57
51 74 46
51 75 16
51 76 94
51 77 47
51 78 15
51 79 10
51 80 18
51 81 49
51 82 16
51 83 90
51 84 26
51 85 17
51 86 4
51 87 5
51 88 34
51 89 72
51 90 32
51 91 13
51 92 25
51 93 43
51 94 13
51 95 75
51 96 95
52 53 6
52 54 97
52 55 59
52 56 26
52 57 42
52 58 33
52 59 76
52 60 24
52 61 63
52 62 50
52 63 94
52 64 27
52 65 88
52 66 83
52 67 93
52 68 8
52 69 37
52 70 55
52 71 12
52 72 99
52 73 54
52 74 62
52 75 38
52 76 68
52 77 72
52 78 93
52 79 49
52 80 99
52 81 5
52 82 2
52 83 39
52 84 75
52 85 56
52 86 92
52 87 58
52 88 75
52 89 52
52 90 86
52 91 48
52 92 32
52 93 79
52 94 70
52 95 81
52 96 73
53 54 3
53 55 32
53 56 95
53 57 30
53 58 91
53 59 59
53 60 72
53 61 82
53 62 12
53 63 99
53 64 48
53 65 55
53 66 67
53 67 42
53 68 28
53 69 60
53 70 75
53 71 89
53 72 97
53 73 82
53 74 20
53 75 7
53 76 58
53 77 100
53 78 54
53 79 44
53 80 57
53 81 50
53 82 43
53 83 18
53 84 1
53 85 86
53 86 14
53 87 21
53 88 26
53 89 27
53 90 13
53 91 56
53 92 82
53 93 67
53 94 17
53 95 81
53 96 60
54 55 13
54 56 71
54 57 70
54 58 61
54 59 99
54 60 60
54 61 56
54 62 17
54 63 97
54 64 21
54 65 7
54 66 57
54 67 77
54 68 90
54 69 69
54 70 16
54 71 35
54 72 48
54 73 14
54 74 100
54 75 17
54 76 100
54 77 83
54 78 5
54 79 54
54 80 50
54 81 43
54 82 66
54 83 94
54 84 74
54 85 83
54 86 5
54 87 67
54 88 79
54 89 98
54 90 43
54 91 87
54 92 41
54 93 40
54 94 99
54 95 22
54 96 6
55 56 69
55 57 20
55 58 2
55 59 27
55 60 99
55 61 59
55 62 9
55 63 42
55 64 35
55 65 8
55 66 35
55 67 58
55 68 60
55 69 71
55 70 65
55 71 91
55 72 32
55 73 57
55 74 45
55 75 5
55 76 11
55 77 42
55 78 4
55 79 87
55 80 34
55 81 45
55 82 68
55 83 99
55 84 70
55 85 70
55 86 23
55 87 12
55 88 55
55 89 2
55 90 54
55 91 89
55 92 93
55 93 68
55 94 56
55 95 92
55 96 28
56 57 82
56 58 53
56 59 17
56 60 53
56 61 66
56 62 57
56 63 43
56 64 28
56 65 20
56 66 78
56 67 68
56 68 6
56 69 33
56 70 26
56 71 62
56 72 96
56 73 40
56 74 65
56 75 59
56 76 4
56 77 69
56 78 98
56 79 18
56 80 47
56 81 59
56 82 81
56 83 9
56 84 45
56 85 1
56 86 18
56 87 11
56 88 80
56 89 68
56 90 30
56 91 6
56 92 78
56 93 91
56 94 16
56 95 47
56 96 93
57 58 69
57 59 57
57 60 78
57 61 97
57 62 47
57 63 3
57 64 15
57 65 1
57 66 75
57 67 94
57 68 38
57 69 82
57 70 26
57 71 27
57 72 66
57 73 34
57 74 26
57 75 5
57 76 93
57 77 96
57 78 100
57 79 92
57 80 38
57 81 21
57 82 5
57 83 71
57 84 47
57 85 65
57 86 19
57 87 52
57 88 96
57 89 76
57 90 88
57 91 47
57 92 95
57 93 26
57 94 44
57 95 94
57 96 31
58 59 96
58 60 60
58 61 72
58 62 17
58 63 86
58 64 32
58 65 14
58 66 73
58 67 25
58 68 59
58 69 67
58 70 31
58 71 100
58 72 39
58 73 75
58 74 33
58 75 27
58 76 45
58 77 28
58 78 47
58 79 72
58 80 74
58 81 80
58 82 64
58 83 81
58 84 80
58 85 7
58 86 91
58 87 1
58 88 8
58 89 32
58 90 55
58 91 58
58 92 26
58 93 72
58 94 37
58 95 62
58 96 62
59 60 69
59 61 16
59 62 69
59 63 22
59 64 69
59 65 35
59 66 70
59 67 72
59 68 81
59 69 65
59 70 45
59 71 39
59 72 47
59 73 74
59 74 70
59 75 52
59 76 5
59 77 92
59 78 14
59 79 40
59 80 52
59 81 34
59 82 47
59 83 92
59 84 49
59 85 58
59 86 93
59 87 74
59 88 15
59 89 92
59 90 30
59 91 58
59 92 63
59 93 28
59 94 42
59 95 71
59 96 23
60 61 92
60 62 3
60 63 26
60 64 15
60 65 18
60 66 77
60 67 72
60 68 56
60 69 24
60 70 20
60 71 31
60 72 16
60 73 64
60 74 25
60 75 4
60 76 33
60 77 45
60 78 39
60 79 91
60 80 48
60 81 47
60 82 91
60 83 75
60 84 83
60 85 84
60 86 17
60 87 62
60 88 89
60 89 13
60 90 20
60 91 96
60 92 50
60 93 67
60 94 11
60 95 20
60 96 72
61 62 89
61 63 80
61 64 13
61 65 60
61 66 6
61 67 56
61 68 59
61 69 36
61 70 11
61 71 49
61 72 57
61 73 58
61 74 35
61 75 86
61 76 16
61 77 59
61 78 11
61 79 39
61 80 52
61 81 99
61 82 81
61 83 4
61 84 63
61 85 53
61 86 55
61 87 90
61 88 97
61 89 94
61 90 89
61 91 71
61 92 82
61 93 15
61 94 5
61 95 45
61 96 35
62 63 64
62 64 63
62 65 100
62 66 24
62 67 1
62 68 26
62 69 92
62 70 1
62 71 41
62 72 40
62 73 37
62 74 13
62 75 76
62 76 64
62 77 13
62 78 89
62 79 96
62 80 52
62 81 7
62 82 34
62 83 93
62 84 68
62 85 75
62 86 82
62 87 30
62 88 30
62 89 60
62 90 10
62 91 23
62 92 95
62 93 94
62 94 77
62 95 28
62 96 5
63 64 17
63 65 11
63 66 47
63 67 95
63 68 81
63 69 91
63 70 73
63 71 67
63 72 17
63 73 62
63 74 5
63 75 98
63 76 23
63 77 70
63 78 2
63 79 86
63 80 56
63 81 78
63 82 28
63 83 57
63 84 84
63 85 88
63 86 14
63 87 3
63 88 64
63 89 51
63 90 4
63 91 76
63 92 33
63 93 8
63 94 8
63 95 18
63 96 26
64 65 51
64 66 2
64 67 96
64 68 95
64 69 46
64 70 14
64 71 25
64 72 65
64 73 90
64 74 40
64 75 56
64 76 63
64 77 89
64 78 35
64 79 84
64 80 20
64 81 69
64 82 13
64 83 62
64 84 95
64 85 65
64 86 37
64 87 97
64 88 94
64 89 81
64 90 1
64 91 42
64 92 46
64 93 57
64 94 89
64 95 25
64 96 16
65 66 5
65 67 69
65 68 71
65 69 1
65 70 8
65 71 19
65 72 60
65 73 57
65 74 26
65 75 3
65 76 30
65 77 64
65 78 58
65 79 59
65 80 55
65 81 88
65 82 64
65 83 12
65 84 78
65 85 30
65 86 37
65 87 11
65 88 71
65 89 99
65 90 41
65 91 64
65 92 87
65 93 57
65 94 92
65 95 53
65 96 44
66 67 49
66 68 9
66 69 64
66 70 17
66 71 30
66 72 89
66 73 95
66 74 40
66 75 24
66 76 41
66 77 49
66 78 88
66 79 77
66 80 56
66 81 67
66 82 57
66 83 70
66 84 94
66 85 100
66 86 94
66 87 17
66 88 79
66 89 50
66 90 30
66 91 85
66 92 62
66 93 46
66 94 30
66 95 38
66 96 80
67 68 29
67 69 8
67 70 60
67 71 45
67 72 30
67 73 13
67 74 34
67 75 74
67 76 52
67 77 50
67 78 49
67 79 17
67 80 100
67 81 67
67 82 80
67 83 89
67 84 41
67 85 50
67 86 85
67 87 98
67 88 66
67 89 80
67 90 64
67 91 36
67 92 69
67 93 31
67 94 64
67 95 29
67 96 64
68 69 7
68 70 86
68 71 74
68 72 96
68 73 8
68 74 81
68 75 55
68 76 48
68 77 2
68 78 73
68 79 53
68 80 94
68 81 89
68 82 59
68 83 100
68 84 46
68 85 10
68 86 60
68 87 45
68 88 33
68 89 39
68 90 17
68 91 92
68 92 13
68 93 95
68 94 30
68 95 45
68 96 93
69 70 28
69 71 90
69 72 52
69 73 45
69 74 53
69 75 22
69 76 79
69 77 91
69 78 27
69 79 91
69 80 94
69 81 61
69 82 65
69 83 89
69 84 69
69 85 70
69 86 15
69 87 34
69 88 21
69 89 80
69 90 10
69 91 28
69 92 13
69 93 48
69 94 56
69 95 57
69 96 14
70 71 43
70 72 74
70 73 46
70 74 10
70 75 94
70 76 73
70 77 46
70 78 99
70 79 35
70 80 70
70 81 1
70 82 28
70 83 72
70 84 10
70 85 64
70 86 96
70 87 13
70 88 22
70 89 77
70 90 10
70 91 20
70 92 24
70 93 22
70 94 96
70 95 46
70 96 75
71 72 65
71 73 97
71 74 58
71 75 97
71 76 88
71 77 4
71 78 57
71 79 70
71 80 77
71 81 78
71 82 4
71 83 5
71 84 60
71 85 62
71 86 60
71 87 78
71 88 31
71 89 56
71 90 65
71 91 58
71 92 53
71 93 71
71 94 95
71 95 92
71 96 23
72 73 64
72 74 78
72 75 2
72 76 84
72 77 5
72 78 7
72 79 22
72 80 2
72 81 11
72 82 9
72 83 78
72 84 40
72 85 73
72 86 68
72 87 31
72 88 64
72 89 83
72 90 73
72 91 67
72 92 69
72 93 88
72 94 78
72 95 81
72 96 8
73 74 68
73 75 71
73 76 65
73 77 60
73 78 14
73 79 60
73 80 78
73 81 85
73 82 26
73 83 67
73 84 98
73 85 28
73 86 49
73 87 36
73 88 41
73 89 66
73 90 45
73 91 12
73 92 32
73 93 23
73 94 75
73 95 77
73 96 7
74 75 70
74 76 17
74 77 23
74 78 18
74 79 44
74 80 17
74 81 39
74 82 28
74 83 38
74 84 76
74 85 96
74 86 52
74 87 22
74 88 72
74 89 86
74 90 45
74 91 68
74 92 58
74 93 43
74 94 13
74 95 15
74 96 9
75 76 2
75 77 71
75 78 32
75 79 31
75 80 73
75 81 60
75 82 74
75 83 45
75 84 7
75 85 68
75 86 13
75 87 92
75 88 56
75 89 78
75 90 18
75 91 35
75 92 51
75 93 77
75 94 33
75 95 17
75 96 61
76 77 84
76 78 4
76 79 94
76 80 96
76 81 25
76 82 83
76 83 78
76 84 76
76 85 80
76 86 84
76 87 92
76 88 40
76 89 24
76 90 65
76 91 78
76 92 74
76 93 45
76 94 96
76 95 95
76 96 21
77 78 57
77 79 39
77 80 78
77 81 66
77 82 1
77 83 43
77 84 22
77 85 72
77 86 23
77 87 17
77 88 91
77 89 43
77 90 86
77 91 72
77 92 62
77 93 93
77 94 17
77 95 79
77 96 28
78 79 9
78 80 83
78 81 9
78 82 96
78 83 73
78 84 98
78 85 38
78 86 92
78 87 45
78 88 43
78 89 21
78 90 58
78 91 15
78 92 39
78 93 2
78 94 20
78 95 63
78 96 29
79 80 33
79 81 4
79 82 36
79 83 88
79 84 56
79 85 63
79 86 32
79 87 19
79 88 50
79 89 71
79 90 40
79 91 40
79 92 13
79 93 65
79 94 23
79 95 32
79 96 66
80 81 79
80 82 13
80 83 65
80 84 78
80 85 11
80 86 19
80 87 57
80 88 86
80 89 49
80 90 42
80 91 43
80 92 43
80 93 5
80 94 37
80 95 59
80 96 1
81 82 75
81 83 32
81 84 89
81 85 81
81 86 47
81 87 43
81 88 41
81 89 85
81 90 36
81 91 61
81 92 28
81 93 70
81 94 61
81 95 58
81 96 43
82 83 100
82 84 35
82 85 56
82 86 44
82 87 84
82 88 23
82 89 96
82 90 57
82 91 28
82 92 1
82 93 57
82 94 96
82 95 12
82 96 94
83 84 2
83 85 65
83 86 90
83 87 2
83 88 97
83 89 13
83 90 16
83 91 82
83 92 92
83 93 79
83 94 11
83 95 97
83 96 39
84 85 56
84 86 23
84 87 92
84 88 73
84 89 79
84 90 11
84 91 73
84 92 51
84 93 62
84 94 69
84 95 74
84 96 10
85 86 47
85 87 43
85 88 91
85 89 67
85 90 89
85 91 13
85 92 16
85 93 60
85 94 87
85 95 16
85 96 85
86 87 59
86 88 30
86 89 43
86 90 66
86 91 27
86 92 32
86 93 63
86 94 26
86 95 29
86 96 97
87 88 83
87 89 12
87 90 58
87 91 51
87 92 76
87 93 79
87 94 80
87 95 82
87 96 61
88 89 3
88 90 18
88 91 48
88 92 21
88 93 83
88 94 26
88 95 92
88 96 91
89 90 35
89 91 94
89 92 64
89 93 12
89 94 38
89 95 82
89 96 40
90 91 99
90 92 42
90 93 92
90 94 27
90 95 58
90 96 52
91 92 50
91 93 88
91 94 9
91 95 24
91 96 42
92 93 35
92 94 83
92 95 76
92 96 48
93 94 56
93 95 60
93 96 99
94 95 12
94 96 2
95 96 8
