41 820 40
1 2 16
1 3 97
1 4 19
1 5 93
1 6 49
1 7 60
1 8 5
1 9 97
1 10 91
1 11 4
1 12 23
1 13 35
1 14 29
1 15 59
1 16 81
1 17 13
1 18 17
1 19 43
1 20 61
1 21 88
1 22 9
1 23 47
1 24 87
1 25 72
1 26 90
1 27 59
1 28 21
1 29 98
1 30 46
1 31 47
1 32 20
1 33 60
1 34 18
1 35 56
1 36 23
1 37 50
1 38 20
1 39 71
1 40 98
1 41 94
2 3 92
2 4 82
2 5 2
2 6 35
2 7 61
2 8 38
2 9 86
2 10 63
2 11 94
2 12 5
2 13 79
2 14 19
2 15 95
2 16 34
2 17 100
2 18 75
2 19 2
2 20 81
2 21 83
2 22 94
2 23 4
2 24 89
2 25 65
2 26 71
2 27 32
2 28 78
2 29 1
2 30 67
2 31 71
2 32 79
2 33 84
2 34 2
2 35 57
2 36 72
2 37 30
2 38 19
2 39 34
2 40 19
2 41 40
3 4 36
3 5 45
3 6 67
3 7 13
3 8 84
3 9 71
3 10 30
3 11 57
3 12 43
3 13 85
3 14 71
3 15 10
3 16 83
3 17 39
3 18 67
3 19 86
3 20 51
3 21 94
3 22 42
3 23 1
3 24 80
3 25 6
3 26 36
3 27 58
3 28 34
3 29 11
3 30 11
3 31 97
3 32 45
3 33 68
3 34 62
3 35 72
3 36 13
3 37 16
3 38 73
3 39 68
3 40 100
3 41 88
4 5 98
4 6 80
4 7 22
4 8 11
4 9 32
4 10 12
4 11 14
4 12 23
4 13 42
4 14 90
4 15 53
4 16 1
4 17 32
4 18 62
4 19 98
4 20 23
4 21 50
4 22 3
4 23 77
4 24 93
4 25 98
4 26 12
4 27 27
4 28 77
4 29 94
4 30 12
4 31 95
4 32 64
4 33 98
4 34 74
4 35 48
4 36 72
4 37 63
4 38 63
4 39 12
4 40 69
4 41 43
5 6 61
5 7 18
5 8 83
5 9 98
5 10 72
5 11 100
5 12 93
5 13 29
5 14 82
5 15 20
5 16 67
5 17 72
5 18 30
5 19 21
5 20 91
5 21 2
5 22 37
5 23 30
5 24 32
5 25 38
5 26 66
5 27 5
5 28 42
5 29 58
5 30 66
5 31 91
5 32 2
5 33 71
5 34 72
5 35 4
5 36 13
5 37 55
5 38 26
5 39 73
5 40 58
5 41 88
6 7 88
6 8 36
6 9 57
6 10 50
6 11 58
6 12 79
6 13 53
6 14 65
6 15 98
6 16 37
6 17 47
6 18 53
6 19 2
6 20 18
6 21 41
6 22 26
6 23 70
6 24 41
6 25 68
6 26 37
6 27 84
6 28 54
6 29 68
6 30 47
6 31 10
6 32 47
6 33 58
6 34 17
6 35 98
6 36 59
6 37 83
6 38 49
6 39 87
6 40 4
6 41 67
7 8 77
7 9 58
7 10 77
7 11 89
7 12 13
7 13 40
7 14 25
7 15 25
7 16 33
7 17 20
7 18 18
7 19 72
7 20 84
7 21 54
7 22 62
7 23 73
7 24 62
7 25 8
7 26 12
7 27 45
7 28 12
7 29 13
7 30 41
7 31 74
7 32 76
7 33 18
7 34 32
7 35 75
7 36 26
7 37 1
7 38 55
7 39 77
7 40 98
7 41 82
8 9 35
8 10 7
8 11 21
8 12 100
8 13 47
8 14 91
8 15 6
8 16 39
8 17 5
8 18 16
8 19 81
8 20 34
8 21 29
8 22 48
8 23 61
8 24 65
8 25 25
8 26 95
8 27 58
8 28 53
8 29 40
8 30 25
8 31 52
8 32 50
8 33 99
8 34 68
8 35 93
8 36 41
8 37 17
8 38 25
8 39 94
8 40 88
8 41 93
9 10 55
9 11 22
9 12 49
9 13 87
9 14 3
9 15 38
9 16 19
9 17 77
9 18 1
9 19 35
9 20 40
9 21 51
9 22 1
9 23 80
9 24 38
9 25 47
9 26 82
9 27 58
9 28 34
9 29 99
9 30 68
9 31 37
9 32 51
9 33 42
9 34 9
9 35 38
9 36 60
9 37 88
9 38 47
9 39 47
9 40 84
9 41 84
10 11 9
10 12 48
10 13 77
10 14 85
10 15 6
10 16 13
10 17 57
10 18 35
10 19 7
10 20 31
10 21 56
10 22 68
10 23 74
10 24 36
10 25 31
10 26 88
10 27 51
10 28 51
10 29 16
10 30 62
10 31 86
10 32 74
10 33 83
10 34 68
10 35 45
10 36 56
10 37 66
10 38 55
10 39 22
10 40 65
10 41 99
11 12 1
11 13 59
11 14 14
11 15 100
11 16 61
11 17 47
11 18 74
11 19 89
11 20 97
11 21 67
11 22 3
11 23 27
11 24 71
11 25 84
11 26 74
11 27 77
11 28 6
11 29 87
11 30 99
11 31 11
11 32 58
11 33 79
11 34 67
11 35 48
11 36 34
11 37 95
11 38 76
11 39 75
11 40 92
11 41 75
12 13 22
12 14 43
12 15 34
12 16 91
12 17 76
12 18 15
12 19 44
12 20 22
12 21 19
12 22 100
12 23 46
12 24 76
12 25 47
12 26 12
12 27 84
12 28 40
12 29 12
12 30 87
12 31 84
12 32 66
12 33 32
12 34 61
12 35 75
12 36 68
12 37 25
12 38 74
12 39 36
12 40 94
12 41 80
13 14 13
13 15 70
13 16 46
13 17 83
13 18 13
13 19 14
13 20 88
13 21 78
13 22 53
13 23 50
13 24 64
13 25 16
13 26 95
13 27 31
13 28 38
13 29 80
13 30 75
13 31 45
13 32 94
13 33 80
13 34 25
13 35 18
13 36 72
13 37 44
13 38 87
13 39 89
13 40 64
13 41 66
14 15 80
14 16 12
14 17 19
14 18 49
14 19 46
14 20 49
14 21 60
14 22 77
14 23 65
14 24 46
14 25 57
14 26 98
14 27 60
14 28 50
14 29 45
14 30 74
14 31 78
14 32 68
14 33 46
14 34 3
14 35 17
14 36 2
14 37 25
14 38 44
14 39 97
14 40 20
14 41 55
15 16 32
15 17 35
15 18 89
15 19 41
15 20 72
15 21 51
15 22 97
15 23 28
15 24 74
15 25 90
15 26 92
15 27 17
15 28 20
15 29 20
15 30 43
15 31 4
15 32 100
15 33 34
15 34 100
15 35 7
15 36 28
15 37 69
15 38 67
15 39 89
15 40 99
15 41 21
16 17 43
16 18 95
16 19 43
16 20 52
16 21 29
16 22 13
16 23 79
16 24 74
16 25 92
16 26 9
16 27 69
16 28 98
16 29 93
16 30 33
16 31 93
16 32 14
16 33 9
16 34 82
16 35 31
16 36 100
16 37 11
16 38 77
16 39 49
16 40 22
16 41 49
17 18 11
17 19 42
17 20 19
17 21 87
17 22 98
17 23 11
17 24 74
17 25 78
17 26 67
17 27 48
17 28 35
17 29 50
17 30 71
17 31 70
17 32 26
17 33 43
17 34 40
17 35 92
17 36 76
17 37 76
17 38 84
17 39 41
17 40 7
17 41 39
18 19 13
18 20 47
18 21 30
18 22 6
18 23 7
18 24 67
18 25 21
18 26 73
18 27 50
18 28 76
18 29 9
18 30 73
18 31 53
18 32 84
18 33 85
18 34 82
18 35 66
18 36 29
18 37 49
18 38 29
18 39 9
18 40 45
18 41 11
19 20 13
19 21 92
19 22 65
19 23 65
19 24 43
19 25 67
19 26 60
19 27 98
19 28 34
19 29 30
19 30 14
19 31 72
19 32 49
19 33 95
19 34 100
19 35 12
19 36 58
19 37 65
19 38 21
19 39 56
19 40 83
19 41 78
20 21 88
20 22 72
20 23 23
20 24 62
20 25 28
20 26 37
20 27 70
20 28 7
20 29 50
20 30 91
20 31 73
20 32 76
20 33 81
20 34 41
20 35 14
20 36 97
20 37 37
20 38 80
20 39 99
20 40 20
20 41 70
21 22 41
21 23 78
21 24 5
21 25 2
21 26 82
21 27 42
21 28 49
21 29 96
21 30 97
21 31 62
21 32 26
21 33 99
21 34 30
21 35 78
21 36 78
21 37 48
21 38 59
21 39 13
21 40 85
21 41 25
22 23 37
22 24 98
22 25 13
22 26 9
22 27 12
22 28 85
22 29 95
22 30 51
22 31 52
22 32 53
22 33 97
22 34 45
22 35 85
22 36 26
22 37 66
22 38 82
22 39 4
22 40 11
22 41 84
23 24 77
23 25 14
23 26 99
23 27 44
23 28 44
23 29 22
23 30 40
23 31 28
23 32 63
23 33 3
23 34 48
23 35 96
23 36 52
23 37 32
23 38 49
23 39 100
23 40 37
23 41 20
24 25 87
24 26 42
24 27 40
24 28 16
24 29 18
24 30 87
24 31 75
24 32 68
24 33 39
24 34 53
24 35 21
24 36 33
24 37 57
24 38 36
24 39 10
24 40 37
24 41 82
25 26 31
25 27 87
25 28 71
25 29 58
25 30 54
25 31 46
25 32 84
25 33 38
25 34 13
25 35 31
25 36 36
25 37 55
25 38 61
25 39 39
25 40 7
25 41 74
26 27 32
26 28 75
26 29 58
26 30 26
26 31 2
26 32 60
26 33 80
26 34 42
26 35 10
26 36 54
26 37 51
26 38 38
26 39 94
26 40 85
26 41 76
27 28 13
27 29 72
27 30 80
27 31 75
27 32 1
27 33 36
27 34 86
27 35 24
27 36 70
27 37 27
27 38 52
27 39 2
27 40 96
27 41 24
28 29 60
28 30 87
28 31 94
28 32 71
28 33 64
28 34 11
28 35 16
28 36 51
28 37 45
28 38 47
28 39 17
28 40 82
28 41 89
29 30 45
29 31 92
29 32 21
29 33 73
29 34 12
29 35 15
29 36 82
29 37 79
29 38 40
29 39 27
29 40 88
29 41 7
30 31 24
30 32 89
30 33 72
30 34 78
30 35 38
30 36 22
30 37 65
30 38 57
30 39 24
30 40 80
30 41 17
31 32 85
31 33 57
31 34 32
31 35 40
31 36 99
31 37 93
31 38 47
31 39 68
31 40 42
31 41 31
32 33 44
32 34 44
32 35 18
32 36 18
32 37 61
32 38 16
32 39 37
32 40 22
32 41 52
33 34 63
33 35 20
33 36 54
33 37 92
33 38 85
33 39 25
33 40 33
33 41 78
34 35 6
34 36 15
34 37 72
34 38 61
34 39 92
34 40 76
34 41 82
35 36 33
35 37 28
35 38 6
35 39 61
35 40 56
35 41 13
36 37 96
36 38 15
36 39 58
36 40 78
36 41 35
37 38 17
37 39 34
37 40 10
37 41 30
38 39 87
38 40 98
38 41 64
39 40 85
39 41 96
40 41 91
