97 4656 96
1 2 43
1 3 18
1 4 43
1 5 86
1 6 43
1 7 75
1 8 9
1 9 31
1 10 66
1 11 18
1 12 57
1 13 46
1 14 39
1 15 46
1 16 41
1 17 82
1 18 11
1 19 32
1 20 41
1 21 43
1 22 7
1 23 4
1 24 43
1 25 51
1 26 8
1 27 87
1 28 87
1 29 65
1 30 47
1 31 84
1 32 82
1 33 9
1 34 8
1 35 51
1 36 17
1 37 1
1 38 60
1 39 62
1 40 49
1 41 35
1 42 80
1 43 53
1 44 52
1 45 44
1 46 93
1 47 92
1 48 3
1 49 67
1 50 33
1 51 79
1 52 45
1 53 10
1 54 25
1 55 58
1 56 94
1 57 38
1 58 82
1 59 3
1 60 46
1 61 38
1 62 5
1 63 94
1 64 93
1 65 22
1 66 4
1 67 51
1 68 95
1 69 56
1 70 5
1 71 75
1 72 29
1 73 46
1 74 21
1 75 80
1 76 7
1 77 80
1 78 53
1 79 6
1 80 13
1 81 67
1 82 18
1 83 100
1 84 4
1 85 21
1 86 58
1 87 47
1 88 60
1 89 10
1 90 60
1 91 69
1 92 89
1 93 83
1 94 8
1 95 82
1 96 53
1 97 77
2 3 67
2 4 25
2 5 9
2 6 35
2 7 10
2 8 8
2 9 87
2 10 14
2 11 77
2 12 49
2 13 37
2 14 58
2 15 10
2 16 14
2 17 40
2 18 54
2 19 96
2 20 100
2 21 72
2 22 82
2 23 19
2 24 45
2 25 54
2 26 100
2 27 63
2 28 86
2 29 86
2 30 86
2 31 29
2 32 16
2 33 14
2 34 29
2 35 33
2 36 8
2 37 42
2 38 26
2 39 20
2 40 47
2 41 77
2 42 95
2 43 80
2 44 14
2 45 37
2 46 24
2 47 52
2 48 4
2 49 62
2 50 51
2 51 71
2 52 69
2 53 58
2 54 69
2 55 66
2 56 49
2 57 4
2 58 42
2 59 15
2 60 22
2 61 86
2 62 31
2 63 79
2 64 11
2 65 3
2 66 85
2 67 43
2 68 10
2 69 57
2 70 84
2 71 37
2 72 59
2 73 31
2 74 9
2 75 50
2 76 15
2 77 33
2 78 33
2 79 9
2 80 37
2 81 81
2 82 82
2 83 77
2 84 72
2 85 61
2 86 8
2 87 42
2 88 38
2 89 95
2 90 70
2 91 32
2 92 91
2 93 45
2 94 41
2 95 67
2 96 86
2 97 54
3 4 48
3 5 2
3 6 10
3 7 76
3 8 28
3 9 83
3 10 16
3 11 5
3 12 83
3 13 33
3 14 4
3 15 15
3 16 16
3 17 34
3 18 94
3 19 69
3 20 4
3 21 91
3 22 54
3 23 1
3 24 93
3 25 31
3 26 44
3 27 44
3 28 84
3 29 36
3 30 36
3 31 38
3 32 29
3 33 32
3 34 4
3 35 46
3 36 84
3 37 8
3 38 36
3 39 43
3 40 85
3 41 92
3 42 4
3 43 23
3 44 18
3 45 43
3 46 70
3 47 100
3 48 1
3 49 30
3 50 71
3 51 9
3 52 3
3 53 4
3 54 13
3 55 19
3 56 80
3 57 88
3 58 78
3 59 3
3 60 18
3 61 42
3 62 95
3 63 24
3 64 15
3 65 78
3 66 84
3 67 24
3 68 8
3 69 91
3 70 23
3 71 10
3 72 55
3 73 60
3 74 71
3 75 74
3 76 28
3 77 59
3 78 13
3 79 24
3 80 94
3 81 3
3 82 71
3 83 97
3 84 53
3 85 18
3 86 72
3 87 69
3 88 56
3 89 17
3 90 4
3 91 53
3 92 35
3 93 7
3 94 66
3 95 27
3 96 97
3 97 95
4 5 1
4 6 52
4 7 2
4 8 54
4 9 10
4 10 99
4 11 37
4 12 98
4 13 59
4 14 20
4 15 47
4 16 92
4 17 56
4 18 35
4 19 59
4 20 14
4 21 1
4 22 58
4 23 22
4 24 30
4 25 46
4 26 91
4 27 25
4 28 97
4 29 23
4 30 65
4 31 2
4 32 27
4 33 90
4 34 37
4 35 52
4 36 16
4 37 35
4 38 45
4 39 61
4 40 68
4 41 25
4 42 32
4 43 58
4 44 50
4 45 45
4 46 1
4 47 38
4 48 6
4 49 79
4 50 26
4 51 2
4 52 89
4 53 80
4 54 79
4 55 59
4 56 79
4 57 23
4 58 83
4 59 28
4 60 81
4 61 60
4 62 53
4 63 68
4 64 82
4 65 41
4 66 16
4 67 96
4 68 75
4 69 46
4 70 21
4 71 91
4 72 4
4 73 66
4 74 80
4 75 87
4 76 81
4 77 54
4 78 11
4 79 18
4 80 85
4 81 88
4 82 75
4 83 42
4 84 33
4 85 46
4 86 24
4 87 82
4 88 94
4 89 91
4 90 71
4 91 91
4 92 52
4 93 6
4 94 1
4 95 13
4 96 15
4 97 94
5 6 96
5 7 68
5 8 26
5 9 62
5 10 61
5 11 75
5 12 46
5 13 48
5 14 22
5 15 52
5 16 36
5 17 24
5 18 19
5 19 58
5 20 64
5 21 28
5 22 33
5 23 54
5 24 89
5 25 79
5 26 10
5 27 61
5 28 3
5 29 38
5 30 4
5 31 32
5 32 58
5 33 87
5 34 7
5 35 40
5 36 82
5 37 68
5 38 84
5 39 52
5 40 62
5 41 22
5 42 81
5 43 7
5 44 54
5 45 96
5 46 12
5 47 65
5 48 79
5 49 52
5 50 46
5 51 25
5 52 38
5 53 98
5 54 13
5 55 80
5 56 11
5 57 47
5 58 57
5 59 1
5 60 76
5 61 39
5 62 100
5 63 33
5 64 38
5 65 50
5 66 53
5 67 71
5 68 100
5 69 31
5 70 67
5 71 28
5 72 87
5 73 44
5 74 48
5 75 3
5 76 45
5 77 56
5 78 14
5 79 61
5 80 30
5 81 55
5 82 85
5 83 77
5 84 48
5 85 46
5 86 10
5 87 35
5 88 68
5 89 51
5 90 2
5 91 22
5 92 64
5 93 61
5 94 97
5 95 14
5 96 19
5 97 67
6 7 77
6 8 75
6 9 43
6 10 45
6 11 68
6 12 11
6 13 6
6 14 20
6 15 17
6 16 47
6 17 60
6 18 38
6 19 36
6 20 37
6 21 20
6 22 78
6 23 20
6 24 99
6 25 52
6 26 97
6 27 60
6 28 84
6 29 34
6 30 35
6 31 89
6 32 21
6 33 30
6 34 53
6 35 55
6 36 43
6 37 70
6 38 85
6 39 49
6 40 43
6 41 40
6 42 50
6 43 42
6 44 54
6 45 77
6 46 95
6 47 59
6 48 2
6 49 26
6 50 58
6 51 3
6 52 33
6 53 31
6 54 64
6 55 90
6 56 86
6 57 64
6 58 36
6 59 75
6 60 7
6 61 49
6 62 73
6 63 18
6 64 28
6 65 29
6 66 76
6 67 82
6 68 84
6 69 19
6 70 3
6 71 41
6 72 6
6 73 20
6 74 19
6 75 88
6 76 64
6 77 97
6 78 31
6 79 69
6 80 12
6 81 47
6 82 66
6 83 10
6 84 76
6 85 44
6 86 46
6 87 81
6 88 29
6 89 20
6 90 100
6 91 53
6 92 28
6 93 93
6 94 67
6 95 10
6 96 75
6 97 68
7 8 68
7 9 57
7 10 73
7 11 22
7 12 34
7 13 1
7 14 28
7 15 24
7 16 52
7 17 76
7 18 50
7 19 25
7 20 82
7 21 1
7 22 63
7 23 53
7 24 6
7 25 5
7 26 99
7 27 25
7 28 72
7 29 35
7 30 10
7 31 46
7 32 79
7 33 48
7 34 49
7 35 74
7 36 4
7 37 35
7 38 53
7 39 71
7 40 95
7 41 55
7 42 12
7 43 76
7 44 15
7 45 59
7 46 48
7 47 62
7 48 34
7 49 88
7 50 51
7 51 2
7 52 12
7 53 30
7 54 65
7 55 32
7 56 35
7 57 22
7 58 35
7 59 19
7 60 98
7 61 91
7 62 61
7 63 44
7 64 94
7 65 43
7 66 89
7 67 20
7 68 89
7 69 72
7 70 15
7 71 83
7 72 14
7 73 52
7 74 73
7 75 12
7 76 82
7 77 51
7 78 71
7 79 99
7 80 75
7 81 20
7 82 15
7 83 79
7 84 5
7 85 10
7 86 52
7 87 37
7 88 70
7 89 57
7 90 36
7 91 24
7 92 36
7 93 14
7 94 17
7 95 81
7 96 34
7 97 8
8 9 53
8 10 69
8 11 65
8 12 17
8 13 8
8 14 58
8 15 11
8 16 52
8 17 45
8 18 3
8 19 24
8 20 61
8 21 27
8 22 5
8 23 74
8 24 43
8 25 93
8 26 57
8 27 68
8 28 82
8 29 59
8 30 82
8 31 86
8 32 58
8 33 7
8 34 55
8 35 57
8 36 1
8 37 37
8 38 64
8 39 12
8 40 6
8 41 1
8 42 83
8 43 64
8 44 94
8 45 99
8 46 24
8 47 42
8 48 67
8 49 6
8 50 83
8 51 49
8 52 92
8 53 6
8 54 46
8 55 7
8 56 59
8 57 73
8 58 75
8 59 81
8 60 8
8 61 43
8 62 30
8 63 67
8 64 35
8 65 79
8 66 48
8 67 33
8 68 53
8 69 21
8 70 96
8 71 93
8 72 41
8 73 45
8 74 71
8 75 64
8 76 61
8 77 12
8 78 92
8 79 11
8 80 8
8 81 48
8 82 20
8 83 46
8 84 13
8 85 65
8 86 44
8 87 20
8 88 42
8 89 26
8 90 67
8 91 94
8 92 56
8 93 39
8 94 95
8 95 58
8 96 91
8 97 85
9 10 86
9 11 31
9 12 18
9 13 57
9 14 38
9 15 66
9 16 41
9 17 97
9 18 89
9 19 84
9 20 26
9 21 1
9 22 52
9 23 2
9 24 26
9 25 15
9 26 93
9 27 22
9 28 86
9 29 85
9 30 33
9 31 42
9 32 17
9 33 100
9 34 85
9 35 17
9 36 8
9 37 28
9 38 75
9 39 94
9 40 36
9 41 23
9 42 13
9 43 19
9 44 12
9 45 61
9 46 18
9 47 35
9 48 2
9 49 100
9 50 72
9 51 7
9 52 23
9 53 1
9 54 97
9 55 31
9 56 3
9 57 78
9 58 35
9 59 78
9 60 56
9 61 5
9 62 86
9 63 91
9 64 6
9 65 79
9 66 66
9 67 74
9 68 42
9 69 39
9 70 44
9 71 60
9 72 58
9 73 60
9 74 44
9 75 49
9 76 36
9 77 54
9 78 98
9 79 69
9 80 2
9 81 99
9 82 39
9 83 81
9 84 13
9 85 92
9 86 21
9 87 61
9 88 76
9 89 84
9 90 17
9 91 3
9 92 25
9 93 57
9 94 61
9 95 69
9 96 100
9 97 83
10 11 16
10 12 83
10 13 72
10 14 76
10 15 59
10 16 19
10 17 64
10 18 61
10 19 100
10 20 23
10 21 32
10 22 3
10 23 47
10 24 66
10 25 43
10 26 65
10 27 20
10 28 4
10 29 10
10 30 30
10 31 86
10 32 80
10 33 67
10 34 83
10 35 27
10 36 57
10 37 70
10 38 35
10 39 46
10 40 78
10 41 8
10 42 9
10 43 37
10 44 7
10 45 95
10 46 83
10 47 36
10 48 86
10 49 85
10 50 24
10 51 65
10 52 91
10 53 25
10 54 98
10 55 58
10 56 77
10 57 59
10 58 20
10 59 86
10 60 67
10 61 58
10 62 92
10 63 1
10 64 40
10 65 21
10 66 87
10 67 9
10 68 96
10 69 37
10 70 4
10 71 18
10 72 66
10 73 63
10 74 77
10 75 31
10 76 64
10 77 42
10 78 77
10 79 27
10 80 49
10 81 77
10 82 43
10 83 96
10 84 6
10 85 21
10 86 13
10 87 99
10 88 3
10 89 69
10 90 30
10 91 76
10 92 44
10 93 57
10 94 56
10 95 33
10 96 4
10 97 24
11 12 30
11 13 23
11 14 15
11 15 77
11 16 91
11 17 89
11 18 39
11 19 40
11 20 92
11 21 89
11 22 20
11 23 58
11 24 44
11 25 60
11 26 62
11 27 63
11 28 38
11 29 25
11 30 29
11 31 6
11 32 3
11 33 37
11 34 89
11 35 87
11 36 10
11 37 44
11 38 63
11 39 47
11 40 76
11 41 38
11 42 34
11 43 19
11 44 37
11 45 33
11 46 18
11 47 22
11 48 55
11 49 6
11 50 90
11 51 30
11 52 89
11 53 37
11 54 1
11 55 46
11 56 62
11 57 6
11 58 32
11 59 79
11 60 10
11 61 70
11 62 26
11 63 14
11 64 53
11 65 24
11 66 59
11 67 65
11 68 65
11 69 28
11 70 92
11 71 82
11 72 7
11 73 14
11 74 18
11 75 96
11 76 20
11 77 68
11 78 18
11 79 19
11 80 86
11 81 70
11 82 49
11 83 49
11 84 18
11 85 11
11 86 67
11 87 23
11 88 76
11 89 67
11 90 21
11 91 69
11 92 60
11 93 66
11 94 96
11 95 74
11 96 10
11 97 23
12 13 97
12 14 11
12 15 46
12 16 17
12 17 45
12 18 85
12 19 74
12 20 73
12 21 29
12 22 16
12 23 2
12 24 50
12 25 83
12 26 84
12 27 19
12 28 48
12 29 38
12 30 42
12 31 33
12 32 38
12 33 4
12 34 50
12 35 49
12 36 85
12 37 13
12 38 23
12 39 12
12 40 14
12 41 38
12 42 55
12 43 22
12 44 25
12 45 39
12 46 93
12 47 10
12 48 10
12 49 58
12 50 49
12 51 51
12 52 14
12 53 16
12 54 8
12 55 82
12 56 12
12 57 67
12 58 43
12 59 36
12 60 42
12 61 29
12 62 86
12 63 65
12 64 6
12 65 2
12 66 68
12 67 62
12 68 95
12 69 71
12 70 7
12 71 91
12 72 26
12 73 21
12 74 79
12 75 84
12 76 67
12 77 61
12 78 37
12 79 15
12 80 70
12 81 60
12 82 81
12 83 100
12 84 54
12 85 6
12 86 42
12 87 54
12 88 51
12 89 24
12 90 80
12 91 75
12 92 81
12 93 76
12 94 99
12 95 6
12 96 49
12 97 39
13 14 97
13 15 91
13 16 90
13 17 40
13 18 60
13 19 84
13 20 14
13 21 86
13 22 2
13 23 73
13 24 83
13 25 16
13 26 33
13 27 51
13 28 44
13 29 16
13 30 25
13 31 17
13 32 94
13 33 56
13 34 5
13 35 11
13 36 61
13 37 78
13 38 42
13 39 20
13 40 72
13 41 41
13 42 52
13 43 1
13 44 62
13 45 71
13 46 27
13 47 46
13 48 83
13 49 97
13 50 31
13 51 81
13 52 27
13 53 7
13 54 54
13 55 41
13 56 18
13 57 35
13 58 33
13 59 55
13 60 44
13 61 13
13 62 95
13 63 41
13 64 22
13 65 35
13 66 1
13 67 69
13 68 74
13 69 53
13 70 13
13 71 71
13 72 67
13 73 67
13 74 20
13 75 21
13 76 53
13 77 37
13 78 21
13 79 35
13 80 94
13 81 54
13 82 21
13 83 87
13 84 20
13 85 41
13 86 30
13 87 71
13 88 73
13 89 39
13 90 6
13 91 3
13 92 92
13 93 89
13 94 10
13 95 53
13 96 18
13 97 62
14 15 4
14 16 92
14 17 29
14 18 86
14 19 70
14 20 28
14 21 71
14 22 44
14 23 54
14 24 15
14 25 20
14 26 56
14 27 91
14 28 63
14 29 76
14 30 95
14 31 60
14 32 49
14 33 11
14 34 38
14 35 87
14 36 99
14 37 22
14 38 88
14 39 94
14 40 21
14 41 53
14 42 8
14 43 31
14 44 55
14 45 44
14 46 21
14 47 39
14 48 6
14 49 13
14 50 83
14 51 83
14 52 69
14 53 62
14 54 35
14 55 77
14 56 19
14 57 78
14 58 5
14 59 8
14 60 93
14 61 77
14 62 92
14 63 11
14 64 86
14 65 28
14 66 81
14 67 51
14 68 71
14 69 53
14 70 38
14 71 90
14 72 21
14 73 18
14 74 9
14 75 5
14 76 72
14 77 11
14 78 73
14 79 33
14 80 80
14 81 82
14 82 71
14 83 44
14 84 58
14 85 68
14 86 88
14 87 51
14 88 80
14 89 54
14 90 63
14 91 59
14 92 73
14 93 57
14 94 59
14 95 88
14 96 42
14 97 47
15 16 88
15 17 53
15 18 22
15 19 70
15 20 17
15 21 28
15 22 100
15 23 23
15 24 7
15 25 87
15 26 35
15 27 97
15 28 67
15 29 87
15 30 85
15 31 70
15 32 66
15 33 72
15 34 50
15 35 18
15 36 91
15 37 43
15 38 24
15 39 18
15 40 35
15 41 24
15 42 28
15 43 68
15 44 69
15 45 79
15 46 69
15 47 40
15 48 64
15 49 34
15 50 64
15 51 43
15 52 8
15 53 2
15 54 67
15 55 31
15 56 69
15 57 52
15 58 96
15 59 87
15 60 16
15 61 11
15 62 86
15 63 51
15 64 46
15 65 77
15 66 21
15 67 17
15 68 32
15 69 37
15 70 55
15 71 43
15 72 29
15 73 24
15 74 59
15 75 56
15 76 81
15 77 2
15 78 90
15 79 38
15 80 76
15 81 5
15 82 34
15 83 35
15 84 46
15 85 51
15 86 97
15 87 58
15 88 14
15 89 89
15 90 3
15 91 78
15 92 39
15 93 29
15 94 17
15 95 1
15 96 86
15 97 26
16 17 30
16 18 44
16 19 76
16 20 12
16 21 42
16 22 10
16 23 79
16 24 57
16 25 67
16 26 12
16 27 76
16 28 87
16 29 71
16 30 83
16 31 74
16 32 99
16 33 65
16 34 29
16 35 68
16 36 97
16 37 41
16 38 2
16 39 81
16 40 71
16 41 64
16 42 41
16 43 36
16 44 44
16 45 88
16 46 20
16 47 7
16 48 52
16 49 100
16 50 59
16 51 58
16 52 89
16 53 51
16 54 55
16 55 41
16 56 90
16 57 54
16 58 99
16 59 51
16 60 47
16 61 84
16 62 55
16 63 47
16 64 97
16 65 74
16 66 19
16 67 21
16 68 41
16 69 43
16 70 78
16 71 78
16 72 11
16 73 68
16 74 77
16 75 4
16 76 65
16 77 2
16 78 50
16 79 49
16 80 76
16 81 93
16 82 2
16 83 76
16 84 89
16 85 96
16 86 58
16 87 31
16 88 80
16 89 55
16 90 67
16 91 100
16 92 66
16 93 28
16 94 55
16 95 76
16 96 93
16 97 68
17 18 11
17 19 69
17 20 7
17 21 4
17 22 16
17 23 32
17 24 76
17 25 13
17 26 37
17 27 41
17 28 44
17 29 74
17 30 57
17 31 69
17 32 83
17 33 67
17 34 51
17 35 92
17 36 82
17 37 48
17 38 57
17 39 91
17 40 46
17 41 63
17 42 90
17 43 86
17 44 44
17 45 15
17 46 52
17 47 41
17 48 29
17 49 16
17 50 39
17 51 36
17 52 5
17 53 49
17 54 34
17 55 69
17 56 46
17 57 12
17 58 70
17 59 55
17 60 82
17 61 67
17 62 73
17 63 75
17 64 38
17 65 17
17 66 99
17 67 75
17 68 65
17 69 25
17 70 69
17 71 90
17 72 20
17 73 79
17 74 39
17 75 99
17 76 4
17 77 20
17 78 78
17 79 57
17 80 95
17 81 46
17 82 43
17 83 56
17 84 41
17 85 72
17 86 44
17 87 44
17 88 88
17 89 4
17 90 22
17 91 41
17 92 53
17 93 57
17 94 75
17 95 24
17 96 65
17 97 45
18 19 93
18 20 66
18 21 62
18 22 56
18 23 90
18 24 95
18 25 56
18 26 45
18 27 92
18 28 16
18 29 21
18 30 68
18 31 53
18 32 32
18 33 66
18 34 42
18 35 10
18 36 92
18 37 43
18 38 46
18 39 53
18 40 8
18 41 38
18 42 59
18 43 45
18 44 38
18 45 44
18 46 32
18 47 90
18 48 43
18 49 65
18 50 13
18 51 35
18 52 60
18 53 54
18 54 2
18 55 38
18 56 85
18 57 6
18 58 63
18 59 95
18 60 51
18 61 56
18 62 35
18 63 60
18 64 2
18 65 56
18 66 12
18 67 69
18 68 28
18 69 92
18 70 59
18 71 32
18 72 18
18 73 23
18 74 50
18 75 18
18 76 20
18 77 52
18 78 90
18 79 28
18 80 48
18 81 68
18 82 38
18 83 56
18 84 66
18 85 78
18 86 63
18 87 24
18 88 84
18 89 29
18 90 74
18 91 83
18 92 90
18 93 48
18 94 20
18 95 85
18 96 4
18 97 98
19 20 27
19 21 64
19 22 29
19 23 87
19 24 83
19 25 62
19 26 63
19 27 67
19 28 73
19 29 55
19 30 65
19 31 33
19 32 11
19 33 62
19 34 43
19 35 50
19 36 79
19 37 3
19 38 94
19 39 67
19 40 89
19 41 69
19 42 55
19 43 88
19 44 100
19 45 12
19 46 38
19 47 13
19 48 49
19 49 31
19 50 8
19 51 66
19 52 53
19 53 87
19 54 24
19 55 14
19 56 44
19 57 91
19 58 93
19 59 41
19 60 15
19 61 89
19 62 50
19 63 98
19 64 16
19 65 68
19 66 40
19 67 93
19 68 53
19 69 5
19 70 5
19 71 91
19 72 54
19 73 66
19 74 66
19 75 40
19 76 41
19 77 90
19 78 16
19 79 6
19 80 69
19 81 35
19 82 61
19 83 25
19 84 77
19 85 46
19 86 42
19 87 81
19 88 29
19 89 71
19 90 36
19 91 34
19 92 77
19 93 99
19 94 32
19 95 91
19 96 67
19 97 32
20 21 5
20 22 78
20 23 45
20 24 64
20 25 93
20 26 38
20 27 65
20 28 99
20 29 9
20 30 62
20 31 100
20 32 82
20 33 21
20 34 79
20 35 81
20 36 30
20 37 20
20 38 89
20 39 39
20 40 7
20 41 23
20 42 60
20 43 77
20 44 12
20 45 80
20 46 69
20 47 63
20 48 68
20 49 39
20 50 57
20 51 69
20 52 32
20 53 51
20 54 83
20 55 28
20 56 91
20 57 47
20 58 37
20 59 79
20 60 26
20 61 66
20 62 57
20 63 42
20 64 41
20 65 44
20 66 46
20 67 40
20 68 27
20 69 90
20 70 93
20 71 79
20 72 36
20 73 52
20 74 61
20 75 82
20 76 17
20 77 6
20 78 5
20 79 22
20 80 19
20 81 62
20 82 54
20 83 93
20 84 41
20 85 60
20 86 37
20 87 47
20 88 41
20 89 43
20 90 17
20 91 88
20 92 88
20 93 42
20 94 13
20 95 63
20 96 8
20 97 96
21 22 3
21 23 79
21 24 3
21 25 66
21 26 13
21 27 86
21 28 66
21 29 98
21 30 52
21 31 16
21 32 21
21 33 92
21 34 73
21 35 29
21 36 69
21 37 96
21 38 64
21 39 68
21 40 31
21 41 82
21 42 20
21 43 94
21 44 40
21 45 87
21 46 38
21 47 84
21 48 91
21 49 41
21 50 73
21 51 67
21 52 10
21 53 52
21 54 8
21 55 36
21 56 83
21 57 8
21 58 10
21 59 17
21 60 99
21 61 43
21 62 75
21 63 70
21 64 92
21 65 50
21 66 48
21 67 72
21 68 37
21 69 66
21 70 79
21 71 42
21 72 60
21 73 87
21 74 75
21 75 71
21 76 36
21 77 26
21 78 7
21 79 37
21 80 41
21 81 97
21 82 2
21 83 10
21 84 25
21 85 74
21 86 52
21 87 80
21 88 36
21 89 25
21 90 68
21 91 47
21 92 91
21 93 13
21 94 91
21 95 45
21 96 33
21 97 42
22 23 15
22 24 41
22 25 96
22 26 87
22 27 30
22 28 26
22 29 68
22 30 10
22 31 2
22 32 62
22 33 2
22 34 52
22 35 68
22 36 71
22 37 96
22 38 67
22 39 62
22 40 53
22 41 9
22 42 60
22 43 77
22 44 41
22 45 94
22 46 95
22 47 64
22 48 42
22 49 87
22 50 44
22 51 75
22 52 90
22 53 68
22 54 51
22 55 98
22 56 48
22 57 60
22 58 54
22 59 18
22 60 11
22 61 72
22 62 69
22 63 16
22 64 3
22 65 11
22 66 19
22 67 35
22 68 74
22 69 67
22 70 22
22 71 47
22 72 7
22 73 59
22 74 64
22 75 42
22 76 51
22 77 70
22 78 7
22 79 23
22 80 44
22 81 97
22 82 2
22 83 21
22 84 52
22 85 62
22 86 2
22 87 39
22 88 42
22 89 16
22 90 87
22 91 93
22 92 86
22 93 41
22 94 12
22 95 95
22 96 36
22 97 58
23 24 46
23 25 58
23 26 16
23 27 26
23 28 46
23 29 54
23 30 57
23 31 82
23 32 84
23 33 85
23 34 56
23 35 73
23 36 91
23 37 98
23 38 91
23 39 88
23 40 67
23 41 81
23 42 29
23 43 35
23 44 60
23 45 24
23 46 75
23 47 70
23 48 59
23 49 30
23 50 99
23 51 22
23 52 31
23 53 1
23 54 92
23 55 24
23 56 50
23 57 16
23 58 81
23 59 43
23 60 4
23 61 7
23 62 3
23 63 61
23 64 5
23 65 87
23 66 30
23 67 65
23 68 18
23 69 44
23 70 2
23 71 9
23 72 32
23 73 81
23 74 62
23 75 12
23 76 93
23 77 68
23 78 66
23 79 60
23 80 63
23 81 100
23 82 96
23 83 96
23 84 73
23 85 56
23 86 55
23 87 45
23 88 100
23 89 60
23 90 67
23 91 69
23 92 89
23 93 94
23 94 86
23 95 20
23 96 55
23 97 48
24 25 82
24 26 100
24 27 21
24 28 7
24 29 53
24 30 42
24 31 82
24 32 17
24 33 16
24 34 88
24 35 97
24 36 4
24 37 2
24 38 38
24 39 73
24 40 77
24 41 97
24 42 55
24 43 48
24 44 97
24 45 55
24 46 23
24 47 53
24 48 50
24 49 15
24 50 54
24 51 90
24 52 37
24 53 42
24 54 92
24 55 12
24 56 90
24 57 91
24 58 62
24 59 79
24 60 16
24 61 8
24 62 15
24 63 35
24 64 49
24 65 100
24 66 26
24 67 90
24 68 4
24 69 49
24 70 68
24 71 69
24 72 83
24 73 29
24 74 35
24 75 74
24 76 80
24 77 56
24 78 60
24 79 20
24 80 65
24 81 9
24 82 28
24 83 61
24 84 94
24 85 19
24 86 10
24 87 25
24 88 69
24 89 46
24 90 5
24 91 35
24 92 87
24 93 68
24 94 88
24 95 99
24 96 65
24 97 61
25 26 38
25 27 2
25 28 10
25 29 36
25 30 77
25 31 41
25 32 8
25 33 57
25 34 1
25 35 30
25 36 97
25 37 26
25 38 89
25 39 83
25 40 8
25 41 16
25 42 68
25 43 25
25 44 14
25 45 70
25 46 55
25 47 11
25 48 96
25 49 69
25 50 4
25 51 56
25 52 83
25 53 20
25 54 25
25 55 91
25 56 2
25 57 55
25 58 58
25 59 35
25 60 81
25 61 88
25 62 35
25 63 28
25 64 63
25 65 18
25 66 90
25 67 71
25 68 37
25 69 60
25 70 85
25 71 6
25 72 78
25 73 52
25 74 97
25 75 29
25 76 72
25 77 29
25 78 44
25 79 35
25 80 35
25 81 98
25 82 55
25 83 28
25 84 8
25 85 68
25 86 95
25 87 92
25 88 81
25 89 71
25 90 22
25 91 92
25 92 80
25 93 34
25 94 15
25 95 50
25 96 73
25 97 93
26 27 90
26 28 29
26 29 29
26 30 56
26 31 58
26 32 16
26 33 35
26 34 65
26 35 27
26 36 82
26 37 30
26 38 85
26 39 14
26 40 85
26 41 80
26 42 67
26 43 47
26 44 8
26 45 48
26 46 74
26 47 97
26 48 3
26 49 80
26 50 48
26 51 68
26 52 70
26 53 16
26 54 70
26 55 57
26 56 59
26 57 82
26 58 86
26 59 74
26 60 46
26 61 79
26 62 73
26 63 74
26 64 17
26 65 52
26 66 96
26 67 74
26 68 77
26 69 90
26 70 30
26 71 28
26 72 29
26 73 25
26 74 17
26 75 15
26 76 10
26 77 86
26 78 37
26 79 14
26 80 44
26 81 25
26 82 76
26 83 60
26 84 43
26 85 72
26 86 29
26 87 44
26 88 35
26 89 36
26 90 82
26 91 14
26 92 59
26 93 24
26 94 96
26 95 64
26 96 98
26 97 43
27 28 58
27 29 3
27 30 3
27 31 55
27 32 16
27 33 94
27 34 84
27 35 61
27 36 50
27 37 74
27 38 93
27 39 75
27 40 63
27 41 45
27 42 73
27 43 5
27 44 44
27 45 69
27 46 17
27 47 24
27 48 38
27 49 51
27 50 62
27 51 79
27 52 13
27 53 91
27 54 28
27 55 60
27 56 91
27 57 59
27 58 97
27 59 5
27 60 88
27 61 43
27 62 83
27 63 3
27 64 34
27 65 2
27 66 37
27 67 65
27 68 29
27 69 49
27 70 1
27 71 74
27 72 81
27 73 78
27 74 5
27 75 77
27 76 74
27 77 82
27 78 1
27 79 78
27 80 94
27 81 28
27 82 72
27 83 2
27 84 39
27 85 72
27 86 78
27 87 92
27 88 82
27 89 22
27 90 92
27 91 17
27 92 9
27 93 90
27 94 85
27 95 51
27 96 82
27 97 46
28 29 19
28 30 21
28 31 32
28 32 34
28 33 88
28 34 75
28 35 84
28 36 18
28 37 15
28 38 47
28 39 46
28 40 82
28 41 6
28 42 47
28 43 45
28 44 38
28 45 99
28 46 4
28 47 14
28 48 28
28 49 77
28 50 54
28 51 99
28 52 95
28 53 17
28 54 20
28 55 68
28 56 74
28 57 50
28 58 64
28 59 97
28 60 73
28 61 94
28 62 50
28 63 46
28 64 47
28 65 27
28 66 15
28 67 65
28 68 87
28 69 15
28 70 2
28 71 67
28 72 5
28 73 81
28 74 79
28 75 30
28 76 77
28 77 96
28 78 93
28 79 84
28 80 36
28 81 5
28 82 53
28 83 70
28 84 54
28 85 80
28 86 87
28 87 32
28 88 50
28 89 38
28 90 73
28 91 27
28 92 39
28 93 44
28 94 50
28 95 1
28 96 53
28 97 8
29 30 70
29 31 57
29 32 92
29 33 12
29 34 6
29 35 80
29 36 12
29 37 49
29 38 67
29 39 48
29 40 33
29 41 13
29 42 12
29 43 42
29 44 92
29 45 98
29 46 29
29 47 74
29 48 64
29 49 12
29 50 34
29 51 41
29 52 28
29 53 74
29 54 6
29 55 76
29 56 25
29 57 28
29 58 30
29 59 14
29 60 12
29 61 71
29 62 80
29 63 58
29 64 74
29 65 70
29 66 52
29 67 88
29 68 39
29 69 28
29 70 23
29 71 29
29 72 35
29 73 48
29 74 33
29 75 42
29 76 12
29 77 34
29 78 47
29 79 18
29 80 34
29 81 65
29 82 53
29 83 95
29 84 69
29 85 81
29 86 59
29 87 44
29 88 73
29 89 39
29 90 64
29 91 44
29 92 38
29 93 100
29 94 33
29 95 33
29 96 77
29 97 98
30 31 56
30 32 38
30 33 38
30 34 19
30 35 41
30 36 81
30 37 80
30 38 30
30 39 84
30 40 8
30 41 75
30 42 85
30 43 76
30 44 52
30 45 98
30 46 70
30 47 15
30 48 84
30 49 42
30 50 79
30 51 10
30 52 19
30 53 42
30 54 26
30 55 74
30 56 50
30 57 40
30 58 32
30 59 18
30 60 79
30 61 66
30 62 51
30 63 46
30 64 46
30 65 29
30 66 71
30 67 17
30 68 29
30 69 55
30 70 74
30 71 17
30 72 44
30 73 47
30 74 63
30 75 78
30 76 17
30 77 39
30 78 93
30 79 26
30 80 14
30 81 23
30 82 71
30 83 51
30 84 34
30 85 49
30 86 8
30 87 50
30 88 75
30 89 80
30 90 64
30 91 33
30 92 64
30 93 53
30 94 6
30 95 53
30 96 99
30 97 81
31 32 1
31 33 90
31 34 30
31 35 72
31 36 46
31 37 98
31 38 77
31 39 44
31 40 11
31 41 47
31 42 16
31 43 10
31 44 55
31 45 21
31 46 18
31 47 88
31 48 41
31 49 6
31 50 84
31 51 58
31 52 48
31 53 89
31 54 63
31 55 20
31 56 5
31 57 3
31 58 93
31 59 86
31 60 97
31 61 43
31 62 38
31 63 89
31 64 16
31 65 75
31 66 51
31 67 18
31 68 76
31 69 99
31 70 59
31 71 92
31 72 40
31 73 41
31 74 37
31 75 98
31 76 36
31 77 95
31 78 54
31 79 86
31 80 38
31 81 88
31 82 75
31 83 87
31 84 53
31 85 10
31 86 59
31 87 50
31 88 70
31 89 43
31 90 85
31 91 11
31 92 29
31 93 92
31 94 80
31 95 35
31 96 31
31 97 54
32 33 86
32 34 72
32 35 34
32 36 34
32 37 3
32 38 88
32 39 6
32 40 25
32 41 18
32 42 42
32 43 24
32 44 30
32 45 44
32 46 77
32 47 44
32 48 65
32 49 100
32 50 63
32 51 15
32 52 65
32 53 20
32 54 6
32 55 89
32 56 70
32 57 79
32 58 13
32 59 54
32 60 48
32 61 48
32 62 85
32 63 4
32 64 39
32 65 10
32 66 3
32 67 64
32 68 27
32 69 54
32 70 67
32 71 79
32 72 17
32 73 47
32 74 31
32 75 33
32 76 46
32 77 59
32 78 17
32 79 54
32 80 24
32 81 61
32 82 67
32 83 70
32 84 21
32 85 58
32 86 81
32 87 27
32 88 55
32 89 3
32 90 87
32 91 92
32 92 100
32 93 29
32 94 76
32 95 61
32 96 31
32 97 35
33 34 5
33 35 44
33 36 99
33 37 24
33 38 46
33 39 82
33 40 7
33 41 33
33 42 86
33 43 81
33 44 82
33 45 95
33 46 42
33 47 81
33 48 71
33 49 55
33 50 51
33 51 46
33 52 11
33 53 81
33 54 60
33 55 75
33 56 94
33 57 21
33 58 97
33 59 45
33 60 31
33 61 78
33 62 63
33 63 12
33 64 98
33 65 56
33 66 19
33 67 56
33 68 72
33 69 33
33 70 55
33 71 1
33 72 60
33 73 45
33 74 12
33 75 93
33 76 43
33 77 62
33 78 15
33 79 63
33 80 65
33 81 37
33 82 36
33 83 63
33 84 70
33 85 95
33 86 21
33 87 5
33 88 5
33 89 48
33 90 65
33 91 6
33 92 73
33 93 75
33 94 71
33 95 27
33 96 21
33 97 99
34 35 96
34 36 20
34 37 51
34 38 55
34 39 42
34 40 36
34 41 41
34 42 32
34 43 22
34 44 93
34 45 92
34 46 37
34 47 18
34 48 58
34 49 93
34 50 80
34 51 54
34 52 41
34 53 24
34 54 33
34 55 89
34 56 44
34 57 36
34 58 93
34 59 77
34 60 8
34 61 58
34 62 46
34 63 48
34 64 40
34 65 3
34 66 91
34 67 98
34 68 29
34 69 67
34 70 65
34 71 10
34 72 58
34 73 44
34 74 97
34 75 23
34 76 61
34 77 2
34 78 59
34 79 68
34 80 19
34 81 5
34 82 44
34 83 6
34 84 38
34 85 32
34 86 76
34 87 79
34 88 8
34 89 21
34 90 49
34 91 43
34 92 59
34 93 16
34 94 47
34 95 81
34 96 47
34 97 51
35 36 56
35 37 62
35 38 48
35 39 36
35 40 19
35 41 23
35 42 37
35 43 63
35 44 12
35 45 5
35 46 89
35 47 8
35 48 99
35 49 92
35 50 70
35 51 87
35 52 7
35 53 24
35 54 64
35 55 21
35 56 28
35 57 16
35 58 10
35 59 87
35 60 3
35 61 41
35 62 58
35 63 3
35 64 28
35 65 5
35 66 21
35 67 17
35 68 59
35 69 96
35 70 15
35 71 15
35 72 2
35 73 58
35 74 48
35 75 19
35 76 59
35 77 87
35 78 30
35 79 99
35 80 35
35 81 93
35 82 99
35 83 16
35 84 60
35 85 66
35 86 43
35 87 52
35 88 32
35 89 14
35 90 90
35 91 58
35 92 64
35 93 58
35 94 52
35 95 8
35 96 48
35 97 9
36 37 52
36 38 87
36 39 91
36 40 83
36 41 80
36 42 29
36 43 95
36 44 29
36 45 3
36 46 91
36 47 75
36 48 83
36 49 16
36 50 60
36 51 68
36 52 75
36 53 4
36 54 28
36 55 71
36 56 23
36 57 40
36 58 46
36 59 4
36 60 44
36 61 30
36 62 28
36 63 44
36 64 24
36 65 24
36 66 43
36 67 90
36 68 48
36 69 39
36 70 88
36 71 66
36 72 22
36 73 91
36 74 83
36 75 55
36 76 97
36 77 87
36 78 14
36 79 10
36 80 99
36 81 10
36 82 91
36 83 15
36 84 68
36 85 4
36 86 98
36 87 4
36 88 16
36 89 35
36 90 55
36 91 30
36 92 11
36 93 70
36 94 4
36 95 91
36 96 55
36 97 24
37 38 12
37 39 5
37 40 64
37 41 90
37 42 99
37 43 40
37 44 15
37 45 90
37 46 87
37 47 89
37 48 15
37 49 57
37 50 75
37 51 48
37 52 87
37 53 24
37 54 90
37 55 35
37 56 61
37 57 17
37 58 62
37 59 85
37 60 23
37 61 66
37 62 36
37 63 95
37 64 76
37 65 73
37 66 50
37 67 59
37 68 91
37 69 45
37 70 7
37 71 86
37 72 95
37 73 58
37 74 72
37 75 68
37 76 94
37 77 97
37 78 79
37 79 28
37 80 17
37 81 43
37 82 58
37 83 11
37 84 79
37 85 7
37 86 99
37 87 24
37 88 22
37 89 77
37 90 83
37 91 21
37 92 63
37 93 13
37 94 73
37 95 18
37 96 64
37 97 15
38 39 94
38 40 70
38 41 55
38 42 79
38 43 70
38 44 74
38 45 23
38 46 21
38 47 52
38 48 10
38 49 87
38 50 41
38 51 72
38 52 63
38 53 27
38 54 5
38 55 65
38 56 48
38 57 70
38 58 18
38 59 47
38 60 51
38 61 93
38 62 12
38 63 83
38 64 64
38 65 46
38 66 15
38 67 3
38 68 16
38 69 12
38 70 69
38 71 90
38 72 83
38 73 66
38 74 28
38 75 73
38 76 74
38 77 13
38 78 60
38 79 21
38 80 26
38 81 59
38 82 6
38 83 24
38 84 58
38 85 98
38 86 98
38 87 63
38 88 38
38 89 7
38 90 67
38 91 46
38 92 87
38 93 36
38 94 96
38 95 75
38 96 36
38 97 53
39 40 27
39 41 46
39 42 87
39 43 83
39 44 41
39 45 21
39 46 93
39 47 83
39 48 68
39 49 26
39 50 80
39 51 57
39 52 92
39 53 68
39 54 28
39 55 48
39 56 5
39 57 14
39 58 98
39 59 15
39 60 53
39 61 25
39 62 83
39 63 24
39 64 55
39 65 88
39 66 68
39 67 36
39 68 50
39 69 5
39 70 4
39 71 53
39 72 50
39 73 91
39 74 90
39 75 73
39 76 54
39 77 44
39 78 9
39 79 13
39 80 65
39 81 89
39 82 9
39 83 92
39 84 48
39 85 85
39 86 41
39 87 57
39 88 80
39 89 10
39 90 89
39 91 39
39 92 88
39 93 19
39 94 43
39 95 46
39 96 32
39 97 6
40 41 80
40 42 48
40 43 68
40 44 3
40 45 36
40 46 61
40 47 91
40 48 30
40 49 73
40 50 68
40 51 90
40 52 18
40 53 24
40 54 51
40 55 91
40 56 5
40 57 13
40 58 91
40 59 2
40 60 44
40 61 78
40 62 60
40 63 62
40 64 7
40 65 49
40 66 48
40 67 26
40 68 38
40 69 37
40 70 69
40 71 17
40 72 12
40 73 62
40 74 52
40 75 54
40 76 96
40 77 79
40 78 78
40 79 3
40 80 18
40 81 82
40 82 56
40 83 74
40 84 61
40 85 34
40 86 16
40 87 87
40 88 24
40 89 16
40 90 72
40 91 57
40 92 27
40 93 29
40 94 97
40 95 78
40 96 83
40 97 76
41 42 42
41 43 19
41 44 5
41 45 80
41 46 4
41 47 76
41 48 1
41 49 75
41 50 33
41 51 35
41 52 86
41 53 31
41 54 57
41 55 90
41 56 61
41 57 24
41 58 49
41 59 57
41 60 31
41 61 36
41 62 36
41 63 40
41 64 88
41 65 25
41 66 70
41 67 54
41 68 42
41 69 3
41 70 31
41 71 64
41 72 27
41 73 26
41 74 64
41 75 61
41 76 36
41 77 33
41 78 78
41 79 80
41 80 8
41 81 43
41 82 72
41 83 94
41 84 2
41 85 93
41 86 82
41 87 98
41 88 38
41 89 43
41 90 71
41 91 15
41 92 65
41 93 23
41 94 8
41 95 98
41 96 46
41 97 20
42 43 31
42 44 77
42 45 60
42 46 1
42 47 70
42 48 20
42 49 40
42 50 56
42 51 11
42 52 92
42 53 39
42 54 7
42 55 83
42 56 56
42 57 36
42 58 43
42 59 39
42 60 1
42 61 67
42 62 93
42 63 57
42 64 79
42 65 21
42 66 76
42 67 98
42 68 33
42 69 64
42 70 21
42 71 82
42 72 65
42 73 71
42 74 17
42 75 58
42 76 95
42 77 68
42 78 77
42 79 78
42 80 7
42 81 58
42 82 58
42 83 29
42 84 14
42 85 94
42 86 99
42 87 72
42 88 45
42 89 46
42 90 95
42 91 47
42 92 29
42 93 90
42 94 29
42 95 7
42 96 51
42 97 2
43 44 43
43 45 82
43 46 12
43 47 87
43 48 92
43 49 55
43 50 58
43 51 76
43 52 29
43 53 89
43 54 48
43 55 97
43 56 36
43 57 24
43 58 38
43 59 22
43 60 65
43 61 17
43 62 73
43 63 54
43 64 29
43 65 30
43 66 32
43 67 46
43 68 49
43 69 49
43 70 97
43 71 17
43 72 50
43 73 21
43 74 71
43 75 61
43 76 61
43 77 87
43 78 79
43 79 68
43 80 99
43 81 39
43 82 59
43 83 1
43 84 89
43 85 21
43 86 43
43 87 41
43 88 34
43 89 38
43 90 71
43 91 20
43 92 50
43 93 94
43 94 87
43 95 44
43 96 37
43 97 39
44 45 33
44 46 97
44 47 4
44 48 43
44 49 45
44 50 56
44 51 24
44 52 20
44 53 73
44 54 31
44 55 24
44 56 77
44 57 63
44 58 47
44 59 47
44 60 8
44 61 19
44 62 8
44 63 76
44 64 59
44 65 3
44 66 82
44 67 6
44 68 88
44 69 33
44 70 54
44 71 55
44 72 28
44 73 58
44 74 64
44 75 76
44 76 23
44 77 58
44 78 23
44 79 95
44 80 63
44 81 63
44 82 98
44 83 49
44 84 3
44 85 80
44 86 7
44 87 95
44 88 50
44 89 39
44 90 51
44 91 71
44 92 58
44 93 29
44 94 46
44 95 30
44 96 48
44 97 65
45 46 33
45 47 59
45 48 72
45 49 78
45 50 68
45 51 9
45 52 11
45 53 52
45 54 69
45 55 53
45 56 27
45 57 90
45 58 36
45 59 7
45 60 67
45 61 56
45 62 2
45 63 46
45 64 45
45 65 16
45 66 72
45 67 20
45 68 72
45 69 67
45 70 38
45 71 26
45 72 44
45 73 83
45 74 54
45 75 83
45 76 14
45 77 5
45 78 18
45 79 41
45 80 74
45 81 65
45 82 7
45 83 38
45 84 28
45 85 90
45 86 98
45 87 70
45 88 71
45 89 30
45 90 74
45 91 3
45 92 63
45 93 43
45 94 19
45 95 95
45 96 13
45 97 62
46 47 73
46 48 13
46 49 12
46 50 9
46 51 82
46 52 64
46 53 89
46 54 8
46 55 87
46 56 50
46 57 68
46 58 44
46 59 59
46 60 12
46 61 88
46 62 64
46 63 39
46 64 71
46 65 77
46 66 9
46 67 97
46 68 30
46 69 19
46 70 13
46 71 85
46 72 53
46 73 64
46 74 88
46 75 91
46 76 30
46 77 62
46 78 96
46 79 62
46 80 19
46 81 22
46 82 63
46 83 30
46 84 32
46 85 10
46 86 13
46 87 42
46 88 92
46 89 80
46 90 20
46 91 48
46 92 27
46 93 20
46 94 64
46 95 75
46 96 90
46 97 41
47 48 90
47 49 40
47 50 69
47 51 33
47 52 75
47 53 35
47 54 27
47 55 54
47 56 19
47 57 17
47 58 67
47 59 78
47 60 67
47 61 64
47 62 11
47 63 56
47 64 5
47 65 77
47 66 71
47 67 13
47 68 55
47 69 63
47 70 34
47 71 80
47 72 27
47 73 20
47 74 65
47 75 94
47 76 75
47 77 29
47 78 88
47 79 44
47 80 10
47 81 69
47 82 29
47 83 86
47 84 35
47 85 96
47 86 22
47 87 98
47 88 80
47 89 58
47 90 82
47 91 100
47 92 2
47 93 40
47 94 89
47 95 99
47 96 95
47 97 17
48 49 37
48 50 98
48 51 43
48 52 53
48 53 94
48 54 75
48 55 37
48 56 59
48 57 45
48 58 14
48 59 65
48 60 67
48 61 4
48 62 9
48 63 86
48 64 8
48 65 23
48 66 54
48 67 60
48 68 80
48 69 66
48 70 51
48 71 56
48 72 44
48 73 79
48 74 55
48 75 86
48 76 85
48 77 14
48 78 27
48 79 89
48 80 98
48 81 81
48 82 26
48 83 37
48 84 17
48 85 33
48 86 23
48 87 75
48 88 90
48 89 37
48 90 15
48 91 83
48 92 5
48 93 4
48 94 14
48 95 44
48 96 43
48 97 84
49 50 51
49 51 22
49 52 14
49 53 43
49 54 96
49 55 73
49 56 27
49 57 42
49 58 60
49 59 72
49 60 50
49 61 77
49 62 62
49 63 43
49 64 20
49 65 67
49 66 79
49 67 14
49 68 92
49 69 76
49 70 18
49 71 4
49 72 59
49 73 94
49 74 71
49 75 33
49 76 62
49 77 73
49 78 4
49 79 67
49 80 77
49 81 50
49 82 5
49 83 21
49 84 72
49 85 25
49 86 18
49 87 77
49 88 44
49 89 43
49 90 86
49 91 98
49 92 57
49 93 41
49 94 63
49 95 4
49 96 66
49 97 81
50 51 82
50 52 51
50 53 32
50 54 36
50 55 54
50 56 40
50 57 34
50 58 96
50 59 51
50 60 20
50 61 27
50 62 8
50 63 32
50 64 100
50 65 25
50 66 9
50 67 35
50 68 82
50 69 69
50 70 76
50 71 39
50 72 21
50 73 38
50 74 79
50 75 76
50 76 67
50 77 46
50 78 65
50 79 33
50 80 52
50 81 4
50 82 34
50 83 77
50 84 92
50 85 46
50 86 50
50 87 49
50 88 41
50 89 70
50 90 20
50 91 14
50 92 33
50 93 63
50 94 89
50 95 37
50 96 60
50 97 55
51 52 32
51 53 57
51 54 36
51 55 15
51 56 86
51 57 88
51 58 80
51 59 96
51 60 57
51 61 9
51 62 11
51 63 96
51 64 65
51 65 91
51 66 79
51 67 7
51 68 51
51 69 96
51 70 18
51 71 93
51 72 4
51 73 50
51 74 62
51 75 79
51 76 24
51 77 94
51 78 37
51 79 93
51 80 61
51 81 84
51 82 65
51 83 75
51 84 45
51 85 25
51 86 55
51 87 93
51 88 16
51 89 6
51 90 96
51 91 89
51 92 76
51 93 12
51 94 75
51 95 17
51 96 81
51 97 97
52 53 70
52 54 58
52 55 81
52 56 36
52 57 38
52 58 48
52 59 13
52 60 76
52 61 21
52 62 66
52 63 48
52 64 20
52 65 33
52 66 36
52 67 83
52 68 5
52 69 1
52 70 46
52 71 29
52 72 49
52 73 63
52 74 70
52 75 15
52 76 75
52 77 92
52 78 16
52 79 33
52 80 78
52 81 12
52 82 97
52 83 30
52 84 60
52 85 9
52 86 63
52 87 18
52 88 90
52 89 80
52 90 53
52 91 36
52 92 98
52 93 42
52 94 29
52 95 77
52 96 88
52 97 23
53 54 85
53 55 94
53 56 2
53 57 64
53 58 34
53 59 48
53 60 96
53 61 3
53 62 73
53 63 16
53 64 44
53 65 89
53 66 46
53 67 17
53 68 67
53 69 84
53 70 69
53 71 46
53 72 14
53 73 100
53 74 44
53 75 38
53 76 82
53 77 86
53 78 23
53 79 34
53 80 43
53 81 27
53 82 93
53 83 21
53 84 1
53 85 39
53 86 44
53 87 89
53 88 36
53 89 2
53 90 71
53 91 88
53 92 10
53 93 5
53 94 36
53 95 31
53 96 20
53 97 50
54 55 91
54 56 84
54 57 33
54 58 15
54 59 61
54 60 97
54 61 88
54 62 11
54 63 18
54 64 54
54 65 9
54 66 14
54 67 27
54 68 75
54 69 63
54 70 44
54 71 8
54 72 7
54 73 46
54 74 46
54 75 40
54 76 6
54 77 39
54 78 52
54 79 73
54 80 61
54 81 62
54 82 12
54 83 41
54 84 70
54 85 87
54 86 10
54 87 61
54 88 59
54 89 78
54 90 3
54 91 63
54 92 52
54 93 27
54 94 92
54 95 73
54 96 27
54 97 59
55 56 97
55 57 48
55 58 79
55 59 95
55 60 72
55 61 8
55 62 94
55 63 28
55 64 84
55 65 40
55 66 43
55 67 22
55 68 48
55 69 53
55 70 57
55 71 83
55 72 16
55 73 41
55 74 30
55 75 83
55 76 90
55 77 24
55 78 10
55 79 47
55 80 98
55 81 14
55 82 21
55 83 40
55 84 33
55 85 4
55 86 70
55 87 17
55 88 41
55 89 74
55 90 12
55 91 73
55 92 18
55 93 99
55 94 100
55 95 79
55 96 36
55 97 25
56 57 18
56 58 61
56 59 78
56 60 73
56 61 23
56 62 18
56 63 80
56 64 36
56 65 83
56 66 72
56 67 27
56 68 72
56 69 45
56 70 30
56 71 83
56 72 40
56 73 12
56 74 2
56 75 65
56 76 59
56 77 17
56 78 20
56 79 89
56 80 59
56 81 5
56 82 14
56 83 44
56 84 77
56 85 21
56 86 44
56 87 79
56 88 78
56 89 5
56 90 23
56 91 55
56 92 23
56 93 34
56 94 33
56 95 9
56 96 27
56 97 81
57 58 64
57 59 98
57 60 86
57 61 30
57 62 94
57 63 94
57 64 15
57 65 53
57 66 92
57 67 57
57 68 42
57 69 10
57 70 16
57 71 7
57 72 65
57 73 49
57 74 59
57 75 90
57 76 19
57 77 54
57 78 6
57 79 8
57 80 67
57 81 13
57 82 64
57 83 15
57 84 5
57 85 91
57 86 46
57 87 75
57 88 15
57 89 45
57 90 57
57 91 26
57 92 34
57 93 27
57 94 17
57 95 9
57 96 96
57 97 54
58 59 34
58 60 13
58 61 55
58 62 78
58 63 78
58 64 97
58 65 81
58 66 47
58 67 98
58 68 2
58 69 98
58 70 97
58 71 69
58 72 99
58 73 28
58 74 13
58 75 54
58 76 97
58 77 9
58 78 64
58 79 1
58 80 13
58 81 32
58 82 54
58 83 34
58 84 75
58 85 72
58 86 80
58 87 28
58 88 29
58 89 76
58 90 78
58 91 48
58 92 42
58 93 27
58 94 32
58 95 34
58 96 49
58 97 85
59 60 22
59 61 59
59 62 7
59 63 94
59 64 76
59 65 2
59 66 1
59 67 71
59 68 28
59 69 84
59 70 24
59 71 28
59 72 42
59 73 58
59 74 27
59 75 17
59 76 36
59 77 72
59 78 94
59 79 74
59 80 14
59 81 28
59 82 58
59 83 46
59 84 10
59 85 35
59 86 70
59 87 24
59 88 71
59 89 65
59 90 49
59 91 22
59 92 15
59 93 33
59 94 88
59 95 63
59 96 21
59 97 27
60 61 86
60 62 88
60 63 14
60 64 57
60 65 88
60 66 31
60 67 12
60 68 40
60 69 74
60 70 22
60 71 68
60 72 26
60 73 93
60 74 12
60 75 90
60 76 49
60 77 14
60 78 96
60 79 63
60 80 86
60 81 34
60 82 95
60 83 22
60 84 26
60 85 4
60 86 62
60 87 67
60 88 78
60 89 51
60 90 41
60 91 100
60 92 17
60 93 64
60 94 39
60 95 65
60 96 98
60 97 58
61 62 82
61 63 33
61 64 36
61 65 96
61 66 47
61 67 29
61 68 80
61 69 17
61 70 66
61 71 35
61 72 16
61 73 73
61 74 26
61 75 41
61 76 43
61 77 23
61 78 67
61 79 59
61 80 22
61 81 42
61 82 26
61 83 22
61 84 8
61 85 16
61 86 65
61 87 72
61 88 36
61 89 54
61 90 13
61 91 91
61 92 66
61 93 50
61 94 96
61 95 28
61 96 91
61 97 6
62 63 62
62 64 25
62 65 100
62 66 51
62 67 8
62 68 87
62 69 95
62 70 95
62 71 63
62 72 89
62 73 30
62 74 89
62 75 44
62 76 6
62 77 96
62 78 85
62 79 7
62 80 55
62 81 59
62 82 66
62 83 41
62 84 87
62 85 7
62 86 30
62 87 73
62 88 96
62 89 54
62 90 43
62 91 27
62 92 27
62 93 42
62 94 92
62 95 29
62 96 97
62 97 95
63 64 18
63 65 99
63 66 52
63 67 65
63 68 57
63 69 52
63 70 80
63 71 10
63 72 18
63 73 60
63 74 90
63 75 46
63 76 15
63 77 91
63 78 26
63 79 19
63 80 90
63 81 91
63 82 14
63 83 21
63 84 5
63 85 79
63 86 10
63 87 95
63 88 1
63 89 23
63 90 98
63 91 84
63 92 58
63 93 64
63 94 75
63 95 16
63 96 90
63 97 29
64 65 83
64 66 13
64 67 39
64 68 16
64 69 34
64 70 55
64 71 79
64 72 53
64 73 68
64 74 79
64 75 78
64 76 15
64 77 45
64 78 67
64 79 92
64 80 62
64 81 22
64 82 17
64 83 90
64 84 50
64 85 21
64 86 15
64 87 63
64 88 67
64 89 22
64 90 49
64 91 17
64 92 26
64 93 67
64 94 32
64 95 17
64 96 50
64 97 4
65 66 80
65 67 65
65 68 67
65 69 16
65 70 8
65 71 15
65 72 75
65 73 3
65 74 23
65 75 39
65 76 4
65 77 16
65 78 98
65 79 76
65 80 96
65 81 40
65 82 73
65 83 50
65 84 2
65 85 92
65 86 93
65 87 91
65 88 9
65 89 97
65 90 30
65 91 6
65 92 72
65 93 33
65 94 91
65 95 17
65 96 66
65 97 1
66 67 98
66 68 94
66 69 35
66 70 71
66 71 56
66 72 45
66 73 52
66 74 58
66 75 82
66 76 54
66 77 4
66 78 25
66 79 27
66 80 65
66 81 57
66 82 64
66 83 63
66 84 83
66 85 13
66 86 69
66 87 51
66 88 38
66 89 62
66 90 96
66 91 51
66 92 78
66 93 25
66 94 97
66 95 99
66 96 56
66 97 74
67 68 26
67 69 71
67 70 76
67 71 47
67 72 61
67 73 76
67 74 88
67 75 56
67 76 51
67 77 52
67 78 6
67 79 52
67 80 38
67 81 13
67 82 65
67 83 64
67 84 8
67 85 3
67 86 30
67 87 1
67 88 10
67 89 10
67 90 59
67 91 73
67 92 47
67 93 23
67 94 46
67 95 46
67 96 55
67 97 68
68 69 95
68 70 32
68 71 51
68 72 61
68 73 41
68 74 61
68 75 10
68 76 47
68 77 98
68 78 98
68 79 25
68 80 4
68 81 11
68 82 46
68 83 57
68 84 66
68 85 92
68 86 22
68 87 17
68 88 96
68 89 47
68 90 36
68 91 78
68 92 21
68 93 87
68 94 7
68 95 20
68 96 24
68 97 71
69 70 54
69 71 67
69 72 83
69 73 47
69 74 73
69 75 30
69 76 63
69 77 45
69 78 18
69 79 15
69 80 73
69 81 88
69 82 49
69 83 54
69 84 12
69 85 53
69 86 23
69 87 94
69 88 36
69 89 73
69 90 37
69 91 69
69 92 59
69 93 4
69 94 38
69 95 34
69 96 76
69 97 98
70 71 40
70 72 70
70 73 46
70 74 12
70 75 9
70 76 10
70 77 10
70 78 36
70 79 27
70 80 21
70 81 99
70 82 82
70 83 2
70 84 52
70 85 45
70 86 43
70 87 12
70 88 13
70 89 61
70 90 2
70 91 97
70 92 18
70 93 78
70 94 62
70 95 15
70 96 22
70 97 80
71 72 24
71 73 24
71 74 55
71 75 90
71 76 44
71 77 50
71 78 80
71 79 23
71 80 97
71 81 19
71 82 25
71 83 67
71 84 88
71 85 72
71 86 67
71 87 24
71 88 33
71 89 7
71 90 96
71 91 16
71 92 89
71 93 47
71 94 14
71 95 47
71 96 28
71 97 7
72 73 85
72 74 8
72 75 69
72 76 78
72 77 90
72 78 68
72 79 86
72 80 87
72 81 82
72 82 92
72 83 31
72 84 85
72 85 57
72 86 5
72 87 86
72 88 50
72 89 34
72 90 54
72 91 92
72 92 54
72 93 91
72 94 31
72 95 15
72 96 30
72 97 3
73 74 68
73 75 50
73 76 1
73 77 49
73 78 67
73 79 40
73 80 26
73 81 64
73 82 54
73 83 93
73 84 98
73 85 91
73 86 44
73 87 1
73 88 18
73 89 16
73 90 81
73 91 32
73 92 82
73 93 49
73 94 34
73 95 38
73 96 13
73 97 4
74 75 30
74 76 83
74 77 27
74 78 62
74 79 81
74 80 72
74 81 53
74 82 88
74 83 100
74 84 98
74 85 6
74 86 35
74 87 96
74 88 4
74 89 50
74 90 4
74 91 27
74 92 1
74 93 20
74 94 59
74 95 81
74 96 8
74 97 69
75 76 11
75 77 30
75 78 5
75 79 63
75 80 95
75 81 14
75 82 75
75 83 54
75 84 95
75 85 80
75 86 26
75 87 41
75 88 7
75 89 61
75 90 80
75 91 92
75 92 77
75 93 62
75 94 81
75 95 87
75 96 38
75 97 85
76 77 22
76 78 38
76 79 15
76 80 45
76 81 3
76 82 28
76 83 47
76 84 16
76 85 29
76 86 78
76 87 54
76 88 2
76 89 25
76 90 76
76 91 82
76 92 26
76 93 73
76 94 72
76 95 38
76 96 61
76 97 94
77 78 87
77 79 91
77 80 15
77 81 68
77 82 46
77 83 46
77 84 43
77 85 56
77 86 79
77 87 73
77 88 65
77 89 41
77 90 17
77 91 36
77 92 4
77 93 43
77 94 38
77 95 71
77 96 66
77 97 18
78 79 62
78 80 15
78 81 8
78 82 47
78 83 66
78 84 5
78 85 2
78 86 85
78 87 92
78 88 9
78 89 79
78 90 50
78 91 11
78 92 79
78 93 32
78 94 100
78 95 68
78 96 48
78 97 56
79 80 51
79 81 5
79 82 92
79 83 62
79 84 80
79 85 30
79 86 88
79 87 72
79 88 92
79 89 32
79 90 98
79 91 61
79 92 55
79 93 6
79 94 24
79 95 41
79 96 76
79 97 86
80 81 77
80 82 41
80 83 7
80 84 93
80 85 14
80 86 12
80 87 41
80 88 62
80 89 39
80 90 15
80 91 100
80 92 35
80 93 40
80 94 70
80 95 92
80 96 82
80 97 27
81 82 38
81 83 45
81 84 59
81 85 33
81 86 46
81 87 48
81 88 81
81 89 70
81 90 83
81 91 68
81 92 72
81 93 16
81 94 22
81 95 5
81 96 4
81 97 74
82 83 83
82 84 99
82 85 63
82 86 7
82 87 67
82 88 35
82 89 15
82 90 84
82 91 34
82 92 14
82 93 11
82 94 52
82 95 47
82 96 83
82 97 34
83 84 29
83 85 59
83 86 88
83 87 67
83 88 70
83 89 18
83 90 38
83 91 68
83 92 34
83 93 72
83 94 88
83 95 63
83 96 27
83 97 97
84 85 78
84 86 14
84 87 30
84 88 25
84 89 15
84 90 38
84 91 5
84 92 18
84 93 85
84 94 30
84 95 8
84 96 54
84 97 24
85 86 33
85 87 57
85 88 14
85 89 63
85 90 19
85 91 21
85 92 11
85 93 25
85 94 36
85 95 96
85 96 93
85 97 81
86 87 2
86 88 79
86 89 55
86 90 95
86 91 77
86 92 32
86 93 17
86 94 97
86 95 36
86 96 1
86 97 31
87 88 62
87 89 40
87 90 26
87 91 90
87 92 73
87 93 10
87 94 67
87 95 45
87 96 98
87 97 96
88 89 55
88 90 22
88 91 77
88 92 71
88 93 74
88 94 8
88 95 1
88 96 2
88 97 87
89 90 36
89 91 12
89 92 46
89 93 90
89 94 38
89 95 1
89 96 81
89 97 48
90 91 85
90 92 92
90 93 8
90 94 4
90 95 29
90 96 64
90 97 11
91 92 33
91 93 39
91 94 23
91 95 69
91 96 86
91 97 69
92 93 14
92 94 63
92 95 50
92 96 28
92 97 43
93 94 97
93 95 41
93 96 23
93 97 33
94 95 7
94 96 26
94 97 87
95 96 49
95 97 39
96 97 25
