29 406 28
1 2 80
1 3 98
1 4 65
1 5 3
1 6 31
1 7 100
1 8 97
1 9 79
1 10 7
1 11 4
1 12 89
1 13 80
1 14 43
1 15 81
1 16 15
1 17 41
1 18 79
1 19 77
1 20 14
1 21 9
1 22 55
1 23 22
1 24 41
1 25 20
1 26 68
1 27 97
1 28 74
1 29 9
2 3 1
2 4 13
2 5 1
2 6 94
2 7 9
2 8 46
2 9 12
2 10 50
2 11 17
2 12 73
2 13 100
2 14 98
2 15 50
2 16 12
2 17 30
2 18 25
2 19 58
2 20 21
2 21 51
2 22 39
2 23 60
2 24 56
2 25 30
2 26 23
2 27 3
2 28 60
2 29 66
3 4 36
3 5 57
3 6 84
3 7 14
3 8 46
3 9 84
3 10 66
3 11 78
3 12 27
3 13 14
3 14 54
3 15 84
3 16 26
3 17 81
3 18 75
3 19 83
3 20 90
3 21 94
3 22 38
3 23 2
3 24 67
3 25 71
3 26 19
3 27 52
3 28 50
3 29 42
4 5 42
4 6 89
4 7 51
4 8 32
4 9 88
4 10 40
4 11 97
4 12 5
4 13 13
4 14 12
4 15 10
4 16 74
4 17 53
4 18 31
4 19 54
4 20 2
4 21 31
4 22 94
4 23 78
4 24 25
4 25 86
4 26 53
4 27 36
4 28 70
4 29 18
5 6 57
5 7 17
5 8 39
5 9 12
5 10 97
5 11 3
5 12 24
5 13 97
5 14 92
5 15 14
5 16 44
5 17 51
5 18 22
5 19 5
5 20 99
5 21 40
5 22 32
5 23 93
5 24 5
5 25 10
5 26 32
5 27 13
5 28 62
5 29 35
6 7 67
6 8 47
6 9 100
6 10 53
6 11 49
6 12 24
6 13 24
6 14 62
6 15 30
6 16 48
6 17 100
6 18 83
6 19 92
6 20 19
6 21 41
6 22 23
6 23 26
6 24 86
6 25 13
6 26 78
6 27 89
6 28 87
6 29 31
7 8 62
7 9 73
7 10 99
7 11 16
7 12 2
7 13 19
7 14 50
7 15 50
7 16 27
7 17 39
7 18 45
7 19 84
7 20 67
7 21 32
7 22 60
7 23 19
7 24 90
7 25 99
7 26 79
7 27 4
7 28 64
7 29 66
8 9 29
8 10 32
8 11 77
8 12 50
8 13 95
8 14 57
8 15 36
8 16 8
8 17 94
8 18 9
8 19 44
8 20 93
8 21 33
8 22 79
8 23 5
8 24 7
8 25 52
8 26 82
8 27 61
8 28 21
8 29 62
9 10 87
9 11 49
9 12 47
9 13 61
9 14 88
9 15 44
9 16 5
9 17 13
9 18 14
9 19 37
9 20 74
9 21 47
9 22 28
9 23 67
9 24 57
9 25 34
9 26 89
9 27 78
9 28 46
9 29 34
10 11 88
10 12 92
10 13 23
10 14 73
10 15 72
10 16 7
10 17 86
10 18 1
10 19 97
10 20 11
10 21 3
10 22 63
10 23 47
10 24 33
10 25 14
10 26 43
10 27 7
10 28 18
10 29 44
11 12 11
11 13 24
11 14 8
11 15 95
11 16 54
11 17 79
11 18 64
11 19 81
11 20 76
11 21 50
11 22 56
11 23 3
11 24 2
11 25 98
11 26 26
11 27 49
11 28 49
11 29 68
12 13 17
12 14 100
12 15 57
12 16 38
12 17 90
12 18 38
12 19 24
12 20 20
12 21 36
12 22 32
12 23 24
12 24 3
12 25 34
12 26 41
12 27 25
12 28 83
12 29 39
13 14 70
13 15 65
13 16 11
13 17 69
13 18 33
13 19 45
13 20 60
13 21 40
13 22 21
13 23 69
13 24 34
13 25 82
13 26 83
13 27 3
13 28 55
13 29 96
14 15 63
14 16 2
14 17 64
14 18 11
14 19 78
14 20 34
14 21 14
14 22 53
14 23 89
14 24 90
14 25 58
14 26 37
14 27 96
14 28 31
14 29 38
15 16 1
15 17 84
15 18 100
15 19 54
15 20 21
15 21 74
15 22 76
15 23 25
15 24 74
15 25 40
15 26 74
15 27 13
15 28 52
15 29 78
16 17 46
16 18 90
16 19 72
16 20 97
16 21 34
16 22 36
16 23 63
16 24 85
16 25 59
16 26 65
16 27 38
16 28 60
16 29 79
17 18 43
17 19 42
17 20 61
17 21 66
17 22 54
17 23 7
17 24 16
17 25 98
17 26 69
17 27 27
17 28 1
17 29 18
18 19 54
18 20 67
18 21 40
18 22 90
18 23 41
18 24 12
18 25 79
18 26 66
18 27 84
18 28 65
18 29 17
19 20 43
19 21 82
19 22 69
19 23 80
19 24 33
19 25 62
19 26 9
19 27 51
19 28 83
19 29 79
20 21 68
20 22 97
20 23 64
20 24 21
20 25 16
20 26 72
20 27 35
20 28 89
20 29 11
21 22 8
21 23 81
21 24 32
21 25 21
21 26 3
21 27 62
21 28 85
21 29 23
22 23 32
22 24 57
22 25 23
22 26 78
22 27 4
22 28 4
22 29 41
23 24 70
23 25 34
23 26 53
23 27 12
23 28 87
23 29 36
24 25 81
24 26 1
24 27 91
24 28 18
24 29 49
25 26 53
25 27 67
25 28 65
25 29 3
26 27 93
26 28 53
26 29 31
27 28 52
27 29 84
28 29 71
