109 5886 108
1 2 43
1 3 21
1 4 39
1 5 35
1 6 7
1 7 73
1 8 34
1 9 94
1 10 87
1 11 52
1 12 67
1 13 49
1 14 61
1 15 13
1 16 12
1 17 75
1 18 72
1 19 49
1 20 25
1 21 8
1 22 88
1 23 18
1 24 58
1 25 32
1 26 62
1 27 64
1 28 30
1 29 19
1 30 14
1 31 19
1 32 18
1 33 52
1 34 35
1 35 20
1 36 9
1 37 34
1 38 40
1 39 28
1 40 13
1 41 46
1 42 32
1 43 76
1 44 64
1 45 83
1 46 18
1 47 39
1 48 10
1 49 89
1 50 75
1 51 47
1 52 57
1 53 78
1 54 95
1 55 18
1 56 17
1 57 92
1 58 22
1 59 81
1 60 36
1 61 36
1 62 47
1 63 27
1 64 44
1 65 88
1 66 93
1 67 97
1 68 12
1 69 10
1 70 56
1 71 3
1 72 2
1 73 89
1 74 23
1 75 21
1 76 2
1 77 69
1 78 93
1 79 23
1 80 30
1 81 79
1 82 99
1 83 10
1 84 98
1 85 82
1 86 35
1 87 56
1 88 39
1 89 73
1 90 28
1 91 69
1 92 99
1 93 4
1 94 33
1 95 6
1 96 21
1 97 7
1 98 93
1 99 66
1 100 48
1 101 46
1 102 37
1 103 5
1 104 98
1 105 85
1 106 12
1 107 46
1 108 9
1 109 47
2 3 48
2 4 72
2 5 61
2 6 88
2 7 81
2 8 86
2 9 41
2 10 88
2 11 73
2 12 68
2 13 5
2 14 82
2 15 26
2 16 98
2 17 59
2 18 78
2 19 27
2 20 36
2 21 44
2 22 56
2 23 32
2 24 2
2 25 62
2 26 57
2 27 67
2 28 2
2 29 54
2 30 59
2 31 78
2 32 14
2 33 30
2 34 82
2 35 2
2 36 92
2 37 68
2 38 27
2 39 62
2 40 14
2 41 28
2 42 95
2 43 87
2 44 58
2 45 56
2 46 90
2 47 79
2 48 33
2 49 87
2 50 27
2 51 29
2 52 92
2 53 56
2 54 76
2 55 70
2 56 93
2 57 90
2 58 85
2 59 74
2 60 64
2 61 89
2 62 13
2 63 27
2 64 60
2 65 60
2 66 2
2 67 1
2 68 96
2 69 2
2 70 55
2 71 46
2 72 74
2 73 10
2 74 13
2 75 85
2 76 5
2 77 95
2 78 14
2 79 66
2 80 15
2 81 34
2 82 19
2 83 28
2 84 44
2 85 19
2 86 62
2 87 72
2 88 22
2 89 13
2 90 75
2 91 65
2 92 20
2 93 85
2 94 69
2 95 93
2 96 63
2 97 28
2 98 85
2 99 20
2 100 19
2 101 49
2 102 22
2 103 46
2 104 34
2 105 11
2 106 99
2 107 77
2 108 19
2 109 23
3 4 31
3 5 62
3 6 11
3 7 87
3 8 21
3 9 60
3 10 14
3 11 28
3 12 16
3 13 30
3 14 98
3 15 82
3 16 97
3 17 63
3 18 46
3 19 64
3 20 39
3 21 18
3 22 72
3 23 41
3 24 69
3 25 57
3 26 95
3 27 40
3 28 86
3 29 55
3 30 37
3 31 83
3 32 41
3 33 21
3 34 96
3 35 76
3 36 25
3 37 8
3 38 5
3 39 73
3 40 70
3 41 58
3 42 36
3 43 7
3 44 61
3 45 22
3 46 11
3 47 84
3 48 10
3 49 1
3 50 20
3 51 89
3 52 100
3 53 13
3 54 71
3 55 11
3 56 4
3 57 74
3 58 64
3 59 63
3 60 7
3 61 16
3 62 4
3 63 73
3 64 72
3 65 69
3 66 17
3 67 85
3 68 19
3 69 92
3 70 95
3 71 30
3 72 6
3 73 44
3 74 26
3 75 83
3 76 21
3 77 99
3 78 85
3 79 31
3 80 36
3 81 6
3 82 53
3 83 92
3 84 76
3 85 80
3 86 39
3 87 19
3 88 77
3 89 97
3 90 62
3 91 67
3 92 36
3 93 64
3 94 58
3 95 24
3 96 66
3 97 68
3 98 84
3 99 32
3 100 80
3 101 14
3 102 82
3 103 79
3 104 61
3 105 59
3 106 36
3 107 55
3 108 29
3 109 16
4 5 19
4 6 53
4 7 58
4 8 62
4 9 100
4 10 34
4 11 71
4 12 8
4 13 56
4 14 50
4 15 12
4 16 76
4 17 37
4 18 3
4 19 10
4 20 78
4 21 51
4 22 80
4 23 53
4 24 95
4 25 63
4 26 66
4 27 44
4 28 8
4 29 65
4 30 99
4 31 53
4 32 22
4 33 12
4 34 12
4 35 49
4 36 24
4 37 62
4 38 69
4 39 73
4 40 23
4 41 49
4 42 19
4 43 11
4 44 78
4 45 37
4 46 4
4 47 12
4 48 87
4 49 97
4 50 74
4 51 13
4 52 88
4 53 95
4 54 95
4 55 90
4 56 78
4 57 22
4 58 80
4 59 89
4 60 61
4 61 10
4 62 74
4 63 94
4 64 62
4 65 22
4 66 68
4 67 43
4 68 71
4 69 99
4 70 86
4 71 36
4 72 45
4 73 3
4 74 76
4 75 37
4 76 42
4 77 80
4 78 8
4 79 84
4 80 13
4 81 7
4 82 41
4 83 58
4 84 94
4 85 34
4 86 24
4 87 6
4 88 79
4 89 11
4 90 56
4 91 99
4 92 3
4 93 82
4 94 37
4 95 52
4 96 100
4 97 84
4 98 28
4 99 43
4 100 34
4 101 45
4 102 70
4 103 38
4 104 22
4 105 38
4 106 17
4 107 76
4 108 90
4 109 74
5 6 83
5 7 6
5 8 54
5 9 47
5 10 7
5 11 45
5 12 15
5 13 31
5 14 94
5 15 97
5 16 100
5 17 33
5 18 91
5 19 58
5 20 7
5 21 11
5 22 2
5 23 7
5 24 77
5 25 7
5 26 47
5 27 17
5 28 72
5 29 5
5 30 49
5 31 15
5 32 46
5 33 21
5 34 80
5 35 79
5 36 57
5 37 95
5 38 56
5 39 61
5 40 98
5 41 93
5 42 61
5 43 36
5 44 93
5 45 43
5 46 26
5 47 23
5 48 55
5 49 100
5 50 68
5 51 7
5 52 100
5 53 10
5 54 76
5 55 17
5 56 24
5 57 1
5 58 92
5 59 42
5 60 5
5 61 75
5 62 90
5 63 93
5 64 50
5 65 93
5 66 72
5 67 26
5 68 47
5 69 31
5 70 99
5 71 81
5 72 91
5 73 10
5 74 86
5 75 14
5 76 20
5 77 32
5 78 69
5 79 56
5 80 22
5 81 19
5 82 63
5 83 20
5 84 47
5 85 3
5 86 32
5 87 77
5 88 10
5 89 69
5 90 67
5 91 21
5 92 55
5 93 76
5 94 78
5 95 97
5 96 37
5 97 25
5 98 71
5 99 77
5 100 9
5 101 54
5 102 59
5 103 23
5 104 3
5 105 33
5 106 70
5 107 41
5 108 71
5 109 86
6 7 87
6 8 34
6 9 21
6 10 2
6 11 65
6 12 55
6 13 1
6 14 33
6 15 97
6 16 42
6 17 32
6 18 6
6 19 26
6 20 93
6 21 82
6 22 63
6 23 72
6 24 21
6 25 18
6 26 60
6 27 39
6 28 1
6 29 93
6 30 99
6 31 73
6 32 75
6 33 70
6 34 43
6 35 79
6 36 50
6 37 26
6 38 34
6 39 79
6 40 8
6 41 81
6 42 69
6 43 6
6 44 66
6 45 55
6 46 78
6 47 5
6 48 63
6 49 16
6 50 93
6 51 27
6 52 40
6 53 23
6 54 81
6 55 31
6 56 23
6 57 96
6 58 95
6 59 52
6 60 20
6 61 76
6 62 36
6 63 6
6 64 86
6 65 86
6 66 27
6 67 54
6 68 76
6 69 4
6 70 80
6 71 84
6 72 15
6 73 4
6 74 64
6 75 73
6 76 2
6 77 14
6 78 5
6 79 6
6 80 33
6 81 95
6 82 37
6 83 55
6 84 17
6 85 13
6 86 33
6 87 38
6 88 45
6 89 25
6 90 66
6 91 87
6 92 15
6 93 29
6 94 42
6 95 79
6 96 26
6 97 31
6 98 1
6 99 15
6 100 90
6 101 79
6 102 91
6 103 48
6 104 36
6 105 92
6 106 80
6 107 25
6 108 37
6 109 47
7 8 99
7 9 53
7 10 50
7 11 49
7 12 43
7 13 71
7 14 73
7 15 95
7 16 3
7 17 41
7 18 88
7 19 1
7 20 55
7 21 82
7 22 18
7 23 27
7 24 21
7 25 11
7 26 33
7 27 34
7 28 21
7 29 54
7 30 66
7 31 14
7 32 61
7 33 60
7 34 6
7 35 30
7 36 63
7 37 64
7 38 69
7 39 92
7 40 45
7 41 28
7 42 58
7 43 43
7 44 47
7 45 79
7 46 34
7 47 87
7 48 81
7 49 21
7 50 8
7 51 48
7 52 91
7 53 64
7 54 62
7 55 21
7 56 55
7 57 72
7 58 87
7 59 60
7 60 36
7 61 52
7 62 24
7 63 51
7 64 37
7 65 10
7 66 67
7 67 18
7 68 14
7 69 50
7 70 92
7 71 51
7 72 17
7 73 23
7 74 34
7 75 19
7 76 51
7 77 28
7 78 43
7 79 53
7 80 48
7 81 35
7 82 94
7 83 17
7 84 7
7 85 36
7 86 78
7 87 40
7 88 92
7 89 38
7 90 75
7 91 73
7 92 99
7 93 14
7 94 52
7 95 79
7 96 74
7 97 20
7 98 77
7 99 23
7 100 66
7 101 59
7 102 48
7 103 15
7 104 40
7 105 46
7 106 13
7 107 62
7 108 44
7 109 92
8 9 18
8 10 39
8 11 28
8 12 82
8 13 27
8 14 38
8 15 62
8 16 66
8 17 71
8 18 26
8 19 94
8 20 56
8 21 45
8 22 37
8 23 63
8 24 36
8 25 35
8 26 70
8 27 88
8 28 31
8 29 12
8 30 74
8 31 35
8 32 98
8 33 15
8 34 69
8 35 98
8 36 17
8 37 15
8 38 55
8 39 62
8 40 37
8 41 86
8 42 26
8 43 76
8 44 85
8 45 42
8 46 31
8 47 78
8 48 65
8 49 86
8 50 11
8 51 63
8 52 66
8 53 51
8 54 26
8 55 77
8 56 8
8 57 47
8 58 23
8 59 86
8 60 20
8 61 80
8 62 51
8 63 86
8 64 1
8 65 43
8 66 71
8 67 3
8 68 24
8 69 99
8 70 51
8 71 45
8 72 97
8 73 18
8 74 60
8 75 49
8 76 19
8 77 8
8 78 32
8 79 96
8 80 10
8 81 41
8 82 32
8 83 93
8 84 4
8 85 100
8 86 73
8 87 52
8 88 31
8 89 94
8 90 76
8 91 64
8 92 10
8 93 52
8 94 38
8 95 9
8 96 3
8 97 83
8 98 8
8 99 83
8 100 98
8 101 61
8 102 14
8 103 35
8 104 12
8 105 91
8 106 96
8 107 27
8 108 64
8 109 60
9 10 42
9 11 1
9 12 19
9 13 43
9 14 22
9 15 98
9 16 82
9 17 41
9 18 36
9 19 66
9 20 40
9 21 12
9 22 20
9 23 31
9 24 70
9 25 62
9 26 97
9 27 13
9 28 9
9 29 13
9 30 20
9 31 30
9 32 83
9 33 2
9 34 44
9 35 72
9 36 14
9 37 91
9 38 63
9 39 96
9 40 10
9 41 98
9 42 64
9 43 65
9 44 53
9 45 81
9 46 74
9 47 96
9 48 79
9 49 57
9 50 2
9 51 7
9 52 50
9 53 37
9 54 74
9 55 42
9 56 25
9 57 55
9 58 63
9 59 59
9 60 30
9 61 16
9 62 90
9 63 55
9 64 91
9 65 47
9 66 74
9 67 78
9 68 3
9 69 25
9 70 38
9 71 56
9 72 18
9 73 43
9 74 15
9 75 9
9 76 72
9 77 89
9 78 2
9 79 34
9 80 45
9 81 76
9 82 71
9 83 73
9 84 28
9 85 61
9 86 1
9 87 37
9 88 63
9 89 97
9 90 34
9 91 40
9 92 32
9 93 86
9 94 50
9 95 56
9 96 45
9 97 19
9 98 60
9 99 10
9 100 53
9 101 79
9 102 56
9 103 92
9 104 38
9 105 52
9 106 100
9 107 39
9 108 38
9 109 63
10 11 98
10 12 88
10 13 52
10 14 32
10 15 79
10 16 84
10 17 94
10 18 88
10 19 27
10 20 69
10 21 87
10 22 54
10 23 8
10 24 90
10 25 58
10 26 82
10 27 29
10 28 72
10 29 13
10 30 94
10 31 49
10 32 80
10 33 81
10 34 91
10 35 69
10 36 11
10 37 86
10 38 16
10 39 41
10 40 12
10 41 37
10 42 56
10 43 48
10 44 26
10 45 100
10 46 9
10 47 23
10 48 76
10 49 90
10 50 97
10 51 87
10 52 42
10 53 90
10 54 91
10 55 28
10 56 29
10 57 2
10 58 44
10 59 42
10 60 1
10 61 66
10 62 91
10 63 87
10 64 44
10 65 36
10 66 39
10 67 40
10 68 53
10 69 27
10 70 76
10 71 95
10 72 61
10 73 83
10 74 20
10 75 49
10 76 83
10 77 1
10 78 16
10 79 16
10 80 20
10 81 28
10 82 74
10 83 86
10 84 82
10 85 89
10 86 48
10 87 15
10 88 64
10 89 78
10 90 1
10 91 17
10 92 61
10 93 78
10 94 70
10 95 22
10 96 1
10 97 48
10 98 31
10 99 25
10 100 4
10 101 42
10 102 31
10 103 38
10 104 95
10 105 39
10 106 91
10 107 68
10 108 96
10 109 32
11 12 57
11 13 21
11 14 8
11 15 59
11 16 23
11 17 67
11 18 58
11 19 20
11 20 1
11 21 31
11 22 96
11 23 84
11 24 68
11 25 6
11 26 37
11 27 77
11 28 83
11 29 55
11 30 11
11 31 64
11 32 65
11 33 45
11 34 44
11 35 95
11 36 83
11 37 29
11 38 83
11 39 6
11 40 27
11 41 38
11 42 19
11 43 74
11 44 61
11 45 33
11 46 71
11 47 24
11 48 55
11 49 40
11 50 18
11 51 49
11 52 21
11 53 61
11 54 73
11 55 8
11 56 10
11 57 41
11 58 36
11 59 88
11 60 100
11 61 28
11 62 94
11 63 24
11 64 99
11 65 85
11 66 61
11 67 54
11 68 23
11 69 11
11 70 71
11 71 6
11 72 95
11 73 23
11 74 4
11 75 91
11 76 44
11 77 15
11 78 27
11 79 88
11 80 14
11 81 34
11 82 5
11 83 74
11 84 75
11 85 4
11 86 37
11 87 73
11 88 75
11 89 43
11 90 48
11 91 62
11 92 84
11 93 93
11 94 1
11 95 34
11 96 32
11 97 14
11 98 76
11 99 32
11 100 12
11 101 21
11 102 29
11 103 15
11 104 92
11 105 80
11 106 88
11 107 2
11 108 35
11 109 48
12 13 91
12 14 34
12 15 57
12 16 26
12 17 30
12 18 68
12 19 77
12 20 11
12 21 96
12 22 14
12 23 79
12 24 62
12 25 44
12 26 54
12 27 1
12 28 60
12 29 42
12 30 20
12 31 65
12 32 74
12 33 28
12 34 87
12 35 27
12 36 15
12 37 26
12 38 35
12 39 1
12 40 19
12 41 54
12 42 5
12 43 19
12 44 32
12 45 39
12 46 59
12 47 19
12 48 97
12 49 92
12 50 94
12 51 13
12 52 54
12 53 74
12 54 65
12 55 91
12 56 70
12 57 81
12 58 56
12 59 4
12 60 14
12 61 82
12 62 35
12 63 24
12 64 84
12 65 4
12 66 8
12 67 95
12 68 64
12 69 32
12 70 85
12 71 64
12 72 79
12 73 31
12 74 62
12 75 99
12 76 15
12 77 56
12 78 7
12 79 93
12 80 84
12 81 61
12 82 52
12 83 45
12 84 25
12 85 25
12 86 11
12 87 55
12 88 13
12 89 34
12 90 27
12 91 56
12 92 71
12 93 6
12 94 60
12 95 81
12 96 82
12 97 43
12 98 82
12 99 66
12 100 75
12 101 32
12 102 50
12 103 44
12 104 78
12 105 46
12 106 40
12 107 98
12 108 64
12 109 16
13 14 37
13 15 100
13 16 8
13 17 66
13 18 92
13 19 75
13 20 97
13 21 85
13 22 9
13 23 41
13 24 67
13 25 69
13 26 28
13 27 36
13 28 23
13 29 77
13 30 40
13 31 38
13 32 48
13 33 20
13 34 63
13 35 83
13 36 37
13 37 10
13 38 92
13 39 77
13 40 69
13 41 78
13 42 22
13 43 97
13 44 69
13 45 29
13 46 11
13 47 71
13 48 13
13 49 49
13 50 94
13 51 91
13 52 74
13 53 13
13 54 42
13 55 26
13 56 9
13 57 89
13 58 70
13 59 7
13 60 78
13 61 68
13 62 38
13 63 69
13 64 38
13 65 37
13 66 96
13 67 61
13 68 92
13 69 14
13 70 58
13 71 53
13 72 100
13 73 75
13 74 72
13 75 47
13 76 7
13 77 63
13 78 8
13 79 19
13 80 70
13 81 74
13 82 20
13 83 100
13 84 69
13 85 27
13 86 27
13 87 45
13 88 57
13 89 4
13 90 1
13 91 39
13 92 98
13 93 75
13 94 75
13 95 87
13 96 54
13 97 4
13 98 96
13 99 43
13 100 24
13 101 49
13 102 92
13 103 93
13 104 100
13 105 25
13 106 3
13 107 55
13 108 64
13 109 38
14 15 43
14 16 34
14 17 90
14 18 1
14 19 29
14 20 51
14 21 4
14 22 93
14 23 12
14 24 81
14 25 6
14 26 22
14 27 59
14 28 91
14 29 32
14 30 40
14 31 20
14 32 90
14 33 4
14 34 79
14 35 14
14 36 7
14 37 14
14 38 78
14 39 86
14 40 97
14 41 7
14 42 21
14 43 74
14 44 57
14 45 78
14 46 22
14 47 37
14 48 25
14 49 18
14 50 76
14 51 41
14 52 77
14 53 15
14 54 7
14 55 68
14 56 8
14 57 22
14 58 66
14 59 9
14 60 3
14 61 61
14 62 47
14 63 29
14 64 84
14 65 92
14 66 62
14 67 12
14 68 84
14 69 68
14 70 92
14 71 58
14 72 42
14 73 99
14 74 48
14 75 98
14 76 8
14 77 39
14 78 90
14 79 10
14 80 87
14 81 47
14 82 84
14 83 77
14 84 66
14 85 66
14 86 8
14 87 29
14 88 54
14 89 55
14 90 34
14 91 91
14 92 33
14 93 10
14 94 76
14 95 10
14 96 50
14 97 72
14 98 88
14 99 76
14 100 11
14 101 74
14 102 94
14 103 87
14 104 90
14 105 13
14 106 22
14 107 4
14 108 11
14 109 20
15 16 34
15 17 54
15 18 85
15 19 67
15 20 56
15 21 51
15 22 27
15 23 29
15 24 39
15 25 100
15 26 21
15 27 51
15 28 52
15 29 85
15 30 89
15 31 39
15 32 43
15 33 94
15 34 76
15 35 85
15 36 17
15 37 41
15 38 71
15 39 25
15 40 35
15 41 94
15 42 34
15 43 47
15 44 88
15 45 64
15 46 83
15 47 26
15 48 76
15 49 33
15 50 99
15 51 4
15 52 49
15 53 88
15 54 56
15 55 7
15 56 71
15 57 78
15 58 33
15 59 36
15 60 28
15 61 41
15 62 73
15 63 65
15 64 46
15 65 8
15 66 6
15 67 73
15 68 78
15 69 53
15 70 3
15 71 67
15 72 25
15 73 48
15 74 61
15 75 51
15 76 4
15 77 64
15 78 44
15 79 19
15 80 99
15 81 65
15 82 16
15 83 49
15 84 20
15 85 4
15 86 42
15 87 6
15 88 19
15 89 63
15 90 55
15 91 68
15 92 2
15 93 1
15 94 15
15 95 46
15 96 97
15 97 57
15 98 22
15 99 11
15 100 65
15 101 41
15 102 99
15 103 87
15 104 19
15 105 47
15 106 62
15 107 99
15 108 73
15 109 21
16 17 81
16 18 42
16 19 63
16 20 59
16 21 48
16 22 50
16 23 72
16 24 94
16 25 34
16 26 57
16 27 23
16 28 5
16 29 49
16 30 18
16 31 81
16 32 45
16 33 19
16 34 6
16 35 46
16 36 79
16 37 4
16 38 8
16 39 9
16 40 91
16 41 87
16 42 99
16 43 56
16 44 75
16 45 7
16 46 60
16 47 42
16 48 32
16 49 21
16 50 87
16 51 55
16 52 59
16 53 76
16 54 70
16 55 66
16 56 50
16 57 6
16 58 11
16 59 46
16 60 99
16 61 99
16 62 94
16 63 9
16 64 39
16 65 51
16 66 98
16 67 11
16 68 57
16 69 49
16 70 36
16 71 45
16 72 35
16 73 64
16 74 92
16 75 8
16 76 62
16 77 89
16 78 90
16 79 17
16 80 93
16 81 46
16 82 67
16 83 27
16 84 85
16 85 95
16 86 35
16 87 57
16 88 87
16 89 15
16 90 16
16 91 93
16 92 13
16 93 45
16 94 43
16 95 16
16 96 23
16 97 96
16 98 55
16 99 74
16 100 34
16 101 27
16 102 45
16 103 83
16 104 15
16 105 76
16 106 42
16 107 55
16 108 55
16 109 79
17 18 2
17 19 39
17 20 64
17 21 75
17 22 40
17 23 18
17 24 98
17 25 26
17 26 3
17 27 40
17 28 20
17 29 61
17 30 39
17 31 48
17 32 81
17 33 53
17 34 81
17 35 15
17 36 77
17 37 85
17 38 31
17 39 20
17 40 26
17 41 52
17 42 76
17 43 3
17 44 11
17 45 46
17 46 98
17 47 15
17 48 63
17 49 36
17 50 56
17 51 9
17 52 67
17 53 91
17 54 47
17 55 71
17 56 54
17 57 30
17 58 95
17 59 73
17 60 97
17 61 54
17 62 44
17 63 47
17 64 2
17 65 44
17 66 53
17 67 96
17 68 45
17 69 58
17 70 78
17 71 56
17 72 10
17 73 68
17 74 41
17 75 20
17 76 57
17 77 23
17 78 29
17 79 91
17 80 81
17 81 6
17 82 7
17 83 71
17 84 30
17 85 11
17 86 71
17 87 52
17 88 16
17 89 3
17 90 76
17 91 76
17 92 82
17 93 38
17 94 6
17 95 17
17 96 38
17 97 95
17 98 59
17 99 10
17 100 37
17 101 10
17 102 50
17 103 90
17 104 63
17 105 3
17 106 60
17 107 47
17 108 5
17 109 56
18 19 71
18 20 81
18 21 70
18 22 11
18 23 33
18 24 6
18 25 52
18 26 24
18 27 63
18 28 18
18 29 13
18 30 58
18 31 69
18 32 3
18 33 28
18 34 51
18 35 20
18 36 16
18 37 5
18 38 71
18 39 37
18 40 21
18 41 76
18 42 63
18 43 20
18 44 45
18 45 24
18 46 61
18 47 59
18 48 1
18 49 22
18 50 78
18 51 62
18 52 24
18 53 98
18 54 13
18 55 21
18 56 58
18 57 45
18 58 95
18 59 39
18 60 18
18 61 3
18 62 21
18 63 11
18 64 34
18 65 9
18 66 47
18 67 51
18 68 7
18 69 95
18 70 47
18 71 9
18 72 50
18 73 62
18 74 59
18 75 3
18 76 92
18 77 16
18 78 74
18 79 84
18 80 49
18 81 96
18 82 82
18 83 30
18 84 35
18 85 75
18 86 27
18 87 4
18 88 40
18 89 68
18 90 54
18 91 24
18 92 79
18 93 11
18 94 94
18 95 32
18 96 86
18 97 54
18 98 87
18 99 71
18 100 7
18 101 76
18 102 99
18 103 98
18 104 18
18 105 59
18 106 83
18 107 84
18 108 6
18 109 39
19 20 48
19 21 30
19 22 73
19 23 31
19 24 48
19 25 86
19 26 67
19 27 68
19 28 15
19 29 83
19 30 31
19 31 6
19 32 50
19 33 74
19 34 36
19 35 13
19 36 7
19 37 13
19 38 20
19 39 81
19 40 52
19 41 1
19 42 51
19 43 42
19 44 71
19 45 41
19 46 29
19 47 79
19 48 36
19 49 95
19 50 12
19 51 95
19 52 85
19 53 74
19 54 69
19 55 44
19 56 11
19 57 32
19 58 14
19 59 21
19 60 17
19 61 87
19 62 78
19 63 71
19 64 11
19 65 81
19 66 93
19 67 69
19 68 91
19 69 77
19 70 91
19 71 38
19 72 67
19 73 5
19 74 37
19 75 16
19 76 70
19 77 54
19 78 79
19 79 92
19 80 71
19 81 47
19 82 6
19 83 30
19 84 90
19 85 6
19 86 13
19 87 3
19 88 64
19 89 88
19 90 35
19 91 5
19 92 8
19 93 38
19 94 87
19 95 62
19 96 81
19 97 34
19 98 30
19 99 91
19 100 57
19 101 68
19 102 59
19 103 3
19 104 28
19 105 34
19 106 86
19 107 68
19 108 58
19 109 51
20 21 78
20 22 13
20 23 27
20 24 96
20 25 77
20 26 1
20 27 41
20 28 17
20 29 83
20 30 12
20 31 2
20 32 6
20 33 9
20 34 61
20 35 98
20 36 65
20 37 66
20 38 71
20 39 39
20 40 76
20 41 59
20 42 90
20 43 64
20 44 82
20 45 17
20 46 74
20 47 54
20 48 41
20 49 14
20 50 17
20 51 18
20 52 71
20 53 41
20 54 52
20 55 15
20 56 24
20 57 47
20 58 79
20 59 59
20 60 80
20 61 58
20 62 40
20 63 66
20 64 74
20 65 87
20 66 30
20 67 3
20 68 88
20 69 7
20 70 43
20 71 90
20 72 29
20 73 88
20 74 4
20 75 91
20 76 70
20 77 30
20 78 96
20 79 73
20 80 75
20 81 66
20 82 6
20 83 31
20 84 34
20 85 59
20 86 43
20 87 2
20 88 21
20 89 52
20 90 78
20 91 69
20 92 60
20 93 32
20 94 35
20 95 17
20 96 57
20 97 85
20 98 94
20 99 26
20 100 56
20 101 90
20 102 13
20 103 79
20 104 55
20 105 12
20 106 92
20 107 28
20 108 57
20 109 74
21 22 5
21 23 80
21 24 24
21 25 100
21 26 100
21 27 73
21 28 43
21 29 17
21 30 91
21 31 95
21 32 87
21 33 5
21 34 26
21 35 47
21 36 76
21 37 29
21 38 61
21 39 3
21 40 30
21 41 1
21 42 2
21 43 12
21 44 43
21 45 93
21 46 38
21 47 89
21 48 83
21 49 51
21 50 40
21 51 54
21 52 15
21 53 63
21 54 60
21 55 40
21 56 50
21 57 48
21 58 96
21 59 27
21 60 9
21 61 90
21 62 72
21 63 52
21 64 41
21 65 75
21 66 56
21 67 94
21 68 85
21 69 38
21 70 38
21 71 55
21 72 58
21 73 71
21 74 15
21 75 73
21 76 39
21 77 70
21 78 31
21 79 98
21 80 100
21 81 6
21 82 23
21 83 29
21 84 18
21 85 97
21 86 56
21 87 95
21 88 59
21 89 90
21 90 53
21 91 72
21 92 65
21 93 91
21 94 52
21 95 36
21 96 4
21 97 7
21 98 74
21 99 27
21 100 22
21 101 90
21 102 92
21 103 13
21 104 69
21 105 74
21 106 15
21 107 21
21 108 51
21 109 18
22 23 83
22 24 17
22 25 18
22 26 92
22 27 11
22 28 34
22 29 1
22 30 54
22 31 82
22 32 95
22 33 33
22 34 60
22 35 58
22 36 68
22 37 20
22 38 1
22 39 80
22 40 2
22 41 41
22 42 14
22 43 73
22 44 96
22 45 67
22 46 80
22 47 31
22 48 16
22 49 94
22 50 40
22 51 68
22 52 85
22 53 73
22 54 40
22 55 66
22 56 92
22 57 86
22 58 66
22 59 27
22 60 95
22 61 1
22 62 57
22 63 18
22 64 6
22 65 45
22 66 83
22 67 54
22 68 84
22 69 20
22 70 28
22 71 89
22 72 65
22 73 98
22 74 42
22 75 93
22 76 7
22 77 10
22 78 57
22 79 79
22 80 30
22 81 17
22 82 13
22 83 53
22 84 7
22 85 29
22 86 69
22 87 81
22 88 30
22 89 82
22 90 4
22 91 80
22 92 30
22 93 65
22 94 59
22 95 34
22 96 37
22 97 35
22 98 65
22 99 80
22 100 30
22 101 13
22 102 28
22 103 62
22 104 61
22 105 29
22 106 88
22 107 79
22 108 24
22 109 40
23 24 98
23 25 59
23 26 67
23 27 84
23 28 100
23 29 98
23 30 96
23 31 1
23 32 72
23 33 40
23 34 72
23 35 30
23 36 96
23 37 39
23 38 58
23 39 37
23 40 21
23 41 23
23 42 70
23 43 73
23 44 3
23 45 60
23 46 65
23 47 89
23 48 38
23 49 65
23 50 40
23 51 93
23 52 68
23 53 88
23 54 45
23 55 23
23 56 34
23 57 9
23 58 57
23 59 7
23 60 20
23 61 36
23 62 19
23 63 3
23 64 32
23 65 72
23 66 62
23 67 51
23 68 76
23 69 42
23 70 86
23 71 55
23 72 92
23 73 74
23 74 58
23 75 90
23 76 68
23 77 23
23 78 58
23 79 62
23 80 21
23 81 35
23 82 39
23 83 82
23 84 6
23 85 36
23 86 85
23 87 12
23 88 95
23 89 60
23 90 16
23 91 69
23 92 6
23 93 97
23 94 18
23 95 89
23 96 77
23 97 73
23 98 28
23 99 67
23 100 35
23 101 79
23 102 18
23 103 34
23 104 45
23 105 70
23 106 41
23 107 77
23 108 30
23 109 46
24 25 46
24 26 86
24 27 87
24 28 48
24 29 13
24 30 48
24 31 69
24 32 16
24 33 18
24 34 1
24 35 13
24 36 57
24 37 74
24 38 10
24 39 1
24 40 30
24 41 90
24 42 21
24 43 59
24 44 18
24 45 13
24 46 60
24 47 12
24 48 33
24 49 82
24 50 28
24 51 3
24 52 43
24 53 16
24 54 28
24 55 29
24 56 90
24 57 67
24 58 75
24 59 2
24 60 61
24 61 67
24 62 30
24 63 50
24 64 98
24 65 6
24 66 22
24 67 66
24 68 77
24 69 58
24 70 46
24 71 89
24 72 57
24 73 100
24 74 14
24 75 75
24 76 98
24 77 71
24 78 17
24 79 54
24 80 47
24 81 91
24 82 68
24 83 42
24 84 5
24 85 68
24 86 21
24 87 45
24 88 63
24 89 83
24 90 74
24 91 74
24 92 40
24 93 26
24 94 40
24 95 62
24 96 2
24 97 40
24 98 14
24 99 6
24 100 10
24 101 80
24 102 39
24 103 76
24 104 76
24 105 81
24 106 14
24 107 92
24 108 37
24 109 30
25 26 24
25 27 31
25 28 29
25 29 20
25 30 87
25 31 100
25 32 51
25 33 50
25 34 90
25 35 6
25 36 6
25 37 16
25 38 26
25 39 38
25 40 53
25 41 8
25 42 30
25 43 83
25 44 66
25 45 10
25 46 41
25 47 100
25 48 85
25 49 11
25 50 49
25 51 17
25 52 20
25 53 33
25 54 96
25 55 66
25 56 70
25 57 6
25 58 56
25 59 12
25 60 90
25 61 47
25 62 67
25 63 66
25 64 41
25 65 55
25 66 12
25 67 41
25 68 76
25 69 2
25 70 89
25 71 2
25 72 2
25 73 53
25 74 43
25 75 72
25 76 63
25 77 52
25 78 39
25 79 32
25 80 93
25 81 82
25 82 31
25 83 18
25 84 5
25 85 66
25 86 61
25 87 17
25 88 86
25 89 34
25 90 29
25 91 11
25 92 41
25 93 87
25 94 66
25 95 6
25 96 92
25 97 46
25 98 44
25 99 75
25 100 18
25 101 20
25 102 43
25 103 16
25 104 13
25 105 23
25 106 100
25 107 47
25 108 17
25 109 11
26 27 32
26 28 61
26 29 88
26 30 82
26 31 46
26 32 78
26 33 85
26 34 94
26 35 3
26 36 17
26 37 66
26 38 79
26 39 59
26 40 49
26 41 5
26 42 22
26 43 16
26 44 22
26 45 95
26 46 14
26 47 33
26 48 56
26 49 34
26 50 87
26 51 60
26 52 27
26 53 8
26 54 67
26 55 83
26 56 80
26 57 53
26 58 92
26 59 64
26 60 68
26 61 23
26 62 89
26 63 90
26 64 47
26 65 7
26 66 67
26 67 73
26 68 2
26 69 52
26 70 48
26 71 58
26 72 7
26 73 90
26 74 95
26 75 92
26 76 42
26 77 51
26 78 44
26 79 2
26 80 61
26 81 39
26 82 29
26 83 42
26 84 22
26 85 77
26 86 35
26 87 16
26 88 35
26 89 59
26 90 53
26 91 12
26 92 45
26 93 37
26 94 1
26 95 71
26 96 23
26 97 3
26 98 96
26 99 3
26 100 91
26 101 60
26 102 82
26 103 20
26 104 38
26 105 97
26 106 88
26 107 16
26 108 73
26 109 17
27 28 54
27 29 73
27 30 11
27 31 2
27 32 27
27 33 32
27 34 3
27 35 34
27 36 43
27 37 96
27 38 28
27 39 85
27 40 16
27 41 76
27 42 53
27 43 39
27 44 40
27 45 38
27 46 47
27 47 23
27 48 26
27 49 98
27 50 89
27 51 8
27 52 81
27 53 4
27 54 46
27 55 90
27 56 7
27 57 38
27 58 40
27 59 89
27 60 83
27 61 28
27 62 47
27 63 81
27 64 28
27 65 53
27 66 83
27 67 52
27 68 9
27 69 97
27 70 37
27 71 9
27 72 86
27 73 71
27 74 55
27 75 71
27 76 56
27 77 42
27 78 48
27 79 85
27 80 90
27 81 100
27 82 48
27 83 73
27 84 56
27 85 8
27 86 31
27 87 28
27 88 5
27 89 30
27 90 69
27 91 38
27 92 55
27 93 91
27 94 15
27 95 6
27 96 92
27 97 5
27 98 17
27 99 2
27 100 64
27 101 51
27 102 47
27 103 3
27 104 54
27 105 29
27 106 26
27 107 36
27 108 67
27 109 38
28 29 46
28 30 85
28 31 82
28 32 29
28 33 23
28 34 8
28 35 99
28 36 16
28 37 39
28 38 89
28 39 34
28 40 25
28 41 64
28 42 67
28 43 67
28 44 93
28 45 40
28 46 68
28 47 12
28 48 38
28 49 20
28 50 46
28 51 7
28 52 72
28 53 29
28 54 70
28 55 40
28 56 10
28 57 35
28 58 75
28 59 9
28 60 16
28 61 83
28 62 54
28 63 38
28 64 60
28 65 78
28 66 62
28 67 59
28 68 38
28 69 91
28 70 91
28 71 63
28 72 46
28 73 82
28 74 45
28 75 27
28 76 54
28 77 56
28 78 9
28 79 15
28 80 32
28 81 71
28 82 34
28 83 60
28 84 34
28 85 11
28 86 17
28 87 42
28 88 9
28 89 82
28 90 22
28 91 77
28 92 59
28 93 88
28 94 77
28 95 8
28 96 1
28 97 6
28 98 75
28 99 69
28 100 3
28 101 88
28 102 29
28 103 47
28 104 91
28 105 43
28 106 74
28 107 98
28 108 23
28 109 71
29 30 84
29 31 78
29 32 41
29 33 21
29 34 25
29 35 23
29 36 69
29 37 28
29 38 84
29 39 51
29 40 77
29 41 24
29 42 59
29 43 5
29 44 34
29 45 82
29 46 42
29 47 21
29 48 35
29 49 83
29 50 9
29 51 86
29 52 14
29 53 3
29 54 9
29 55 31
29 56 8
29 57 87
29 58 56
29 59 74
29 60 91
29 61 44
29 62 90
29 63 6
29 64 68
29 65 92
29 66 51
29 67 40
29 68 51
29 69 62
29 70 20
29 71 69
29 72 36
29 73 5
29 74 4
29 75 14
29 76 45
29 77 1
29 78 73
29 79 74
29 80 42
29 81 81
29 82 86
29 83 21
29 84 99
29 85 90
29 86 66
29 87 58
29 88 85
29 89 73
29 90 92
29 91 46
29 92 28
29 93 11
29 94 100
29 95 90
29 96 89
29 97 48
29 98 14
29 99 63
29 100 42
29 101 16
29 102 25
29 103 20
29 104 9
29 105 4
29 106 37
29 107 86
29 108 81
29 109 30
30 31 98
30 32 24
30 33 49
30 34 92
30 35 64
30 36 51
30 37 97
30 38 15
30 39 3
30 40 23
30 41 97
30 42 76
30 43 60
30 44 47
30 45 91
30 46 69
30 47 64
30 48 86
30 49 53
30 50 4
30 51 3
30 52 76
30 53 17
30 54 85
30 55 32
30 56 63
30 57 75
30 58 99
30 59 45
30 60 19
30 61 41
30 62 59
30 63 96
30 64 98
30 65 36
30 66 51
30 67 8
30 68 45
30 69 46
30 70 76
30 71 83
30 72 45
30 73 18
30 74 71
30 75 93
30 76 15
30 77 86
30 78 21
30 79 60
30 80 19
30 81 92
30 82 4
30 83 85
30 84 6
30 85 67
30 86 3
30 87 42
30 88 75
30 89 32
30 90 24
30 91 1
30 92 56
30 93 53
30 94 64
30 95 9
30 96 41
30 97 40
30 98 83
30 99 91
30 100 85
30 101 26
30 102 64
30 103 19
30 104 83
30 105 37
30 106 43
30 107 10
30 108 2
30 109 69
31 32 25
31 33 28
31 34 54
31 35 36
31 36 71
31 37 99
31 38 28
31 39 100
31 40 20
31 41 38
31 42 53
31 43 37
31 44 34
31 45 35
31 46 71
31 47 98
31 48 24
31 49 97
31 50 46
31 51 97
31 52 38
31 53 34
31 54 19
31 55 95
31 56 63
31 57 26
31 58 54
31 59 88
31 60 91
31 61 94
31 62 37
31 63 3
31 64 84
31 65 91
31 66 55
31 67 74
31 68 81
31 69 20
31 70 78
31 71 54
31 72 85
31 73 62
31 74 38
31 75 47
31 76 93
31 77 45
31 78 89
31 79 17
31 80 18
31 81 87
31 82 32
31 83 21
31 84 55
31 85 4
31 86 100
31 87 98
31 88 2
31 89 37
31 90 70
31 91 100
31 92 100
31 93 35
31 94 2
31 95 59
31 96 13
31 97 24
31 98 28
31 99 40
31 100 32
31 101 75
31 102 83
31 103 38
31 104 82
31 105 3
31 106 87
31 107 17
31 108 6
31 109 45
32 33 35
32 34 81
32 35 39
32 36 68
32 37 71
32 38 51
32 39 88
32 40 15
32 41 74
32 42 41
32 43 81
32 44 52
32 45 57
32 46 54
32 47 5
32 48 51
32 49 86
32 50 95
32 51 37
32 52 91
32 53 75
32 54 24
32 55 30
32 56 8
32 57 91
32 58 20
32 59 86
32 60 81
32 61 68
32 62 40
32 63 83
32 64 50
32 65 1
32 66 25
32 67 11
32 68 63
32 69 74
32 70 51
32 71 18
32 72 22
32 73 80
32 74 100
32 75 53
32 76 8
32 77 23
32 78 46
32 79 27
32 80 27
32 81 29
32 82 66
32 83 72
32 84 85
32 85 16
32 86 82
32 87 95
32 88 93
32 89 56
32 90 30
32 91 30
32 92 39
32 93 94
32 94 60
32 95 12
32 96 11
32 97 21
32 98 18
32 99 56
32 100 58
32 101 29
32 102 47
32 103 67
32 104 91
32 105 52
32 106 9
32 107 57
32 108 2
32 109 86
33 34 10
33 35 74
33 36 35
33 37 39
33 38 31
33 39 94
33 40 50
33 41 55
33 42 98
33 43 18
33 44 6
33 45 21
33 46 77
33 47 91
33 48 83
33 49 12
33 50 38
33 51 86
33 52 75
33 53 27
33 54 98
33 55 84
33 56 32
33 57 83
33 58 25
33 59 52
33 60 35
33 61 69
33 62 41
33 63 20
33 64 48
33 65 24
33 66 21
33 67 73
33 68 3
33 69 87
33 70 56
33 71 75
33 72 34
33 73 86
33 74 23
33 75 67
33 76 14
33 77 40
33 78 32
33 79 68
33 80 95
33 81 49
33 82 30
33 83 59
33 84 47
33 85 29
33 86 69
33 87 74
33 88 2
33 89 69
33 90 55
33 91 78
33 92 72
33 93 95
33 94 2
33 95 66
33 96 73
33 97 13
33 98 37
33 99 51
33 100 22
33 101 95
33 102 78
33 103 77
33 104 91
33 105 67
33 106 76
33 107 26
33 108 84
33 109 61
34 35 72
34 36 45
34 37 66
34 38 99
34 39 65
34 40 71
34 41 79
34 42 95
34 43 93
34 44 2
34 45 70
34 46 77
34 47 27
34 48 29
34 49 60
34 50 53
34 51 78
34 52 98
34 53 85
34 54 68
34 55 12
34 56 20
34 57 45
34 58 13
34 59 9
34 60 13
34 61 31
34 62 75
34 63 30
34 64 49
34 65 76
34 66 11
34 67 71
34 68 2
34 69 77
34 70 93
34 71 59
34 72 39
34 73 47
34 74 72
34 75 62
34 76 91
34 77 20
34 78 96
34 79 7
34 80 51
34 81 44
34 82 70
34 83 32
34 84 75
34 85 3
34 86 30
34 87 69
34 88 91
34 89 13
34 90 78
34 91 84
34 92 67
34 93 90
34 94 82
34 95 98
34 96 62
34 97 31
34 98 2
34 99 27
34 100 73
34 101 90
34 102 20
34 103 57
34 104 49
34 105 47
34 106 41
34 107 71
34 108 60
34 109 61
35 36 79
35 37 78
35 38 75
35 39 95
35 40 42
35 41 4
35 42 77
35 43 14
35 44 46
35 45 85
35 46 48
35 47 88
35 48 75
35 49 46
35 50 90
35 51 56
35 52 28
35 53 91
35 54 57
35 55 54
35 56 48
35 57 32
35 58 40
35 59 30
35 60 3
35 61 32
35 62 56
35 63 77
35 64 83
35 65 80
35 66 24
35 67 35
35 68 93
35 69 78
35 70 78
35 71 72
35 72 39
35 73 75
35 74 60
35 75 67
35 76 20
35 77 68
35 78 75
35 79 84
35 80 29
35 81 12
35 82 10
35 83 96
35 84 58
35 85 10
35 86 44
35 87 15
35 88 84
35 89 45
35 90 67
35 91 29
35 92 38
35 93 91
35 94 28
35 95 77
35 96 78
35 97 40
35 98 94
35 99 79
35 100 12
35 101 14
35 102 44
35 103 92
35 104 34
35 105 81
35 106 16
35 107 95
35 108 8
35 109 93
36 37 15
36 38 30
36 39 86
36 40 16
36 41 1
36 42 38
36 43 25
36 44 6
36 45 56
36 46 53
36 47 98
36 48 36
36 49 19
36 50 34
36 51 81
36 52 71
36 53 96
36 54 10
36 55 8
36 56 85
36 57 12
36 58 1
36 59 78
36 60 44
36 61 67
36 62 63
36 63 51
36 64 47
36 65 58
36 66 57
36 67 57
36 68 38
36 69 66
36 70 30
36 71 77
36 72 78
36 73 47
36 74 67
36 75 6
36 76 1
36 77 48
36 78 38
36 79 12
36 80 100
36 81 88
36 82 76
36 83 99
36 84 1
36 85 48
36 86 99
36 87 73
36 88 27
36 89 30
36 90 52
36 91 78
36 92 28
36 93 43
36 94 89
36 95 83
36 96 86
36 97 33
36 98 45
36 99 4
36 100 28
36 101 64
36 102 80
36 103 55
36 104 3
36 105 54
36 106 48
36 107 12
36 108 1
36 109 38
37 38 71
37 39 82
37 40 34
37 41 11
37 42 13
37 43 56
37 44 94
37 45 79
37 46 18
37 47 33
37 48 39
37 49 62
37 50 16
37 51 60
37 52 82
37 53 13
37 54 77
37 55 56
37 56 44
37 57 23
37 58 14
37 59 52
37 60 69
37 61 78
37 62 62
37 63 38
37 64 80
37 65 76
37 66 71
37 67 76
37 68 68
37 69 46
37 70 70
37 71 66
37 72 38
37 73 81
37 74 64
37 75 22
37 76 51
37 77 88
37 78 94
37 79 78
37 80 8
37 81 28
37 82 18
37 83 62
37 84 28
37 85 22
37 86 12
37 87 84
37 88 57
37 89 38
37 90 88
37 91 10
37 92 78
37 93 7
37 94 10
37 95 70
37 96 56
37 97 35
37 98 7
37 99 79
37 100 83
37 101 65
37 102 54
37 103 22
37 104 68
37 105 92
37 106 62
37 107 25
37 108 56
37 109 6
38 39 7
38 40 66
38 41 45
38 42 90
38 43 76
38 44 78
38 45 99
38 46 66
38 47 15
38 48 68
38 49 77
38 50 42
38 51 72
38 52 73
38 53 40
38 54 85
38 55 68
38 56 70
38 57 74
38 58 90
38 59 93
38 60 24
38 61 57
38 62 27
38 63 87
38 64 88
38 65 53
38 66 5
38 67 95
38 68 14
38 69 88
38 70 9
38 71 70
38 72 25
38 73 87
38 74 35
38 75 15
38 76 51
38 77 98
38 78 32
38 79 86
38 80 94
38 81 62
38 82 70
38 83 12
38 84 4
38 85 15
38 86 93
38 87 44
38 88 96
38 89 73
38 90 58
38 91 86
38 92 62
38 93 28
38 94 34
38 95 1
38 96 78
38 97 63
38 98 40
38 99 66
38 100 83
38 101 85
38 102 27
38 103 5
38 104 92
38 105 73
38 106 95
38 107 90
38 108 28
38 109 12
39 40 34
39 41 55
39 42 91
39 43 1
39 44 45
39 45 16
39 46 69
39 47 4
39 48 7
39 49 19
39 50 22
39 51 42
39 52 52
39 53 30
39 54 22
39 55 15
39 56 34
39 57 98
39 58 9
39 59 54
39 60 28
39 61 5
39 62 62
39 63 19
39 64 8
39 65 74
39 66 63
39 67 95
39 68 47
39 69 15
39 70 25
39 71 60
39 72 84
39 73 28
39 74 70
39 75 88
39 76 57
39 77 55
39 78 25
39 79 76
39 80 72
39 81 80
39 82 44
39 83 47
39 84 70
39 85 86
39 86 55
39 87 46
39 88 94
39 89 27
39 90 98
39 91 98
39 92 17
39 93 32
39 94 16
39 95 13
39 96 15
39 97 84
39 98 5
39 99 56
39 100 81
39 101 56
39 102 35
39 103 94
39 104 19
39 105 85
39 106 86
39 107 57
39 108 43
39 109 26
40 41 18
40 42 21
40 43 79
40 44 21
40 45 26
40 46 26
40 47 54
40 48 87
40 49 21
40 50 45
40 51 24
40 52 22
40 53 69
40 54 53
40 55 80
40 56 14
40 57 91
40 58 10
40 59 77
40 60 93
40 61 48
40 62 95
40 63 72
40 64 22
40 65 98
40 66 60
40 67 94
40 68 93
40 69 45
40 70 74
40 71 19
40 72 25
40 73 49
40 74 84
40 75 34
40 76 33
40 77 89
40 78 43
40 79 42
40 80 8
40 81 28
40 82 29
40 83 100
40 84 82
40 85 50
40 86 94
40 87 98
40 88 80
40 89 49
40 90 1
40 91 40
40 92 35
40 93 7
40 94 11
40 95 32
40 96 3
40 97 39
40 98 61
40 99 2
40 100 38
40 101 86
40 102 98
40 103 21
40 104 81
40 105 42
40 106 79
40 107 81
40 108 65
40 109 39
41 42 73
41 43 50
41 44 15
41 45 48
41 46 54
41 47 33
41 48 4
41 49 8
41 50 100
41 51 78
41 52 38
41 53 94
41 54 32
41 55 80
41 56 77
41 57 14
41 58 72
41 59 62
41 60 37
41 61 17
41 62 52
41 63 26
41 64 86
41 65 38
41 66 44
41 67 81
41 68 31
41 69 45
41 70 48
41 71 20
41 72 59
41 73 56
41 74 18
41 75 57
41 76 86
41 77 100
41 78 86
41 79 66
41 80 57
41 81 33
41 82 53
41 83 86
41 84 68
41 85 48
41 86 67
41 87 27
41 88 89
41 89 2
41 90 96
41 91 20
41 92 98
41 93 74
41 94 52
41 95 63
41 96 81
41 97 98
41 98 67
41 99 44
41 100 60
41 101 18
41 102 71
41 103 67
41 104 51
41 105 1
41 106 21
41 107 52
41 108 24
41 109 83
42 43 40
42 44 97
42 45 92
42 46 2
42 47 91
42 48 16
42 49 98
42 50 67
42 51 4
42 52 45
42 53 43
42 54 52
42 55 45
42 56 47
42 57 78
42 58 76
42 59 13
42 60 3
42 61 81
42 62 44
42 63 8
42 64 41
42 65 77
42 66 100
42 67 58
42 68 72
42 69 13
42 70 34
42 71 14
42 72 8
42 73 40
42 74 9
42 75 41
42 76 76
42 77 29
42 78 43
42 79 5
42 80 45
42 81 35
42 82 8
42 83 21
42 84 51
42 85 36
42 86 86
42 87 50
42 88 46
42 89 82
42 90 11
42 91 4
42 92 38
42 93 57
42 94 17
42 95 95
42 96 15
42 97 53
42 98 88
42 99 61
42 100 31
42 101 92
42 102 39
42 103 55
42 104 66
42 105 69
42 106 98
42 107 19
42 108 55
42 109 15
43 44 54
43 45 61
43 46 25
43 47 58
43 48 33
43 49 74
43 50 42
43 51 54
43 52 94
43 53 96
43 54 5
43 55 92
43 56 97
43 57 25
43 58 97
43 59 85
43 60 21
43 61 37
43 62 85
43 63 28
43 64 17
43 65 93
43 66 19
43 67 25
43 68 13
43 69 24
43 70 35
43 71 62
43 72 54
43 73 26
43 74 17
43 75 55
43 76 95
43 77 68
43 78 79
43 79 47
43 80 34
43 81 19
43 82 8
43 83 78
43 84 88
43 85 11
43 86 47
43 87 41
43 88 27
43 89 64
43 90 23
43 91 67
43 92 76
43 93 43
43 94 2
43 95 29
43 96 3
43 97 88
43 98 9
43 99 89
43 100 74
43 101 11
43 102 71
43 103 57
43 104 38
43 105 92
43 106 62
43 107 8
43 108 49
43 109 11
44 45 66
44 46 53
44 47 16
44 48 60
44 49 35
44 50 17
44 51 84
44 52 82
44 53 48
44 54 9
44 55 84
44 56 55
44 57 98
44 58 94
44 59 61
44 60 96
44 61 14
44 62 73
44 63 49
44 64 21
44 65 37
44 66 28
44 67 21
44 68 50
44 69 23
44 70 5
44 71 88
44 72 48
44 73 85
44 74 17
44 75 66
44 76 51
44 77 19
44 78 42
44 79 34
44 80 82
44 81 46
44 82 3
44 83 75
44 84 24
44 85 95
44 86 33
44 87 76
44 88 60
44 89 25
44 90 8
44 91 7
44 92 41
44 93 49
44 94 91
44 95 75
44 96 82
44 97 68
44 98 17
44 99 88
44 100 13
44 101 32
44 102 93
44 103 46
44 104 86
44 105 62
44 106 82
44 107 68
44 108 50
44 109 10
45 46 34
45 47 56
45 48 97
45 49 73
45 50 45
45 51 30
45 52 43
45 53 22
45 54 50
45 55 69
45 56 61
45 57 66
45 58 91
45 59 7
45 60 14
45 61 76
45 62 53
45 63 28
45 64 2
45 65 41
45 66 70
45 67 24
45 68 99
45 69 40
45 70 91
45 71 34
45 72 89
45 73 79
45 74 69
45 75 43
45 76 11
45 77 24
45 78 18
45 79 58
45 80 19
45 81 36
45 82 9
45 83 20
45 84 78
45 85 91
45 86 32
45 87 70
45 88 80
45 89 15
45 90 41
45 91 63
45 92 1
45 93 99
45 94 21
45 95 90
45 96 44
45 97 10
45 98 97
45 99 84
45 100 26
45 101 70
45 102 50
45 103 25
45 104 5
45 105 52
45 106 90
45 107 78
45 108 32
45 109 80
46 47 40
46 48 76
46 49 84
46 50 18
46 51 70
46 52 86
46 53 59
46 54 24
46 55 75
46 56 68
46 57 6
46 58 46
46 59 29
46 60 42
46 61 43
46 62 24
46 63 54
46 64 93
46 65 55
46 66 69
46 67 98
46 68 74
46 69 58
46 70 27
46 71 88
46 72 65
46 73 6
46 74 21
46 75 74
46 76 61
46 77 100
46 78 57
46 79 59
46 80 65
46 81 29
46 82 75
46 83 35
46 84 91
46 85 25
46 86 97
46 87 39
46 88 71
46 89 34
46 90 47
46 91 36
46 92 93
46 93 99
46 94 23
46 95 57
46 96 71
46 97 73
46 98 32
46 99 42
46 100 19
46 101 88
46 102 72
46 103 82
46 104 44
46 105 87
46 106 84
46 107 20
46 108 61
46 109 63
47 48 45
47 49 15
47 50 61
47 51 1
47 52 93
47 53 66
47 54 20
47 55 91
47 56 42
47 57 66
47 58 33
47 59 40
47 60 39
47 61 96
47 62 42
47 63 61
47 64 96
47 65 12
47 66 59
47 67 98
47 68 19
47 69 71
47 70 84
47 71 77
47 72 54
47 73 13
47 74 86
47 75 31
47 76 76
47 77 68
47 78 23
47 79 5
47 80 12
47 81 62
47 82 18
47 83 27
47 84 75
47 85 55
47 86 25
47 87 94
47 88 85
47 89 65
47 90 81
47 91 53
47 92 12
47 93 8
47 94 94
47 95 54
47 96 89
47 97 8
47 98 77
47 99 8
47 100 85
47 101 3
47 102 1
47 103 54
47 104 5
47 105 10
47 106 52
47 107 89
47 108 86
47 109 5
48 49 45
48 50 56
48 51 35
48 52 95
48 53 62
48 54 15
48 55 20
48 56 16
48 57 37
48 58 9
48 59 42
48 60 32
48 61 36
48 62 26
48 63 63
48 64 45
48 65 98
48 66 20
48 67 46
48 68 58
48 69 18
48 70 73
48 71 57
48 72 67
48 73 31
48 74 68
48 75 20
48 76 88
48 77 26
48 78 36
48 79 87
48 80 62
48 81 30
48 82 88
48 83 29
48 84 54
48 85 92
48 86 7
48 87 46
48 88 55
48 89 84
48 90 40
48 91 38
48 92 58
48 93 93
48 94 31
48 95 45
48 96 25
48 97 19
48 98 3
48 99 4
48 100 11
48 101 82
48 102 48
48 103 94
48 104 31
48 105 29
48 106 52
48 107 11
48 108 85
48 109 1
49 50 55
49 51 97
49 52 44
49 53 67
49 54 1
49 55 8
49 56 86
49 57 54
49 58 79
49 59 55
49 60 89
49 61 33
49 62 83
49 63 27
49 64 66
49 65 44
49 66 25
49 67 69
49 68 40
49 69 47
49 70 1
49 71 37
49 72 59
49 73 47
49 74 74
49 75 25
49 76 14
49 77 76
49 78 31
49 79 98
49 80 28
49 81 70
49 82 81
49 83 57
49 84 60
49 85 14
49 86 28
49 87 28
49 88 81
49 89 92
49 90 14
49 91 50
49 92 80
49 93 2
49 94 80
49 95 5
49 96 54
49 97 33
49 98 49
49 99 87
49 100 11
49 101 100
49 102 32
49 103 26
49 104 78
49 105 43
49 106 32
49 107 13
49 108 20
49 109 4
50 51 76
50 52 14
50 53 83
50 54 76
50 55 91
50 56 27
50 57 41
50 58 61
50 59 85
50 60 60
50 61 34
50 62 85
50 63 85
50 64 14
50 65 7
50 66 78
50 67 77
50 68 3
50 69 33
50 70 33
50 71 38
50 72 49
50 73 8
50 74 33
50 75 14
50 76 88
50 77 20
50 78 74
50 79 87
50 80 50
50 81 81
50 82 22
50 83 19
50 84 92
50 85 41
50 86 41
50 87 79
50 88 74
50 89 23
50 90 88
50 91 14
50 92 75
50 93 17
50 94 5
50 95 71
50 96 76
50 97 93
50 98 36
50 99 94
50 100 38
50 101 42
50 102 3
50 103 41
50 104 10
50 105 50
50 106 45
50 107 36
50 108 11
50 109 9
51 52 23
51 53 11
51 54 1
51 55 70
51 56 16
51 57 27
51 58 56
51 59 56
51 60 99
51 61 77
51 62 56
51 63 34
51 64 20
51 65 60
51 66 37
51 67 68
51 68 64
51 69 50
51 70 79
51 71 31
51 72 59
51 73 72
51 74 15
51 75 92
51 76 44
51 77 79
51 78 24
51 79 71
51 80 50
51 81 3
51 82 97
51 83 97
51 84 1
51 85 76
51 86 10
51 87 90
51 88 30
51 89 3
51 90 83
51 91 74
51 92 74
51 93 50
51 94 75
51 95 46
51 96 79
51 97 5
51 98 74
51 99 1
51 100 27
51 101 21
51 102 15
51 103 82
51 104 61
51 105 70
51 106 75
51 107 24
51 108 48
51 109 37
52 53 16
52 54 28
52 55 63
52 56 49
52 57 63
52 58 4
52 59 53
52 60 35
52 61 86
52 62 11
52 63 55
52 64 31
52 65 92
52 66 25
52 67 30
52 68 1
52 69 71
52 70 61
52 71 40
52 72 19
52 73 99
52 74 95
52 75 38
52 76 87
52 77 59
52 78 24
52 79 83
52 80 48
52 81 92
52 82 58
52 83 68
52 84 94
52 85 76
52 86 18
52 87 83
52 88 15
52 89 24
52 90 49
52 91 4
52 92 32
52 93 29
52 94 43
52 95 99
52 96 2
52 97 30
52 98 20
52 99 94
52 100 45
52 101 25
52 102 87
52 103 81
52 104 50
52 105 35
52 106 33
52 107 100
52 108 11
52 109 1
53 54 29
53 55 79
53 56 31
53 57 86
53 58 94
53 59 85
53 60 36
53 61 30
53 62 26
53 63 87
53 64 2
53 65 76
53 66 40
53 67 17
53 68 16
53 69 56
53 70 25
53 71 27
53 72 91
53 73 74
53 74 54
53 75 97
53 76 67
53 77 77
53 78 95
53 79 49
53 80 93
53 81 78
53 82 13
53 83 23
53 84 63
53 85 77
53 86 42
53 87 39
53 88 36
53 89 1
53 90 39
53 91 93
53 92 53
53 93 31
53 94 95
53 95 83
53 96 93
53 97 65
53 98 29
53 99 67
53 100 100
53 101 26
53 102 3
53 103 61
53 104 4
53 105 79
53 106 37
53 107 55
53 108 78
53 109 93
54 55 85
54 56 77
54 57 40
54 58 27
54 59 2
54 60 25
54 61 59
54 62 35
54 63 14
54 64 24
54 65 40
54 66 61
54 67 10
54 68 69
54 69 43
54 70 11
54 71 9
54 72 25
54 73 54
54 74 72
54 75 73
54 76 62
54 77 34
54 78 48
54 79 79
54 80 78
54 81 68
54 82 9
54 83 52
54 84 56
54 85 70
54 86 39
54 87 29
54 88 24
54 89 30
54 90 20
54 91 39
54 92 36
54 93 13
54 94 43
54 95 63
54 96 49
54 97 44
54 98 40
54 99 34
54 100 34
54 101 8
54 102 21
54 103 34
54 104 62
54 105 35
54 106 75
54 107 21
54 108 49
54 109 38
55 56 93
55 57 96
55 58 31
55 59 38
55 60 2
55 61 91
55 62 97
55 63 10
55 64 24
55 65 96
55 66 80
55 67 27
55 68 100
55 69 41
55 70 37
55 71 41
55 72 4
55 73 77
55 74 21
55 75 42
55 76 26
55 77 91
55 78 26
55 79 36
55 80 90
55 81 94
55 82 34
55 83 56
55 84 19
55 85 16
55 86 46
55 87 63
55 88 52
55 89 74
55 90 60
55 91 25
55 92 51
55 93 32
55 94 21
55 95 79
55 96 5
55 97 86
55 98 63
55 99 32
55 100 47
55 101 67
55 102 58
55 103 7
55 104 85
55 105 52
55 106 70
55 107 74
55 108 11
55 109 97
56 57 32
56 58 55
56 59 82
56 60 98
56 61 76
56 62 39
56 63 82
56 64 31
56 65 90
56 66 71
56 67 57
56 68 60
56 69 92
56 70 6
56 71 13
56 72 74
56 73 83
56 74 17
56 75 34
56 76 31
56 77 7
56 78 47
56 79 72
56 80 28
56 81 72
56 82 40
56 83 90
56 84 6
56 85 73
56 86 81
56 87 36
56 88 33
56 89 8
56 90 2
56 91 73
56 92 100
56 93 23
56 94 79
56 95 27
56 96 18
56 97 13
56 98 96
56 99 35
56 100 17
56 101 67
56 102 54
56 103 5
56 104 4
56 105 3
56 106 69
56 107 45
56 108 86
56 109 18
57 58 20
57 59 37
57 60 56
57 61 18
57 62 20
57 63 77
57 64 79
57 65 75
57 66 38
57 67 35
57 68 81
57 69 88
57 70 43
57 71 70
57 72 73
57 73 90
57 74 18
57 75 38
57 76 33
57 77 22
57 78 85
57 79 86
57 80 5
57 81 97
57 82 14
57 83 56
57 84 51
57 85 84
57 86 6
57 87 8
57 88 42
57 89 27
57 90 67
57 91 91
57 92 21
57 93 26
57 94 74
57 95 36
57 96 47
57 97 38
57 98 96
57 99 17
57 100 49
57 101 70
57 102 64
57 103 40
57 104 42
57 105 65
57 106 9
57 107 43
57 108 61
57 109 86
58 59 22
58 60 55
58 61 16
58 62 2
58 63 24
58 64 58
58 65 90
58 66 9
58 67 43
58 68 72
58 69 46
58 70 95
58 71 55
58 72 49
58 73 60
58 74 27
58 75 73
58 76 45
58 77 82
58 78 46
58 79 90
58 80 39
58 81 57
58 82 43
58 83 33
58 84 46
58 85 82
58 86 55
58 87 63
58 88 52
58 89 86
58 90 68
58 91 30
58 92 70
58 93 31
58 94 7
58 95 74
58 96 100
58 97 25
58 98 12
58 99 60
58 100 75
58 101 99
58 102 33
58 103 10
58 104 32
58 105 48
58 106 56
58 107 9
58 108 60
58 109 40
59 60 13
59 61 90
59 62 71
59 63 100
59 64 98
59 65 1
59 66 36
59 67 38
59 68 80
59 69 82
59 70 46
59 71 84
59 72 22
59 73 18
59 74 4
59 75 70
59 76 100
59 77 78
59 78 35
59 79 46
59 80 36
59 81 7
59 82 64
59 83 98
59 84 7
59 85 45
59 86 94
59 87 24
59 88 58
59 89 83
59 90 6
59 91 5
59 92 39
59 93 96
59 94 20
59 95 23
59 96 61
59 97 64
59 98 70
59 99 91
59 100 62
59 101 19
59 102 48
59 103 13
59 104 18
59 105 85
59 106 40
59 107 67
59 108 28
59 109 54
60 61 94
60 62 56
60 63 72
60 64 66
60 65 13
60 66 63
60 67 82
60 68 92
60 69 17
60 70 14
60 71 51
60 72 73
60 73 82
60 74 34
60 75 17
60 76 27
60 77 74
60 78 95
60 79 67
60 80 28
60 81 35
60 82 35
60 83 70
60 84 10
60 85 16
60 86 65
60 87 75
60 88 18
60 89 71
60 90 53
60 91 80
60 92 68
60 93 32
60 94 46
60 95 15
60 96 20
60 97 2
60 98 84
60 99 28
60 100 42
60 101 37
60 102 93
60 103 87
60 104 65
60 105 52
60 106 100
60 107 27
60 108 89
60 109 34
61 62 96
61 63 94
61 64 8
61 65 75
61 66 15
61 67 75
61 68 99
61 69 11
61 70 36
61 71 26
61 72 50
61 73 86
61 74 72
61 75 3
61 76 92
61 77 58
61 78 44
61 79 8
61 80 97
61 81 84
61 82 45
61 83 49
61 84 6
61 85 36
61 86 48
61 87 12
61 88 24
61 89 39
61 90 78
61 91 16
61 92 92
61 93 25
61 94 38
61 95 78
61 96 3
61 97 87
61 98 20
61 99 72
61 100 59
61 101 87
61 102 32
61 103 30
61 104 1
61 105 8
61 106 30
61 107 37
61 108 83
61 109 44
62 63 47
62 64 77
62 65 9
62 66 16
62 67 67
62 68 76
62 69 55
62 70 11
62 71 63
62 72 65
62 73 44
62 74 85
62 75 66
62 76 2
62 77 6
62 78 15
62 79 55
62 80 31
62 81 24
62 82 9
62 83 29
62 84 14
62 85 64
62 86 62
62 87 97
62 88 33
62 89 38
62 90 96
62 91 10
62 92 18
62 93 17
62 94 79
62 95 98
62 96 34
62 97 57
62 98 28
62 99 10
62 100 7
62 101 80
62 102 38
62 103 67
62 104 64
62 105 84
62 106 72
62 107 86
62 108 69
62 109 71
63 64 43
63 65 86
63 66 72
63 67 60
63 68 11
63 69 74
63 70 16
63 71 64
63 72 87
63 73 13
63 74 67
63 75 27
63 76 65
63 77 91
63 78 18
63 79 60
63 80 16
63 81 90
63 82 24
63 83 61
63 84 47
63 85 60
63 86 1
63 87 14
63 88 53
63 89 56
63 90 37
63 91 88
63 92 37
63 93 64
63 94 20
63 95 92
63 96 49
63 97 49
63 98 58
63 99 11
63 100 66
63 101 53
63 102 57
63 103 46
63 104 51
63 105 50
63 106 15
63 107 32
63 108 59
63 109 2
64 65 75
64 66 63
64 67 28
64 68 66
64 69 51
64 70 48
64 71 32
64 72 6
64 73 42
64 74 32
64 75 45
64 76 51
64 77 74
64 78 13
64 79 95
64 80 68
64 81 100
64 82 39
64 83 35
64 84 39
64 85 2
64 86 28
64 87 48
64 88 10
64 89 89
64 90 79
64 91 76
64 92 78
64 93 54
64 94 49
64 95 79
64 96 59
64 97 72
64 98 76
64 99 40
64 100 72
64 101 36
64 102 64
64 103 70
64 104 97
64 105 26
64 106 82
64 107 52
64 108 28
64 109 32
65 66 62
65 67 86
65 68 88
65 69 82
65 70 16
65 71 42
65 72 93
65 73 84
65 74 79
65 75 28
65 76 97
65 77 60
65 78 61
65 79 61
65 80 78
65 81 38
65 82 19
65 83 62
65 84 8
65 85 55
65 86 41
65 87 23
65 88 86
65 89 3
65 90 46
65 91 4
65 92 22
65 93 93
65 94 26
65 95 72
65 96 43
65 97 67
65 98 38
65 99 46
65 100 95
65 101 8
65 102 58
65 103 78
65 104 64
65 105 21
65 106 99
65 107 62
65 108 30
65 109 61
66 67 41
66 68 89
66 69 67
66 70 68
66 71 30
66 72 41
66 73 62
66 74 26
66 75 3
66 76 85
66 77 43
66 78 35
66 79 3
66 80 33
66 81 70
66 82 66
66 83 41
66 84 66
66 85 26
66 86 35
66 87 76
66 88 62
66 89 59
66 90 17
66 91 48
66 92 9
66 93 52
66 94 18
66 95 55
66 96 5
66 97 18
66 98 39
66 99 16
66 100 7
66 101 79
66 102 92
66 103 15
66 104 84
66 105 77
66 106 67
66 107 41
66 108 42
66 109 28
67 68 24
67 69 19
67 70 90
67 71 19
67 72 58
67 73 20
67 74 38
67 75 69
67 76 80
67 77 7
67 78 55
67 79 49
67 80 83
67 81 58
67 82 93
67 83 45
67 84 38
67 85 54
67 86 23
67 87 41
67 88 18
67 89 66
67 90 25
67 91 63
67 92 93
67 93 36
67 94 58
67 95 27
67 96 68
67 97 51
67 98 48
67 99 39
67 100 63
67 101 39
67 102 38
67 103 31
67 104 51
67 105 76
67 106 100
67 107 97
67 108 98
67 109 37
68 69 43
68 70 36
68 71 4
68 72 55
68 73 56
68 74 17
68 75 1
68 76 18
68 77 18
68 78 23
68 79 74
68 80 68
68 81 39
68 82 75
68 83 97
68 84 62
68 85 88
68 86 30
68 87 31
68 88 83
68 89 88
68 90 77
68 91 56
68 92 92
68 93 5
68 94 9
68 95 69
68 96 6
68 97 93
68 98 28
68 99 30
68 100 8
68 101 59
68 102 38
68 103 75
68 104 95
68 105 17
68 106 32
68 107 49
68 108 84
68 109 84
69 70 19
69 71 39
69 72 32
69 73 87
69 74 75
69 75 76
69 76 35
69 77 68
69 78 35
69 79 100
69 80 71
69 81 47
69 82 98
69 83 59
69 84 9
69 85 38
69 86 57
69 87 7
69 88 55
69 89 22
69 90 95
69 91 91
69 92 54
69 93 84
69 94 25
69 95 10
69 96 22
69 97 69
69 98 38
69 99 88
69 100 35
69 101 5
69 102 88
69 103 57
69 104 69
69 105 42
69 106 54
69 107 14
69 108 81
69 109 82
70 71 68
70 72 15
70 73 19
70 74 74
70 75 30
70 76 56
70 77 76
70 78 4
70 79 90
70 80 69
70 81 21
70 82 38
70 83 70
70 84 28
70 85 37
70 86 54
70 87 74
70 88 45
70 89 40
70 90 45
70 91 100
70 92 25
70 93 84
70 94 77
70 95 59
70 96 26
70 97 33
70 98 92
70 99 97
70 100 22
70 101 41
70 102 85
70 103 74
70 104 66
70 105 43
70 106 61
70 107 35
70 108 8
70 109 5
71 72 62
71 73 78
71 74 99
71 75 7
71 76 40
71 77 94
71 78 7
71 79 71
71 80 49
71 81 11
71 82 19
71 83 38
71 84 36
71 85 12
71 86 65
71 87 100
71 88 15
71 89 17
71 90 43
71 91 14
71 92 41
71 93 43
71 94 88
71 95 26
71 96 43
71 97 11
71 98 48
71 99 64
71 100 35
71 101 22
71 102 55
71 103 83
71 104 22
71 105 48
71 106 65
71 107 18
71 108 48
71 109 65
72 73 18
72 74 49
72 75 48
72 76 33
72 77 83
72 78 76
72 79 52
72 80 19
72 81 7
72 82 70
72 83 93
72 84 13
72 85 53
72 86 62
72 87 11
72 88 89
72 89 89
72 90 37
72 91 95
72 92 32
72 93 22
72 94 36
72 95 40
72 96 15
72 97 24
72 98 44
72 99 96
72 100 81
72 101 62
72 102 15
72 103 13
72 104 60
72 105 25
72 106 74
72 107 38
72 108 95
72 109 66
73 74 42
73 75 87
73 76 100
73 77 19
73 78 9
73 79 19
73 80 43
73 81 61
73 82 45
73 83 36
73 84 43
73 85 76
73 86 18
73 87 39
73 88 13
73 89 26
73 90 97
73 91 36
73 92 60
73 93 3
73 94 44
73 95 99
73 96 71
73 97 52
73 98 42
73 99 51
73 100 87
73 101 25
73 102 75
73 103 45
73 104 2
73 105 72
73 106 79
73 107 32
73 108 35
73 109 9
74 75 39
74 76 71
74 77 70
74 78 66
74 79 95
74 80 39
74 81 8
74 82 41
74 83 80
74 84 31
74 85 2
74 86 58
74 87 10
74 88 78
74 89 12
74 90 46
74 91 67
74 92 77
74 93 65
74 94 30
74 95 31
74 96 48
74 97 55
74 98 5
74 99 5
74 100 69
74 101 21
74 102 19
74 103 2
74 104 79
74 105 81
74 106 69
74 107 46
74 108 100
74 109 57
75 76 22
75 77 99
75 78 1
75 79 89
75 80 18
75 81 11
75 82 71
75 83 16
75 84 67
75 85 61
75 86 16
75 87 72
75 88 15
75 89 36
75 90 99
75 91 96
75 92 34
75 93 55
75 94 80
75 95 38
75 96 17
75 97 98
75 98 58
75 99 55
75 100 4
75 101 88
75 102 84
75 103 17
75 104 61
75 105 59
75 106 77
75 107 23
75 108 37
75 109 26
76 77 66
76 78 64
76 79 27
76 80 30
76 81 28
76 82 33
76 83 77
76 84 44
76 85 12
76 86 98
76 87 20
76 88 48
76 89 70
76 90 42
76 91 29
76 92 42
76 93 85
76 94 84
76 95 46
76 96 86
76 97 72
76 98 63
76 99 19
76 100 75
76 101 70
76 102 64
76 103 75
76 104 40
76 105 33
76 106 69
76 107 23
76 108 38
76 109 29
77 78 63
77 79 57
77 80 44
77 81 75
77 82 19
77 83 52
77 84 77
77 85 51
77 86 99
77 87 26
77 88 64
77 89 60
77 90 19
77 91 70
77 92 44
77 93 27
77 94 44
77 95 44
77 96 81
77 97 81
77 98 12
77 99 86
77 100 19
77 101 6
77 102 38
77 103 25
77 104 54
77 105 80
77 106 35
77 107 87
77 108 91
77 109 2
78 79 95
78 80 5
78 81 92
78 82 3
78 83 79
78 84 61
78 85 99
78 86 97
78 87 86
78 88 11
78 89 72
78 90 91
78 91 17
78 92 100
78 93 3
78 94 95
78 95 96
78 96 60
78 97 74
78 98 73
78 99 70
78 100 62
78 101 99
78 102 10
78 103 50
78 104 41
78 105 82
78 106 55
78 107 35
78 108 24
78 109 48
79 80 57
79 81 1
79 82 1
79 83 34
79 84 59
79 85 33
79 86 82
79 87 73
79 88 75
79 89 64
79 90 59
79 91 15
79 92 80
79 93 35
79 94 44
79 95 87
79 96 76
79 97 94
79 98 30
79 99 1
79 100 3
79 101 30
79 102 53
79 103 76
79 104 14
79 105 39
79 106 73
79 107 61
79 108 52
79 109 86
80 81 78
80 82 17
80 83 86
80 84 84
80 85 5
80 86 40
80 87 34
80 88 75
80 89 29
80 90 90
80 91 9
80 92 57
80 93 47
80 94 5
80 95 80
80 96 55
80 97 30
80 98 72
80 99 99
80 100 20
80 101 89
80 102 26
80 103 75
80 104 51
80 105 100
80 106 6
80 107 64
80 108 32
80 109 86
81 82 48
81 83 30
81 84 6
81 85 92
81 86 45
81 87 64
81 88 81
81 89 38
81 90 89
81 91 27
81 92 64
81 93 62
81 94 2
81 95 95
81 96 59
81 97 17
81 98 45
81 99 48
81 100 97
81 101 25
81 102 47
81 103 50
81 104 5
81 105 79
81 106 41
81 107 95
81 108 73
81 109 57
82 83 37
82 84 88
82 85 96
82 86 37
82 87 9
82 88 1
82 89 80
82 90 87
82 91 80
82 92 94
82 93 30
82 94 36
82 95 17
82 96 37
82 97 40
82 98 60
82 99 86
82 100 78
82 101 52
82 102 25
82 103 22
82 104 54
82 105 20
82 106 7
82 107 73
82 108 63
82 109 99
83 84 75
83 85 18
83 86 50
83 87 72
83 88 38
83 89 60
83 90 37
83 91 98
83 92 99
83 93 7
83 94 79
83 95 81
83 96 7
83 97 96
83 98 56
83 99 68
83 100 5
83 101 57
83 102 41
83 103 32
83 104 89
83 105 40
83 106 81
83 107 24
83 108 76
83 109 92
84 85 83
84 86 16
84 87 31
84 88 53
84 89 75
84 90 12
84 91 92
84 92 35
84 93 100
84 94 81
84 95 59
84 96 50
84 97 85
84 98 23
84 99 100
84 100 62
84 101 34
84 102 20
84 103 47
84 104 15
84 105 27
84 106 96
84 107 100
84 108 10
84 109 14
85 86 76
85 87 7
85 88 42
85 89 70
85 90 24
85 91 46
85 92 22
85 93 93
85 94 15
85 95 19
85 96 14
85 97 55
85 98 84
85 99 42
85 100 17
85 101 63
85 102 11
85 103 22
85 104 98
85 105 22
85 106 93
85 107 31
85 108 7
85 109 6
86 87 87
86 88 98
86 89 83
86 90 31
86 91 12
86 92 80
86 93 86
86 94 13
86 95 80
86 96 66
86 97 71
86 98 38
86 99 63
86 100 83
86 101 99
86 102 52
86 103 85
86 104 3
86 105 99
86 106 15
86 107 14
86 108 39
86 109 99
87 88 80
87 89 2
87 90 13
87 91 23
87 92 94
87 93 27
87 94 79
87 95 19
87 96 44
87 97 48
87 98 13
87 99 19
87 100 48
87 101 67
87 102 77
87 103 74
87 104 69
87 105 38
87 106 90
87 107 100
87 108 23
87 109 99
88 89 21
88 90 58
88 91 38
88 92 8
88 93 98
88 94 87
88 95 18
88 96 96
88 97 45
88 98 57
88 99 53
88 100 12
88 101 82
88 102 13
88 103 4
88 104 100
88 105 73
88 106 55
88 107 61
88 108 11
88 109 74
89 90 68
89 91 35
89 92 50
89 93 84
89 94 10
89 95 46
89 96 46
89 97 46
89 98 37
89 99 56
89 100 48
89 101 22
89 102 91
89 103 21
89 104 35
89 105 47
89 106 42
89 107 78
89 108 46
89 109 88
90 91 14
90 92 38
90 93 3
90 94 26
90 95 3
90 96 11
90 97 96
90 98 11
90 99 40
90 100 87
90 101 29
90 102 58
90 103 85
90 104 73
90 105 74
90 106 82
90 107 24
90 108 35
90 109 55
91 92 88
91 93 82
91 94 100
91 95 94
91 96 38
91 97 94
91 98 66
91 99 14
91 100 17
91 101 96
91 102 1
91 103 59
91 104 67
91 105 19
91 106 73
91 107 59
91 108 63
91 109 19
92 93 88
92 94 40
92 95 37
92 96 90
92 97 84
92 98 50
92 99 100
92 100 84
92 101 49
92 102 86
92 103 88
92 104 41
92 105 33
92 106 59
92 107 84
92 108 97
92 109 2
93 94 13
93 95 17
93 96 2
93 97 41
93 98 48
93 99 15
93 100 32
93 101 23
93 102 56
93 103 37
93 104 32
93 105 70
93 106 2
93 107 49
93 108 20
93 109 2
94 95 52
94 96 93
94 97 44
94 98 71
94 99 50
94 100 30
94 101 10
94 102 92
94 103 46
94 104 88
94 105 25
94 106 37
94 107 57
94 108 74
94 109 47
95 96 12
95 97 48
95 98 41
95 99 52
95 100 88
95 101 36
95 102 27
95 103 62
95 104 87
95 105 32
95 106 83
95 107 15
95 108 50
95 109 80
96 97 60
96 98 53
96 99 64
96 100 18
96 101 28
96 102 33
96 103 64
96 104 83
96 105 99
96 106 30
96 107 7
96 108 5
96 109 10
97 98 96
97 99 88
97 100 77
97 101 88
97 102 37
97 103 57
97 104 99
97 105 67
97 106 25
97 107 26
97 108 45
97 109 82
98 99 45
98 100 80
98 101 26
98 102 32
98 103 5
98 104 18
98 105 45
98 106 42
98 107 71
98 108 21
98 109 78
99 100 69
99 101 26
99 102 85
99 103 26
99 104 65
99 105 12
99 106 91
99 107 1
99 108 56
99 109 36
100 101 65
100 102 84
100 103 32
100 104 79
100 105 31
100 106 100
100 107 12
100 108 49
100 109 59
101 102 78
101 103 4
101 104 80
101 105 46
101 106 73
101 107 61
101 108 43
101 109 54
102 103 1
102 104 86
102 105 56
102 106 45
102 107 85
102 108 99
102 109 87
103 104 60
103 105 70
103 106 55
103 107 19
103 108 67
103 109 43
104 105 19
104 106 22
104 107 23
104 108 4
104 109 27
105 106 82
105 107 95
105 108 62
105 109 93
106 107 9
106 108 59
106 109 5
107 108 6
107 109 76
108 109 42
