100 4950 99
1 2 50
1 3 25
1 4 100
1 5 61
1 6 30
1 7 26
1 8 79
1 9 31
1 10 20
1 11 71
1 12 1
1 13 50
1 14 31
1 15 32
1 16 62
1 17 33
1 18 35
1 19 26
1 20 94
1 21 54
1 22 34
1 23 67
1 24 42
1 25 36
1 26 23
1 27 14
1 28 78
1 29 22
1 30 51
1 31 24
1 32 97
1 33 40
1 34 76
1 35 62
1 36 61
1 37 35
1 38 85
1 39 78
1 40 29
1 41 82
1 42 11
1 43 85
1 44 95
1 45 91
1 46 66
1 47 67
1 48 44
1 49 25
1 50 21
1 51 31
1 52 71
1 53 6
1 54 33
1 55 15
1 56 100
1 57 81
1 58 55
1 59 22
1 60 1
1 61 30
1 62 45
1 63 39
1 64 85
1 65 71
1 66 30
1 67 58
1 68 66
1 69 63
1 70 63
1 71 79
1 72 17
1 73 61
1 74 48
1 75 94
1 76 96
1 77 76
1 78 12
1 79 38
1 80 24
1 81 64
1 82 45
1 83 76
1 84 12
1 85 70
1 86 90
1 87 16
1 88 53
1 89 11
1 90 85
1 91 84
1 92 63
1 93 64
1 94 68
1 95 57
1 96 41
1 97 81
1 98 79
1 99 45
1 100 59
2 3 10
2 4 62
2 5 72
2 6 58
2 7 52
2 8 22
2 9 50
2 10 54
2 11 92
2 12 38
2 13 80
2 14 100
2 15 84
2 16 61
2 17 88
2 18 84
2 19 42
2 20 98
2 21 41
2 22 92
2 23 3
2 24 47
2 25 40
2 26 76
2 27 73
2 28 10
2 29 17
2 30 41
2 31 70
2 32 54
2 33 96
2 34 30
2 35 17
2 36 21
2 37 87
2 38 4
2 39 65
2 40 49
2 41 36
2 42 70
2 43 43
2 44 4
2 45 20
2 46 88
2 47 65
2 48 89
2 49 77
2 50 3
2 51 22
2 52 9
2 53 36
2 54 54
2 55 68
2 56 52
2 57 36
2 58 67
2 59 32
2 60 47
2 61 86
2 62 82
2 63 78
2 64 88
2 65 68
2 66 43
2 67 14
2 68 95
2 69 15
2 70 10
2 71 88
2 72 52
2 73 33
2 74 59
2 75 60
2 76 7
2 77 5
2 78 85
2 79 7
2 80 16
2 81 58
2 82 24
2 83 57
2 84 15
2 85 90
2 86 66
2 87 80
2 88 22
2 89 53
2 90 99
2 91 15
2 92 48
2 93 87
2 94 86
2 95 23
2 96 86
2 97 53
2 98 45
2 99 100
2 100 71
3 4 61
3 5 15
3 6 62
3 7 49
3 8 18
3 9 90
3 10 43
3 11 93
3 12 16
3 13 93
3 14 62
3 15 59
3 16 41
3 17 100
3 18 25
3 19 50
3 20 77
3 21 86
3 22 94
3 23 71
3 24 70
3 25 46
3 26 94
3 27 69
3 28 6
3 29 37
3 30 82
3 31 19
3 32 5
3 33 82
3 34 41
3 35 32
3 36 42
3 37 13
3 38 47
3 39 7
3 40 92
3 41 3
3 42 34
3 43 21
3 44 41
3 45 29
3 46 90
3 47 83
3 48 76
3 49 53
3 50 5
3 51 18
3 52 89
3 53 15
3 54 8
3 55 48
3 56 91
3 57 45
3 58 7
3 59 23
3 60 31
3 61 5
3 62 78
3 63 75
3 64 8
3 65 13
3 66 61
3 67 73
3 68 71
3 69 57
3 70 86
3 71 19
3 72 75
3 73 44
3 74 90
3 75 67
3 76 40
3 77 59
3 78 83
3 79 96
3 80 10
3 81 5
3 82 78
3 83 83
3 84 13
3 85 85
3 86 81
3 87 59
3 88 54
3 89 43
3 90 75
3 91 22
3 92 60
3 93 90
3 94 35
3 95 76
3 96 5
3 97 60
3 98 77
3 99 54
3 100 64
4 5 97
4 6 44
4 7 6
4 8 75
4 9 5
4 10 69
4 11 45
4 12 4
4 13 3
4 14 83
4 15 41
4 16 67
4 17 67
4 18 82
4 19 2
4 20 88
4 21 85
4 22 14
4 23 75
4 24 30
4 25 73
4 26 60
4 27 74
4 28 22
4 29 75
4 30 59
4 31 45
4 32 72
4 33 96
4 34 67
4 35 17
4 36 43
4 37 5
4 38 63
4 39 52
4 40 58
4 41 43
4 42 7
4 43 96
4 44 77
4 45 20
4 46 84
4 47 50
4 48 87
4 49 3
4 50 63
4 51 36
4 52 24
4 53 55
4 54 50
4 55 28
4 56 69
4 57 2
4 58 21
4 59 12
4 60 69
4 61 35
4 62 7
4 63 44
4 64 41
4 65 24
4 66 16
4 67 85
4 68 8
4 69 23
4 70 33
4 71 97
4 72 79
4 73 40
4 74 81
4 75 91
4 76 15
4 77 44
4 78 16
4 79 46
4 80 34
4 81 98
4 82 19
4 83 22
4 84 26
4 85 61
4 86 69
4 87 46
4 88 57
4 89 79
4 90 4
4 91 77
4 92 85
4 93 87
4 94 27
4 95 94
4 96 6
4 97 80
4 98 78
4 99 49
4 100 77
5 6 8
5 7 58
5 8 24
5 9 57
5 10 27
5 11 86
5 12 91
5 13 9
5 14 23
5 15 79
5 16 38
5 17 9
5 18 23
5 19 79
5 20 43
5 21 19
5 22 93
5 23 48
5 24 7
5 25 68
5 26 100
5 27 17
5 28 33
5 29 1
5 30 95
5 31 38
5 32 99
5 33 61
5 34 7
5 35 93
5 36 4
5 37 40
5 38 55
5 39 99
5 40 62
5 41 79
5 42 61
5 43 71
5 44 30
5 45 51
5 46 72
5 47 15
5 48 69
5 49 63
5 50 33
5 51 86
5 52 80
5 53 79
5 54 13
5 55 54
5 56 98
5 57 98
5 58 70
5 59 22
5 60 75
5 61 9
5 62 65
5 63 12
5 64 76
5 65 65
5 66 76
5 67 63
5 68 76
5 69 95
5 70 36
5 71 74
5 72 22
5 73 96
5 74 56
5 75 11
5 76 11
5 77 62
5 78 41
5 79 19
5 80 8
5 81 14
5 82 37
5 83 75
5 84 72
5 85 23
5 86 76
5 87 10
5 88 71
5 89 1
5 90 33
5 91 75
5 92 5
5 93 57
5 94 17
5 95 76
5 96 26
5 97 69
5 98 83
5 99 83
5 100 91
6 7 86
6 8 44
6 9 73
6 10 95
6 11 53
6 12 17
6 13 85
6 14 25
6 15 96
6 16 19
6 17 67
6 18 70
6 19 36
6 20 36
6 21 5
6 22 69
6 23 37
6 24 12
6 25 58
6 26 47
6 27 33
6 28 45
6 29 23
6 30 85
6 31 47
6 32 43
6 33 52
6 34 40
6 35 10
6 36 93
6 37 35
6 38 62
6 39 86
6 40 58
6 41 15
6 42 14
6 43 56
6 44 94
6 45 58
6 46 84
6 47 56
6 48 81
6 49 36
6 50 57
6 51 65
6 52 95
6 53 13
6 54 44
6 55 58
6 56 22
6 57 37
6 58 13
6 59 12
6 60 32
6 61 5
6 62 17
6 63 5
6 64 21
6 65 71
6 66 19
6 67 52
6 68 39
6 69 42
6 70 75
6 71 68
6 72 53
6 73 42
6 74 55
6 75 61
6 76 33
6 77 14
6 78 48
6 79 32
6 80 89
6 81 1
6 82 80
6 83 74
6 84 45
6 85 96
6 86 26
6 87 51
6 88 78
6 89 78
6 90 93
6 91 1
6 92 29
6 93 70
6 94 98
6 95 72
6 96 3
6 97 81
6 98 58
6 99 27
6 100 9
7 8 68
7 9 78
7 10 78
7 11 41
7 12 50
7 13 4
7 14 8
7 15 37
7 16 66
7 17 12
7 18 40
7 19 53
7 20 10
7 21 85
7 22 71
7 23 65
7 24 27
7 25 1
7 26 64
7 27 92
7 28 10
7 29 23
7 30 21
7 31 25
7 32 79
7 33 2
7 34 4
7 35 62
7 36 29
7 37 71
7 38 77
7 39 67
7 40 68
7 41 6
7 42 94
7 43 60
7 44 93
7 45 6
7 46 23
7 47 10
7 48 65
7 49 15
7 50 1
7 51 77
7 52 72
7 53 97
7 54 96
7 55 11
7 56 9
7 57 55
7 58 91
7 59 79
7 60 85
7 61 82
7 62 98
7 63 93
7 64 65
7 65 55
7 66 74
7 67 10
7 68 61
7 69 15
7 70 78
7 71 17
7 72 9
7 73 12
7 74 22
7 75 80
7 76 20
7 77 57
7 78 75
7 79 93
7 80 94
7 81 95
7 82 14
7 83 69
7 84 87
7 85 40
7 86 24
7 87 44
7 88 8
7 89 83
7 90 75
7 91 85
7 92 77
7 93 2
7 94 54
7 95 6
7 96 52
7 97 87
7 98 100
7 99 77
7 100 19
8 9 92
8 10 79
8 11 5
8 12 37
8 13 82
8 14 34
8 15 35
8 16 46
8 17 73
8 18 49
8 19 29
8 20 30
8 21 61
8 22 57
8 23 92
8 24 24
8 25 21
8 26 30
8 27 7
8 28 90
8 29 14
8 30 78
8 31 6
8 32 5
8 33 86
8 34 95
8 35 30
8 36 26
8 37 27
8 38 27
8 39 10
8 40 14
8 41 28
8 42 19
8 43 21
8 44 83
8 45 20
8 46 88
8 47 55
8 48 40
8 49 65
8 50 96
8 51 69
8 52 91
8 53 77
8 54 20
8 55 46
8 56 96
8 57 20
8 58 16
8 59 15
8 60 96
8 61 65
8 62 62
8 63 51
8 64 87
8 65 6
8 66 9
8 67 62
8 68 72
8 69 43
8 70 7
8 71 57
8 72 50
8 73 53
8 74 3
8 75 71
8 76 87
8 77 65
8 78 50
8 79 12
8 80 80
8 81 29
8 82 34
8 83 1
8 84 48
8 85 98
8 86 17
8 87 44
8 88 1
8 89 31
8 90 22
8 91 2
8 92 34
8 93 26
8 94 85
8 95 32
8 96 70
8 97 24
8 98 15
8 99 47
8 100 20
9 10 67
9 11 88
9 12 50
9 13 80
9 14 67
9 15 42
9 16 79
9 17 80
9 18 54
9 19 96
9 20 86
9 21 49
9 22 98
9 23 85
9 24 18
9 25 66
9 26 66
9 27 83
9 28 94
9 29 18
9 30 18
9 31 89
9 32 27
9 33 33
9 34 24
9 35 23
9 36 94
9 37 21
9 38 8
9 39 88
9 40 26
9 41 30
9 42 64
9 43 56
9 44 70
9 45 54
9 46 48
9 47 13
9 48 12
9 49 6
9 50 26
9 51 15
9 52 72
9 53 32
9 54 85
9 55 2
9 56 26
9 57 45
9 58 8
9 59 45
9 60 68
9 61 70
9 62 74
9 63 47
9 64 23
9 65 15
9 66 22
9 67 89
9 68 75
9 69 65
9 70 78
9 71 96
9 72 31
9 73 91
9 74 53
9 75 59
9 76 16
9 77 22
9 78 96
9 79 94
9 80 95
9 81 95
9 82 42
9 83 93
9 84 31
9 85 2
9 86 10
9 87 13
9 88 60
9 89 72
9 90 48
9 91 10
9 92 29
9 93 41
9 94 42
9 95 58
9 96 75
9 97 77
9 98 44
9 99 80
9 100 38
10 11 77
10 12 11
10 13 39
10 14 46
10 15 53
10 16 82
10 17 77
10 18 76
10 19 68
10 20 38
10 21 79
10 22 61
10 23 22
10 24 66
10 25 16
10 26 89
10 27 52
10 28 35
10 29 89
10 30 76
10 31 6
10 32 78
10 33 60
10 34 18
10 35 24
10 36 57
10 37 48
10 38 53
10 39 11
10 40 19
10 41 86
10 42 25
10 43 71
10 44 45
10 45 52
10 46 66
10 47 62
10 48 30
10 49 22
10 50 65
10 51 66
10 52 50
10 53 58
10 54 31
10 55 17
10 56 30
10 57 31
10 58 57
10 59 61
10 60 81
10 61 61
10 62 13
10 63 35
10 64 95
10 65 50
10 66 78
10 67 16
10 68 2
10 69 68
10 70 88
10 71 15
10 72 45
10 73 10
10 74 98
10 75 29
10 76 83
10 77 34
10 78 10
10 79 82
10 80 21
10 81 58
10 82 37
10 83 35
10 84 69
10 85 30
10 86 85
10 87 85
10 88 73
10 89 43
10 90 81
10 91 2
10 92 32
10 93 37
10 94 11
10 95 38
10 96 95
10 97 95
10 98 85
10 99 47
10 100 45
11 12 100
11 13 2
11 14 98
11 15 36
11 16 90
11 17 18
11 18 52
11 19 84
11 20 50
11 21 64
11 22 5
11 23 47
11 24 72
11 25 30
11 26 8
11 27 63
11 28 5
11 29 22
11 30 7
11 31 81
11 32 16
11 33 42
11 34 17
11 35 19
11 36 75
11 37 61
11 38 95
11 39 36
11 40 3
11 41 10
11 42 20
11 43 81
11 44 84
11 45 53
11 46 87
11 47 60
11 48 68
11 49 12
11 50 15
11 51 89
11 52 15
11 53 84
11 54 17
11 55 27
11 56 1
11 57 84
11 58 71
11 59 31
11 60 45
11 61 41
11 62 58
11 63 33
11 64 25
11 65 91
11 66 95
11 67 39
11 68 10
11 69 40
11 70 30
11 71 52
11 72 83
11 73 27
11 74 39
11 75 75
11 76 88
11 77 33
11 78 50
11 79 75
11 80 68
11 81 61
11 82 5
11 83 87
11 84 30
11 85 95
11 86 53
11 87 75
11 88 52
11 89 11
11 90 5
11 91 43
11 92 82
11 93 55
11 94 41
11 95 70
11 96 29
11 97 13
11 98 15
11 99 63
11 100 45
12 13 55
12 14 74
12 15 58
12 16 13
12 17 60
12 18 94
12 19 23
12 20 40
12 21 76
12 22 29
12 23 7
12 24 84
12 25 23
12 26 46
12 27 100
12 28 19
12 29 85
12 30 94
12 31 77
12 32 16
12 33 79
12 34 83
12 35 58
12 36 8
12 37 80
12 38 80
12 39 41
12 40 74
12 41 58
12 42 55
12 43 89
12 44 44
12 45 96
12 46 26
12 47 18
12 48 10
12 49 8
12 50 22
12 51 22
12 52 18
12 53 47
12 54 57
12 55 62
12 56 20
12 57 7
12 58 57
12 59 37
12 60 52
12 61 51
12 62 5
12 63 72
12 64 77
12 65 81
12 66 74
12 67 56
12 68 1
12 69 20
12 70 59
12 71 34
12 72 62
12 73 54
12 74 68
12 75 21
12 76 76
12 77 80
12 78 31
12 79 5
12 80 90
12 81 15
12 82 65
12 83 46
12 84 73
12 85 55
12 86 57
12 87 32
12 88 7
12 89 67
12 90 25
12 91 5
12 92 61
12 93 58
12 94 43
12 95 79
12 96 59
12 97 67
12 98 88
12 99 24
12 100 26
13 14 89
13 15 43
13 16 40
13 17 21
13 18 93
13 19 55
13 20 16
13 21 73
13 22 73
13 23 87
13 24 58
13 25 61
13 26 67
13 27 22
13 28 69
13 29 20
13 30 62
13 31 66
13 32 72
13 33 85
13 34 1
13 35 1
13 36 24
13 37 32
13 38 88
13 39 11
13 40 88
13 41 11
13 42 35
13 43 30
13 44 11
13 45 25
13 46 88
13 47 69
13 48 68
13 49 77
13 50 56
13 51 56
13 52 19
13 53 13
13 54 86
13 55 20
13 56 99
13 57 50
13 58 93
13 59 68
13 60 23
13 61 82
13 62 77
13 63 53
13 64 87
13 65 24
13 66 2
13 67 20
13 68 89
13 69 78
13 70 65
13 71 9
13 72 93
13 73 92
13 74 97
13 75 69
13 76 84
13 77 78
13 78 54
13 79 8
13 80 11
13 81 27
13 82 82
13 83 100
13 84 44
13 85 88
13 86 55
13 87 11
13 88 51
13 89 33
13 90 79
13 91 32
13 92 98
13 93 42
13 94 6
13 95 20
13 96 68
13 97 92
13 98 71
13 99 61
13 100 69
14 15 48
14 16 60
14 17 94
14 18 94
14 19 53
14 20 33
14 21 54
14 22 43
14 23 23
14 24 55
14 25 65
14 26 23
14 27 68
14 28 13
14 29 63
14 30 21
14 31 1
14 32 65
14 33 30
14 34 45
14 35 100
14 36 6
14 37 11
14 38 83
14 39 64
14 40 98
14 41 83
14 42 96
14 43 64
14 44 99
14 45 13
14 46 19
14 47 2
14 48 51
14 49 37
14 50 63
14 51 49
14 52 68
14 53 11
14 54 30
14 55 92
14 56 28
14 57 78
14 58 33
14 59 31
14 60 47
14 61 20
14 62 71
14 63 6
14 64 16
14 65 3
14 66 37
14 67 17
14 68 73
14 69 4
14 70 34
14 71 66
14 72 68
14 73 58
14 74 41
14 75 91
14 76 26
14 77 54
14 78 14
14 79 48
14 80 100
14 81 35
14 82 98
14 83 76
14 84 59
14 85 29
14 86 34
14 87 61
14 88 59
14 89 3
14 90 96
14 91 60
14 92 81
14 93 64
14 94 79
14 95 7
14 96 58
14 97 24
14 98 20
14 99 55
14 100 58
15 16 64
15 17 92
15 18 5
15 19 42
15 20 77
15 21 96
15 22 39
15 23 58
15 24 89
15 25 29
15 26 18
15 27 26
15 28 59
15 29 33
15 30 26
15 31 71
15 32 74
15 33 70
15 34 60
15 35 4
15 36 46
15 37 76
15 38 60
15 39 46
15 40 42
15 41 64
15 42 76
15 43 29
15 44 31
15 45 85
15 46 5
15 47 52
15 48 4
15 49 64
15 50 8
15 51 98
15 52 69
15 53 22
15 54 27
15 55 85
15 56 56
15 57 35
15 58 6
15 59 94
15 60 26
15 61 89
15 62 78
15 63 88
15 64 34
15 65 93
15 66 84
15 67 67
15 68 58
15 69 9
15 70 27
15 71 71
15 72 40
15 73 87
15 74 57
15 75 35
15 76 88
15 77 92
15 78 73
15 79 47
15 80 64
15 81 4
15 82 71
15 83 63
15 84 100
15 85 73
15 86 78
15 87 12
15 88 91
15 89 72
15 90 22
15 91 26
15 92 17
15 93 28
15 94 17
15 95 47
15 96 49
15 97 54
15 98 41
15 99 91
15 100 8
16 17 75
16 18 29
16 19 68
16 20 61
16 21 55
16 22 75
16 23 82
16 24 18
16 25 2
16 26 31
16 27 66
16 28 46
16 29 35
16 30 1
16 31 34
16 32 1
16 33 12
16 34 67
16 35 45
16 36 89
16 37 60
16 38 16
16 39 99
16 40 42
16 41 61
16 42 81
16 43 100
16 44 61
16 45 20
16 46 61
16 47 7
16 48 55
16 49 70
16 50 60
16 51 49
16 52 80
16 53 75
16 54 87
16 55 46
16 56 32
16 57 100
16 58 81
16 59 42
16 60 43
16 61 73
16 62 53
16 63 54
16 64 42
16 65 80
16 66 59
16 67 96
16 68 35
16 69 66
16 70 10
16 71 64
16 72 88
16 73 76
16 74 66
16 75 27
16 76 32
16 77 18
16 78 88
16 79 60
16 80 32
16 81 65
16 82 85
16 83 55
16 84 35
16 85 60
16 86 84
16 87 59
16 88 60
16 89 76
16 90 23
16 91 8
16 92 47
16 93 29
16 94 79
16 95 20
16 96 12
16 97 63
16 98 33
16 99 94
16 100 13
17 18 33
17 19 31
17 20 91
17 21 28
17 22 49
17 23 76
17 24 95
17 25 52
17 26 64
17 27 52
17 28 20
17 29 75
17 30 17
17 31 2
17 32 62
17 33 97
17 34 2
17 35 83
17 36 77
17 37 54
17 38 18
17 39 79
17 40 55
17 41 21
17 42 60
17 43 19
17 44 1
17 45 22
17 46 85
17 47 99
17 48 37
17 49 55
17 50 70
17 51 93
17 52 61
17 53 75
17 54 79
17 55 12
17 56 57
17 57 50
17 58 35
17 59 75
17 60 7
17 61 44
17 62 87
17 63 77
17 64 31
17 65 46
17 66 8
17 67 20
17 68 100
17 69 99
17 70 50
17 71 83
17 72 64
17 73 87
17 74 18
17 75 5
17 76 39
17 77 93
17 78 49
17 79 83
17 80 23
17 81 95
17 82 77
17 83 32
17 84 24
17 85 94
17 86 12
17 87 77
17 88 52
17 89 94
17 90 97
17 91 51
17 92 31
17 93 58
17 94 53
17 95 65
17 96 10
17 97 36
17 98 65
17 99 97
17 100 82
18 19 9
18 20 62
18 21 9
18 22 64
18 23 73
18 24 79
18 25 19
18 26 57
18 27 18
18 28 83
18 29 37
18 30 93
18 31 14
18 32 98
18 33 63
18 34 81
18 35 69
18 36 33
18 37 55
18 38 83
18 39 79
18 40 96
18 41 18
18 42 52
18 43 62
18 44 99
18 45 74
18 46 59
18 47 9
18 48 4
18 49 56
18 50 77
18 51 39
18 52 74
18 53 17
18 54 13
18 55 17
18 56 92
18 57 37
18 58 82
18 59 26
18 60 42
18 61 19
18 62 78
18 63 88
18 64 77
18 65 90
18 66 13
18 67 97
18 68 12
18 69 5
18 70 58
18 71 98
18 72 40
18 73 30
18 74 37
18 75 91
18 76 18
18 77 21
18 78 31
18 79 40
18 80 93
18 81 93
18 82 42
18 83 2
18 84 40
18 85 99
18 86 98
18 87 65
18 88 86
18 89 21
18 90 94
18 91 16
18 92 38
18 93 38
18 94 41
18 95 77
18 96 14
18 97 99
18 98 92
18 99 26
18 100 65
19 20 21
19 21 89
19 22 41
19 23 33
19 24 10
19 25 78
19 26 87
19 27 80
19 28 66
19 29 49
19 30 37
19 31 97
19 32 79
19 33 58
19 34 27
19 35 50
19 36 81
19 37 7
19 38 48
19 39 71
19 40 20
19 41 10
19 42 95
19 43 49
19 44 69
19 45 79
19 46 12
19 47 80
19 48 38
19 49 41
19 50 38
19 51 13
19 52 91
19 53 100
19 54 80
19 55 27
19 56 50
19 57 10
19 58 6
19 59 100
19 60 52
19 61 32
19 62 93
19 63 64
19 64 32
19 65 50
19 66 100
19 67 7
19 68 30
19 69 77
19 70 36
19 71 52
19 72 61
19 73 24
19 74 3
19 75 67
19 76 28
19 77 35
19 78 3
19 79 56
19 80 87
19 81 85
19 82 45
19 83 34
19 84 89
19 85 1
19 86 49
19 87 8
19 88 42
19 89 77
19 90 22
19 91 65
19 92 68
19 93 57
19 94 13
19 95 90
19 96 83
19 97 42
19 98 1
19 99 44
19 100 91
20 21 23
20 22 74
20 23 85
20 24 68
20 25 17
20 26 18
20 27 75
20 28 41
20 29 42
20 30 4
20 31 13
20 32 65
20 33 70
20 34 32
20 35 50
20 36 58
20 37 95
20 38 59
20 39 83
20 40 88
20 41 13
20 42 3
20 43 17
20 44 27
20 45 33
20 46 29
20 47 53
20 48 27
20 49 100
20 50 45
20 51 9
20 52 70
20 53 46
20 54 30
20 55 86
20 56 81
20 57 29
20 58 39
20 59 38
20 60 87
20 61 15
20 62 59
20 63 35
20 64 78
20 65 72
20 66 41
20 67 67
20 68 75
20 69 48
20 70 22
20 71 93
20 72 69
20 73 65
20 74 14
20 75 75
20 76 15
20 77 61
20 78 13
20 79 34
20 80 61
20 81 39
20 82 20
20 83 43
20 84 37
20 85 96
20 86 62
20 87 5
20 88 35
20 89 34
20 90 63
20 91 53
20 92 7
20 93 70
20 94 56
20 95 12
20 96 89
20 97 11
20 98 86
20 99 93
20 100 42
21 22 15
21 23 59
21 24 14
21 25 36
21 26 17
21 27 73
21 28 61
21 29 47
21 30 25
21 31 81
21 32 54
21 33 23
21 34 81
21 35 9
21 36 18
21 37 8
21 38 85
21 39 71
21 40 38
21 41 63
21 42 37
21 43 90
21 44 48
21 45 15
21 46 6
21 47 13
21 48 96
21 49 64
21 50 25
21 51 99
21 52 50
21 53 60
21 54 69
21 55 96
21 56 85
21 57 93
21 58 70
21 59 57
21 60 100
21 61 14
21 62 88
21 63 60
21 64 17
21 65 92
21 66 13
21 67 9
21 68 85
21 69 11
21 70 33
21 71 80
21 72 15
21 73 38
21 74 93
21 75 80
21 76 27
21 77 80
21 78 50
21 79 70
21 80 67
21 81 21
21 82 41
21 83 66
21 84 62
21 85 36
21 86 28
21 87 61
21 88 74
21 89 23
21 90 49
21 91 13
21 92 30
21 93 42
21 94 47
21 95 93
21 96 50
21 97 25
21 98 66
21 99 53
21 100 52
22 23 15
22 24 42
22 25 97
22 26 47
22 27 91
22 28 4
22 29 13
22 30 58
22 31 1
22 32 42
22 33 4
22 34 72
22 35 40
22 36 72
22 37 98
22 38 22
22 39 37
22 40 55
22 41 89
22 42 41
22 43 40
22 44 93
22 45 4
22 46 74
22 47 66
22 48 87
22 49 7
22 50 86
22 51 53
22 52 72
22 53 11
22 54 73
22 55 11
22 56 98
22 57 85
22 58 55
22 59 91
22 60 70
22 61 58
22 62 17
22 63 33
22 64 5
22 65 66
22 66 32
22 67 73
22 68 79
22 69 15
22 70 9
22 71 54
22 72 72
22 73 30
22 74 80
22 75 57
22 76 68
22 77 26
22 78 34
22 79 88
22 80 67
22 81 52
22 82 16
22 83 82
22 84 96
22 85 17
22 86 77
22 87 98
22 88 56
22 89 9
22 90 32
22 91 65
22 92 94
22 93 27
22 94 72
22 95 46
22 96 5
22 97 56
22 98 31
22 99 72
22 100 4
23 24 52
23 25 76
23 26 26
23 27 83
23 28 13
23 29 24
23 30 40
23 31 11
23 32 40
23 33 61
23 34 31
23 35 20
23 36 15
23 37 78
23 38 10
23 39 53
23 40 70
23 41 35
23 42 78
23 43 28
23 44 3
23 45 6
23 46 92
23 47 88
23 48 87
23 49 77
23 50 57
23 51 8
23 52 54
23 53 76
23 54 35
23 55 89
23 56 78
23 57 10
23 58 14
23 59 23
23 60 14
23 61 28
23 62 86
23 63 23
23 64 37
23 65 84
23 66 13
23 67 66
23 68 91
23 69 22
23 70 6
23 71 53
23 72 85
23 73 80
23 74 68
23 75 56
23 76 8
23 77 50
23 78 15
23 79 91
23 80 34
23 81 62
23 82 25
23 83 79
23 84 51
23 85 55
23 86 3
23 87 16
23 88 65
23 89 54
23 90 65
23 91 100
23 92 39
23 93 64
23 94 25
23 95 67
23 96 42
23 97 16
23 98 27
23 99 8
23 100 75
24 25 31
24 26 32
24 27 77
24 28 97
24 29 89
24 30 48
24 31 83
24 32 86
24 33 54
24 34 29
24 35 83
24 36 46
24 37 26
24 38 96
24 39 19
24 40 79
24 41 41
24 42 42
24 43 22
24 44 52
24 45 40
24 46 3
24 47 99
24 48 37
24 49 24
24 50 97
24 51 30
24 52 2
24 53 9
24 54 97
24 55 24
24 56 85
24 57 63
24 58 12
24 59 89
24 60 96
24 61 91
24 62 49
24 63 53
24 64 2
24 65 9
24 66 31
24 67 39
24 68 67
24 69 99
24 70 75
24 71 68
24 72 62
24 73 90
24 74 30
24 75 79
24 76 26
24 77 4
24 78 86
24 79 47
24 80 7
24 81 89
24 82 71
24 83 28
24 84 89
24 85 83
24 86 13
24 87 15
24 88 16
24 89 6
24 90 91
24 91 84
24 92 40
24 93 37
24 94 80
24 95 60
24 96 81
24 97 2
24 98 33
24 99 49
24 100 82
25 26 74
25 27 52
25 28 45
25 29 56
25 30 13
25 31 17
25 32 21
25 33 33
25 34 49
25 35 25
25 36 24
25 37 28
25 38 64
25 39 29
25 40 13
25 41 14
25 42 36
25 43 52
25 44 44
25 45 24
25 46 4
25 47 11
25 48 52
25 49 71
25 50 37
25 51 28
25 52 34
25 53 90
25 54 36
25 55 62
25 56 39
25 57 46
25 58 60
25 59 95
25 60 85
25 61 59
25 62 78
25 63 46
25 64 77
25 65 5
25 66 23
25 67 83
25 68 6
25 69 68
25 70 17
25 71 61
25 72 56
25 73 97
25 74 95
25 75 1
25 76 47
25 77 94
25 78 84
25 79 22
25 80 97
25 81 51
25 82 11
25 83 48
25 84 62
25 85 52
25 86 96
25 87 83
25 88 96
25 89 21
25 90 61
25 91 39
25 92 87
25 93 48
25 94 39
25 95 68
25 96 71
25 97 13
25 98 16
25 99 5
25 100 83
26 27 66
26 28 2
26 29 86
26 30 39
26 31 11
26 32 14
26 33 78
26 34 98
26 35 39
26 36 64
26 37 67
26 38 19
26 39 48
26 40 44
26 41 93
26 42 41
26 43 5
26 44 87
26 45 91
26 46 77
26 47 68
26 48 90
26 49 68
26 50 83
26 51 53
26 52 16
26 53 27
26 54 71
26 55 74
26 56 35
26 57 20
26 58 6
26 59 73
26 60 62
26 61 33
26 62 59
26 63 10
26 64 35
26 65 44
26 66 8
26 67 84
26 68 88
26 69 7
26 70 18
26 71 29
26 72 100
26 73 46
26 74 74
26 75 75
26 76 72
26 77 13
26 78 56
26 79 19
26 80 52
26 81 32
26 82 38
26 83 29
26 84 98
26 85 40
26 86 16
26 87 7
26 88 73
26 89 83
26 90 82
26 91 94
26 92 78
26 93 67
26 94 98
26 95 68
26 96 23
26 97 11
26 98 68
26 99 65
26 100 47
27 28 74
27 29 73
27 30 43
27 31 90
27 32 87
27 33 65
27 34 14
27 35 55
27 36 21
27 37 5
27 38 65
27 39 3
27 40 59
27 41 68
27 42 49
27 43 41
27 44 4
27 45 38
27 46 74
27 47 90
27 48 22
27 49 21
27 50 27
27 51 42
27 52 33
27 53 40
27 54 68
27 55 64
27 56 78
27 57 22
27 58 42
27 59 91
27 60 12
27 61 59
27 62 60
27 63 35
27 64 13
27 65 74
27 66 16
27 67 80
27 68 43
27 69 65
27 70 84
27 71 15
27 72 93
27 73 15
27 74 96
27 75 29
27 76 60
27 77 84
27 78 71
27 79 40
27 80 11
27 81 5
27 82 12
27 83 79
27 84 63
27 85 94
27 86 67
27 87 66
27 88 69
27 89 96
27 90 91
27 91 82
27 92 83
27 93 84
27 94 95
27 95 2
27 96 53
27 97 11
27 98 42
27 99 41
27 100 90
28 29 20
28 30 45
28 31 80
28 32 6
28 33 79
28 34 33
28 35 11
28 36 88
28 37 90
28 38 52
28 39 4
28 40 61
28 41 71
28 42 94
28 43 33
28 44 55
28 45 40
28 46 56
28 47 84
28 48 4
28 49 19
28 50 96
28 51 45
28 52 17
28 53 86
28 54 55
28 55 63
28 56 54
28 57 80
28 58 68
28 59 47
28 60 100
28 61 60
28 62 50
28 63 55
28 64 86
28 65 35
28 66 25
28 67 55
28 68 63
28 69 22
28 70 61
28 71 69
28 72 49
28 73 59
28 74 12
28 75 46
28 76 41
28 77 48
28 78 3
28 79 22
28 80 35
28 81 84
28 82 49
28 83 33
28 84 58
28 85 67
28 86 83
28 87 14
28 88 82
28 89 60
28 90 75
28 91 29
28 92 54
28 93 50
28 94 29
28 95 88
28 96 67
28 97 39
28 98 32
28 99 79
28 100 52
29 30 49
29 31 8
29 32 87
29 33 54
29 34 54
29 35 100
29 36 71
29 37 45
29 38 74
29 39 75
29 40 74
29 41 59
29 42 8
29 43 34
29 44 7
29 45 39
29 46 48
29 47 22
29 48 59
29 49 44
29 50 30
29 51 61
29 52 8
29 53 13
29 54 51
29 55 32
29 56 17
29 57 76
29 58 6
29 59 29
29 60 75
29 61 32
29 62 44
29 63 69
29 64 13
29 65 45
29 66 60
29 67 50
29 68 54
29 69 71
29 70 83
29 71 85
29 72 69
29 73 10
29 74 43
29 75 83
29 76 28
29 77 98
29 78 88
29 79 55
29 80 70
29 81 40
29 82 31
29 83 18
29 84 17
29 85 76
29 86 19
29 87 20
29 88 76
29 89 19
29 90 84
29 91 63
29 92 49
29 93 91
29 94 94
29 95 61
29 96 2
29 97 82
29 98 55
29 99 96
29 100 65
30 31 41
30 32 48
30 33 18
30 34 26
30 35 87
30 36 50
30 37 23
30 38 85
30 39 2
30 40 68
30 41 37
30 42 60
30 43 38
30 44 19
30 45 37
30 46 76
30 47 2
30 48 50
30 49 91
30 50 21
30 51 50
30 52 93
30 53 47
30 54 4
30 55 69
30 56 76
30 57 52
30 58 20
30 59 39
30 60 82
30 61 51
30 62 63
30 63 91
30 64 66
30 65 68
30 66 9
30 67 2
30 68 43
30 69 86
30 70 77
30 71 49
30 72 29
30 73 11
30 74 30
30 75 4
30 76 2
30 77 53
30 78 44
30 79 66
30 80 43
30 81 91
30 82 67
30 83 25
30 84 30
30 85 4
30 86 89
30 87 71
30 88 85
30 89 86
30 90 54
30 91 24
30 92 98
30 93 60
30 94 42
30 95 61
30 96 75
30 97 35
30 98 73
30 99 29
30 100 49
31 32 58
31 33 66
31 34 3
31 35 11
31 36 64
31 37 86
31 38 91
31 39 13
31 40 99
31 41 88
31 42 3
31 43 59
31 44 71
31 45 30
31 46 18
31 47 17
31 48 29
31 49 17
31 50 92
31 51 34
31 52 23
31 53 65
31 54 78
31 55 17
31 56 62
31 57 84
31 58 11
31 59 39
31 60 90
31 61 25
31 62 79
31 63 20
31 64 43
31 65 58
31 66 17
31 67 49
31 68 56
31 69 4
31 70 52
31 71 92
31 72 32
31 73 78
31 74 68
31 75 64
31 76 85
31 77 67
31 78 83
31 79 68
31 80 97
31 81 65
31 82 58
31 83 43
31 84 58
31 85 58
31 86 79
31 87 19
31 88 4
31 89 60
31 90 80
31 91 42
31 92 60
31 93 7
31 94 53
31 95 54
31 96 16
31 97 8
31 98 8
31 99 80
31 100 21
32 33 86
32 34 64
32 35 91
32 36 97
32 37 10
32 38 16
32 39 96
32 40 81
32 41 17
32 42 81
32 43 74
32 44 63
32 45 34
32 46 69
32 47 86
32 48 74
32 49 39
32 50 13
32 51 97
32 52 31
32 53 37
32 54 86
32 55 51
32 56 53
32 57 78
32 58 50
32 59 100
32 60 9
32 61 68
32 62 87
32 63 62
32 64 40
32 65 18
32 66 66
32 67 54
32 68 26
32 69 33
32 70 34
32 71 47
32 72 63
32 73 85
32 74 12
32 75 16
32 76 31
32 77 87
32 78 95
32 79 83
32 80 40
32 81 47
32 82 55
32 83 80
32 84 25
32 85 27
32 86 57
32 87 81
32 88 65
32 89 25
32 90 66
32 91 88
32 92 8
32 93 49
32 94 17
32 95 16
32 96 83
32 97 21
32 98 85
32 99 26
32 100 6
33 34 64
33 35 62
33 36 31
33 37 46
33 38 26
33 39 5
33 40 71
33 41 41
33 42 27
33 43 87
33 44 32
33 45 90
33 46 84
33 47 76
33 48 7
33 49 21
33 50 25
33 51 47
33 52 53
33 53 65
33 54 100
33 55 12
33 56 48
33 57 34
33 58 47
33 59 11
33 60 91
33 61 64
33 62 11
33 63 71
33 64 39
33 65 31
33 66 19
33 67 41
33 68 75
33 69 45
33 70 34
33 71 63
33 72 49
33 73 55
33 74 94
33 75 32
33 76 43
33 77 18
33 78 70
33 79 12
33 80 9
33 81 4
33 82 11
33 83 69
33 84 20
33 85 48
33 86 81
33 87 52
33 88 97
33 89 11
33 90 16
33 91 49
33 92 3
33 93 34
33 94 56
33 95 81
33 96 75
33 97 5
33 98 64
33 99 32
33 100 3
34 35 82
34 36 63
34 37 46
34 38 74
34 39 69
34 40 13
34 41 61
34 42 76
34 43 19
34 44 99
34 45 96
34 46 96
34 47 58
34 48 78
34 49 93
34 50 45
34 51 52
34 52 5
34 53 99
34 54 87
34 55 19
34 56 87
34 57 12
34 58 7
34 59 87
34 60 78
34 61 44
34 62 81
34 63 75
34 64 17
34 65 90
34 66 42
34 67 38
34 68 35
34 69 73
34 70 95
34 71 82
34 72 3
34 73 84
34 74 86
34 75 26
34 76 56
34 77 72
34 78 11
34 79 35
34 80 49
34 81 15
34 82 42
34 83 54
34 84 2
34 85 100
34 86 43
34 87 34
34 88 29
34 89 68
34 90 78
34 91 49
34 92 41
34 93 36
34 94 27
34 95 98
34 96 7
34 97 9
34 98 76
34 99 36
34 100 57
35 36 97
35 37 90
35 38 58
35 39 78
35 40 12
35 41 43
35 42 98
35 43 93
35 44 6
35 45 98
35 46 12
35 47 77
35 48 67
35 49 18
35 50 37
35 51 100
35 52 52
35 53 48
35 54 47
35 55 35
35 56 37
35 57 35
35 58 72
35 59 56
35 60 56
35 61 43
35 62 13
35 63 76
35 64 10
35 65 24
35 66 20
35 67 66
35 68 19
35 69 53
35 70 89
35 71 82
35 72 54
35 73 50
35 74 83
35 75 48
35 76 65
35 77 3
35 78 55
35 79 3
35 80 71
35 81 63
35 82 79
35 83 67
35 84 59
35 85 3
35 86 42
35 87 91
35 88 61
35 89 25
35 90 80
35 91 58
35 92 75
35 93 90
35 94 86
35 95 92
35 96 67
35 97 61
35 98 34
35 99 47
35 100 1
36 37 59
36 38 97
36 39 50
36 40 32
36 41 83
36 42 87
36 43 17
36 44 23
36 45 42
36 46 71
36 47 36
36 48 94
36 49 15
36 50 6
36 51 78
36 52 62
36 53 98
36 54 86
36 55 71
36 56 77
36 57 9
36 58 87
36 59 18
36 60 63
36 61 25
36 62 8
36 63 41
36 64 61
36 65 44
36 66 18
36 67 11
36 68 55
36 69 5
36 70 54
36 71 43
36 72 49
36 73 8
36 74 67
36 75 98
36 76 51
36 77 94
36 78 57
36 79 76
36 80 5
36 81 34
36 82 50
36 83 80
36 84 9
36 85 15
36 86 43
36 87 82
36 88 2
36 89 47
36 90 21
36 91 4
36 92 9
36 93 60
36 94 34
36 95 89
36 96 16
36 97 95
36 98 1
36 99 94
36 100 54
37 38 52
37 39 78
37 40 78
37 41 6
37 42 65
37 43 26
37 44 28
37 45 84
37 46 36
37 47 66
37 48 31
37 49 58
37 50 92
37 51 12
37 52 23
37 53 72
37 54 47
37 55 10
37 56 56
37 57 74
37 58 2
37 59 96
37 60 44
37 61 34
37 62 97
37 63 73
37 64 83
37 65 57
37 66 20
37 67 92
37 68 45
37 69 34
37 70 81
37 71 1
37 72 43
37 73 54
37 74 46
37 75 70
37 76 90
37 77 92
37 78 31
37 79 3
37 80 82
37 81 11
37 82 43
37 83 40
37 84 38
37 85 52
37 86 44
37 87 87
37 88 100
37 89 22
37 90 93
37 91 37
37 92 38
37 93 33
37 94 8
37 95 29
37 96 95
37 97 91
37 98 58
37 99 58
37 100 29
38 39 60
38 40 6
38 41 9
38 42 47
38 43 46
38 44 73
38 45 68
38 46 47
38 47 63
38 48 29
38 49 50
38 50 85
38 51 1
38 52 39
38 53 13
38 54 56
38 55 58
38 56 4
38 57 18
38 58 8
38 59 34
38 60 66
38 61 43
38 62 92
38 63 53
38 64 83
38 65 90
38 66 26
38 67 69
38 68 91
38 69 28
38 70 40
38 71 86
38 72 50
38 73 42
38 74 25
38 75 38
38 76 39
38 77 33
38 78 36
38 79 68
38 80 18
38 81 30
38 82 92
38 83 78
38 84 88
38 85 92
38 86 85
38 87 52
38 88 43
38 89 5
38 90 49
38 91 75
38 92 36
38 93 81
38 94 91
38 95 95
38 96 78
38 97 72
38 98 85
38 99 30
38 100 28
39 40 11
39 41 78
39 42 62
39 43 90
39 44 55
39 45 100
39 46 12
39 47 93
39 48 70
39 49 61
39 50 28
39 51 26
39 52 91
39 53 20
39 54 51
39 55 43
39 56 72
39 57 29
39 58 50
39 59 5
39 60 27
39 61 68
39 62 19
39 63 32
39 64 50
39 65 15
39 66 49
39 67 35
39 68 61
39 69 68
39 70 61
39 71 32
39 72 80
39 73 75
39 74 83
39 75 81
39 76 75
39 77 16
39 78 83
39 79 14
39 80 94
39 81 84
39 82 20
39 83 8
39 84 21
39 85 94
39 86 91
39 87 22
39 88 38
39 89 1
39 90 13
39 91 99
39 92 73
39 93 58
39 94 40
39 95 77
39 96 87
39 97 3
39 98 26
39 99 41
39 100 94
40 41 86
40 42 25
40 43 48
40 44 24
40 45 78
40 46 5
40 47 40
40 48 17
40 49 20
40 50 42
40 51 60
40 52 81
40 53 34
40 54 88
40 55 42
40 56 83
40 57 94
40 58 27
40 59 39
40 60 88
40 61 19
40 62 62
40 63 46
40 64 99
40 65 7
40 66 59
40 67 43
40 68 71
40 69 5
40 70 68
40 71 68
40 72 41
40 73 40
40 74 49
40 75 73
40 76 59
40 77 35
40 78 51
40 79 76
40 80 64
40 81 2
40 82 91
40 83 17
40 84 83
40 85 23
40 86 17
40 87 50
40 88 35
40 89 94
40 90 46
40 91 82
40 92 27
40 93 20
40 94 79
40 95 23
40 96 3
40 97 66
40 98 64
40 99 47
40 100 27
41 42 58
41 43 21
41 44 49
41 45 59
41 46 96
41 47 85
41 48 85
41 49 70
41 50 34
41 51 87
41 52 47
41 53 57
41 54 20
41 55 37
41 56 29
41 57 41
41 58 20
41 59 27
41 60 46
41 61 79
41 62 80
41 63 53
41 64 53
41 65 81
41 66 85
41 67 96
41 68 30
41 69 41
41 70 61
41 71 50
41 72 47
41 73 49
41 74 83
41 75 94
41 76 1
41 77 39
41 78 84
41 79 58
41 80 23
41 81 68
41 82 31
41 83 41
41 84 50
41 85 69
41 86 32
41 87 30
41 88 5
41 89 87
41 90 77
41 91 84
41 92 100
41 93 45
41 94 10
41 95 69
41 96 77
41 97 28
41 98 52
41 99 51
41 100 54
42 43 59
42 44 63
42 45 6
42 46 85
42 47 65
42 48 12
42 49 37
42 50 11
42 51 52
42 52 74
42 53 84
42 54 27
42 55 11
42 56 80
42 57 55
42 58 72
42 59 17
42 60 52
42 61 6
42 62 12
42 63 6
42 64 4
42 65 19
42 66 83
42 67 94
42 68 51
42 69 33
42 70 100
42 71 46
42 72 92
42 73 77
42 74 44
42 75 30
42 76 22
42 77 88
42 78 55
42 79 49
42 80 33
42 81 57
42 82 11
42 83 55
42 84 97
42 85 28
42 86 1
42 87 1
42 88 85
42 89 33
42 90 89
42 91 52
42 92 25
42 93 14
42 94 73
42 95 86
42 96 71
42 97 88
42 98 6
42 99 1
42 100 41
43 44 56
43 45 71
43 46 38
43 47 69
43 48 26
43 49 49
43 50 77
43 51 71
43 52 85
43 53 92
43 54 45
43 55 47
43 56 47
43 57 44
43 58 97
43 59 71
43 60 94
43 61 76
43 62 98
43 63 54
43 64 63
43 65 52
43 66 22
43 67 57
43 68 20
43 69 5
43 70 76
43 71 38
43 72 82
43 73 12
43 74 78
43 75 65
43 76 32
43 77 75
43 78 82
43 79 39
43 80 21
43 81 89
43 82 59
43 83 32
43 84 17
43 85 24
43 86 71
43 87 30
43 88 71
43 89 96
43 90 99
43 91 57
43 92 49
43 93 44
43 94 83
43 95 32
43 96 90
43 97 41
43 98 99
43 99 95
43 100 65
44 45 56
44 46 4
44 47 30
44 48 29
44 49 55
44 50 51
44 51 67
44 52 32
44 53 48
44 54 23
44 55 8
44 56 53
44 57 83
44 58 22
44 59 53
44 60 24
44 61 86
44 62 32
44 63 29
44 64 13
44 65 19
44 66 10
44 67 29
44 68 86
44 69 8
44 70 9
44 71 86
44 72 69
44 73 26
44 74 68
44 75 21
44 76 20
44 77 34
44 78 52
44 79 81
44 80 58
44 81 20
44 82 89
44 83 54
44 84 97
44 85 4
44 86 49
44 87 9
44 88 84
44 89 45
44 90 16
44 91 59
44 92 78
44 93 54
44 94 38
44 95 12
44 96 72
44 97 1
44 98 31
44 99 93
44 100 92
45 46 27
45 47 19
45 48 52
45 49 64
45 50 35
45 51 75
45 52 19
45 53 20
45 54 7
45 55 91
45 56 16
45 57 68
45 58 34
45 59 66
45 60 15
45 61 57
45 62 71
45 63 52
45 64 88
45 65 41
45 66 7
45 67 76
45 68 13
45 69 64
45 70 98
45 71 13
45 72 60
45 73 40
45 74 80
45 75 25
45 76 9
45 77 44
45 78 64
45 79 89
45 80 38
45 81 61
45 82 92
45 83 4
45 84 98
45 85 50
45 86 56
45 87 90
45 88 27
45 89 89
45 90 32
45 91 48
45 92 17
45 93 72
45 94 34
45 95 93
45 96 72
45 97 83
45 98 8
45 99 95
45 100 69
46 47 74
46 48 8
46 49 33
46 50 73
46 51 96
46 52 3
46 53 71
46 54 19
46 55 13
46 56 11
46 57 31
46 58 6
46 59 41
46 60 59
46 61 13
46 62 35
46 63 40
46 64 71
46 65 24
46 66 31
46 67 45
46 68 70
46 69 50
46 70 91
46 71 38
46 72 40
46 73 35
46 74 6
46 75 33
46 76 38
46 77 55
46 78 25
46 79 59
46 80 96
46 81 43
46 82 91
46 83 86
46 84 10
46 85 78
46 86 15
46 87 47
46 88 2
46 89 53
46 90 17
46 91 100
46 92 65
46 93 17
46 94 70
46 95 42
46 96 66
46 97 73
46 98 6
46 99 19
46 100 9
47 48 50
47 49 58
47 50 47
47 51 62
47 52 41
47 53 43
47 54 38
47 55 40
47 56 37
47 57 31
47 58 43
47 59 43
47 60 49
47 61 15
47 62 77
47 63 17
47 64 20
47 65 59
47 66 48
47 67 8
47 68 53
47 69 59
47 70 50
47 71 53
47 72 65
47 73 94
47 74 54
47 75 25
47 76 39
47 77 74
47 78 38
47 79 25
47 80 72
47 81 45
47 82 60
47 83 98
47 84 66
47 85 77
47 86 84
47 87 11
47 88 94
47 89 89
47 90 89
47 91 32
47 92 79
47 93 78
47 94 62
47 95 34
47 96 30
47 97 43
47 98 82
47 99 15
47 100 87
48 49 78
48 50 56
48 51 36
48 52 1
48 53 32
48 54 30
48 55 95
48 56 13
48 57 79
48 58 89
48 59 61
48 60 68
48 61 20
48 62 49
48 63 76
48 64 18
48 65 28
48 66 96
48 67 97
48 68 29
48 69 48
48 70 60
48 71 89
48 72 68
48 73 67
48 74 1
48 75 57
48 76 93
48 77 100
48 78 6
48 79 97
48 80 100
48 81 72
48 82 55
48 83 98
48 84 66
48 85 84
48 86 21
48 87 63
48 88 43
48 89 38
48 90 49
48 91 56
48 92 82
48 93 56
48 94 69
48 95 4
48 96 89
48 97 95
48 98 3
48 99 54
48 100 81
49 50 49
49 51 15
49 52 19
49 53 63
49 54 77
49 55 89
49 56 36
49 57 69
49 58 69
49 59 71
49 60 3
49 61 92
49 62 13
49 63 85
49 64 7
49 65 99
49 66 48
49 67 71
49 68 36
49 69 58
49 70 31
49 71 59
49 72 46
49 73 70
49 74 42
49 75 33
49 76 83
49 77 82
49 78 1
49 79 30
49 80 88
49 81 19
49 82 19
49 83 47
49 84 1
49 85 86
49 86 69
49 87 97
49 88 11
49 89 26
49 90 35
49 91 46
49 92 98
49 93 41
49 94 63
49 95 88
49 96 88
49 97 61
49 98 26
49 99 2
49 100 43
50 51 25
50 52 80
50 53 100
50 54 32
50 55 22
50 56 36
50 57 33
50 58 85
50 59 48
50 60 70
50 61 49
50 62 34
50 63 11
50 64 27
50 65 51
50 66 3
50 67 36
50 68 72
50 69 50
50 70 68
50 71 90
50 72 97
50 73 2
50 74 26
50 75 69
50 76 38
50 77 33
50 78 91
50 79 42
50 80 9
50 81 33
50 82 47
50 83 19
50 84 10
50 85 64
50 86 34
50 87 1
50 88 18
50 89 56
50 90 27
50 91 43
50 92 14
50 93 46
50 94 20
50 95 41
50 96 35
50 97 64
50 98 1
50 99 35
50 100 9
51 52 90
51 53 17
51 54 34
51 55 47
51 56 22
51 57 36
51 58 68
51 59 90
51 60 41
51 61 84
51 62 33
51 63 23
51 64 54
51 65 52
51 66 49
51 67 17
51 68 53
51 69 45
51 70 75
51 71 10
51 72 26
51 73 100
51 74 24
51 75 46
51 76 96
51 77 15
51 78 35
51 79 38
51 80 88
51 81 79
51 82 41
51 83 74
51 84 67
51 85 23
51 86 76
51 87 57
51 88 9
51 89 82
51 90 81
51 91 77
51 92 13
51 93 37
51 94 71
51 95 100
51 96 43
51 97 39
51 98 70
51 99 62
51 100 96
52 53 97
52 54 75
52 55 20
52 56 96
52 57 57
52 58 53
52 59 56
52 60 32
52 61 3
52 62 89
52 63 5
52 64 90
52 65 100
52 66 3
52 67 66
52 68 59
52 69 7
52 70 78
52 71 80
52 72 57
52 73 85
52 74 17
52 75 91
52 76 47
52 77 23
52 78 20
52 79 57
52 80 49
52 81 28
52 82 39
52 83 21
52 84 71
52 85 86
52 86 13
52 87 5
52 88 39
52 89 84
52 90 34
52 91 79
52 92 58
52 93 30
52 94 51
52 95 23
52 96 41
52 97 19
52 98 80
52 99 33
52 100 97
53 54 85
53 55 98
53 56 24
53 57 35
53 58 94
53 59 27
53 60 84
53 61 19
53 62 9
53 63 88
53 64 33
53 65 29
53 66 92
53 67 57
53 68 96
53 69 57
53 70 3
53 71 73
53 72 33
53 73 20
53 74 60
53 75 52
53 76 92
53 77 56
53 78 59
53 79 43
53 80 19
53 81 29
53 82 84
53 83 4
53 84 88
53 85 59
53 86 26
53 87 36
53 88 71
53 89 6
53 90 68
53 91 5
53 92 36
53 93 30
53 94 93
53 95 67
53 96 53
53 97 41
53 98 56
53 99 53
53 100 37
54 55 94
54 56 98
54 57 60
54 58 15
54 59 65
54 60 86
54 61 38
54 62 73
54 63 94
54 64 33
54 65 78
54 66 11
54 67 81
54 68 86
54 69 21
54 70 28
54 71 71
54 72 93
54 73 87
54 74 59
54 75 34
54 76 29
54 77 67
54 78 8
54 79 91
54 80 56
54 81 32
54 82 41
54 83 91
54 84 68
54 85 58
54 86 71
54 87 16
54 88 32
54 89 19
54 90 34
54 91 99
54 92 48
54 93 81
54 94 29
54 95 13
54 96 22
54 97 65
54 98 32
54 99 4
54 100 60
55 56 60
55 57 4
55 58 80
55 59 33
55 60 11
55 61 18
55 62 9
55 63 20
55 64 2
55 65 43
55 66 90
55 67 75
55 68 32
55 69 9
55 70 58
55 71 59
55 72 57
55 73 89
55 74 11
55 75 40
55 76 24
55 77 60
55 78 31
55 79 35
55 80 11
55 81 30
55 82 96
55 83 88
55 84 47
55 85 60
55 86 81
55 87 22
55 88 91
55 89 86
55 90 46
55 91 6
55 92 13
55 93 68
55 94 22
55 95 21
55 96 81
55 97 25
55 98 7
55 99 12
55 100 65
56 57 77
56 58 78
56 59 55
56 60 92
56 61 90
56 62 45
56 63 85
56 64 72
56 65 73
56 66 66
56 67 87
56 68 52
56 69 23
56 70 20
56 71 94
56 72 43
56 73 71
56 74 40
56 75 25
56 76 49
56 77 58
56 78 76
56 79 75
56 80 60
56 81 41
56 82 3
56 83 95
56 84 63
56 85 8
56 86 32
56 87 52
56 88 6
56 89 41
56 90 85
56 91 98
56 92 59
56 93 100
56 94 96
56 95 7
56 96 65
56 97 35
56 98 48
56 99 56
56 100 97
57 58 32
57 59 56
57 60 6
57 61 14
57 62 49
57 63 88
57 64 45
57 65 64
57 66 39
57 67 83
57 68 17
57 69 75
57 70 85
57 71 59
57 72 83
57 73 23
57 74 16
57 75 21
57 76 55
57 77 25
57 78 11
57 79 60
57 80 29
57 81 29
57 82 25
57 83 47
57 84 1
57 85 95
57 86 99
57 87 33
57 88 57
57 89 56
57 90 85
57 91 30
57 92 55
57 93 97
57 94 31
57 95 62
57 96 32
57 97 97
57 98 30
57 99 35
57 100 75
58 59 97
58 60 97
58 61 75
58 62 54
58 63 23
58 64 28
58 65 65
58 66 5
58 67 33
58 68 60
58 69 71
58 70 24
58 71 11
58 72 57
58 73 4
58 74 72
58 75 41
58 76 97
58 77 11
58 78 13
58 79 79
58 80 89
58 81 46
58 82 32
58 83 100
58 84 89
58 85 9
58 86 97
58 87 93
58 88 81
58 89 67
58 90 49
58 91 90
58 92 10
58 93 84
58 94 20
58 95 28
58 96 18
58 97 63
58 98 98
58 99 10
58 100 22
59 60 64
59 61 80
59 62 53
59 63 32
59 64 44
59 65 25
59 66 16
59 67 30
59 68 56
59 69 18
59 70 47
59 71 69
59 72 81
59 73 30
59 74 6
59 75 22
59 76 90
59 77 19
59 78 88
59 79 91
59 80 83
59 81 15
59 82 83
59 83 63
59 84 1
59 85 7
59 86 63
59 87 4
59 88 89
59 89 85
59 90 92
59 91 56
59 92 48
59 93 100
59 94 33
59 95 4
59 96 36
59 97 17
59 98 30
59 99 36
59 100 53
60 61 86
60 62 35
60 63 65
60 64 31
60 65 92
60 66 78
60 67 29
60 68 78
60 69 46
60 70 35
60 71 71
60 72 87
60 73 41
60 74 74
60 75 62
60 76 59
60 77 98
60 78 56
60 79 12
60 80 6
60 81 97
60 82 100
60 83 17
60 84 79
60 85 58
60 86 19
60 87 30
60 88 54
60 89 100
60 90 64
60 91 38
60 92 66
60 93 32
60 94 91
60 95 99
60 96 20
60 97 76
60 98 98
60 99 57
60 100 49
61 62 50
61 63 47
61 64 38
61 65 1
61 66 26
61 67 99
61 68 39
61 69 76
61 70 29
61 71 14
61 72 34
61 73 16
61 74 3
61 75 31
61 76 72
61 77 44
61 78 59
61 79 43
61 80 4
61 81 83
61 82 67
61 83 46
61 84 91
61 85 53
61 86 6
61 87 31
61 88 38
61 89 34
61 90 34
61 91 34
61 92 57
61 93 86
61 94 51
61 95 93
61 96 82
61 97 91
61 98 79
61 99 18
61 100 48
62 63 30
62 64 45
62 65 33
62 66 18
62 67 92
62 68 23
62 69 37
62 70 56
62 71 98
62 72 87
62 73 2
62 74 97
62 75 40
62 76 63
62 77 83
62 78 27
62 79 91
62 80 17
62 81 73
62 82 47
62 83 92
62 84 63
62 85 85
62 86 45
62 87 73
62 88 36
62 89 57
62 90 59
62 91 35
62 92 26
62 93 63
62 94 16
62 95 56
62 96 90
62 97 35
62 98 93
62 99 71
62 100 99
63 64 78
63 65 60
63 66 57
63 67 29
63 68 74
63 69 22
63 70 13
63 71 59
63 72 87
63 73 5
63 74 43
63 75 8
63 76 80
63 77 39
63 78 2
63 79 100
63 80 6
63 81 27
63 82 7
63 83 49
63 84 71
63 85 51
63 86 17
63 87 20
63 88 12
63 89 85
63 90 98
63 91 28
63 92 62
63 93 13
63 94 47
63 95 39
63 96 39
63 97 75
63 98 85
63 99 18
63 100 55
64 65 97
64 66 12
64 67 96
64 68 26
64 69 13
64 70 98
64 71 78
64 72 42
64 73 87
64 74 98
64 75 46
64 76 74
64 77 33
64 78 35
64 79 87
64 80 100
64 81 59
64 82 74
64 83 24
64 84 30
64 85 1
64 86 76
64 87 24
64 88 17
64 89 36
64 90 11
64 91 19
64 92 60
64 93 27
64 94 45
64 95 26
64 96 58
64 97 86
64 98 72
64 99 62
64 100 83
65 66 38
65 67 7
65 68 75
65 69 23
65 70 35
65 71 69
65 72 7
65 73 44
65 74 42
65 75 18
65 76 75
65 77 63
65 78 35
65 79 68
65 80 6
65 81 47
65 82 26
65 83 97
65 84 64
65 85 1
65 86 77
65 87 17
65 88 77
65 89 11
65 90 57
65 91 72
65 92 5
65 93 92
65 94 56
65 95 15
65 96 28
65 97 96
65 98 4
65 99 90
65 100 100
66 67 84
66 68 26
66 69 5
66 70 50
66 71 44
66 72 20
66 73 49
66 74 36
66 75 61
66 76 13
66 77 92
66 78 90
66 79 25
66 80 53
66 81 98
66 82 31
66 83 43
66 84 7
66 85 48
66 86 34
66 87 57
66 88 70
66 89 83
66 90 31
66 91 78
66 92 60
66 93 86
66 94 71
66 95 97
66 96 96
66 97 77
66 98 4
66 99 39
66 100 11
67 68 67
67 69 3
67 70 26
67 71 62
67 72 89
67 73 100
67 74 68
67 75 63
67 76 25
67 77 18
67 78 94
67 79 34
67 80 92
67 81 56
67 82 3
67 83 76
67 84 56
67 85 77
67 86 37
67 87 38
67 88 21
67 89 95
67 90 45
67 91 30
67 92 69
67 93 25
67 94 89
67 95 40
67 96 61
67 97 17
67 98 87
67 99 54
67 100 24
68 69 59
68 70 28
68 71 54
68 72 40
68 73 33
68 74 12
68 75 31
68 76 87
68 77 16
68 78 56
68 79 83
68 80 4
68 81 68
68 82 42
68 83 63
68 84 72
68 85 1
68 86 90
68 87 51
68 88 35
68 89 74
68 90 15
68 91 95
68 92 44
68 93 23
68 94 79
68 95 83
68 96 29
68 97 23
68 98 23
68 99 99
68 100 50
69 70 5
69 71 18
69 72 4
69 73 62
69 74 95
69 75 87
69 76 72
69 77 43
69 78 65
69 79 8
69 80 75
69 81 76
69 82 18
69 83 56
69 84 67
69 85 17
69 86 80
69 87 7
69 88 17
69 89 30
69 90 14
69 91 84
69 92 90
69 93 48
69 94 8
69 95 51
69 96 38
69 97 59
69 98 76
69 99 27
69 100 27
70 71 61
70 72 8
70 73 24
70 74 97
70 75 83
70 76 66
70 77 96
70 78 98
70 79 99
70 80 9
70 81 46
70 82 11
70 83 71
70 84 21
70 85 44
70 86 87
70 87 61
70 88 80
70 89 19
70 90 32
70 91 88
70 92 5
70 93 96
70 94 77
70 95 35
70 96 13
70 97 14
70 98 61
70 99 38
70 100 20
71 72 35
71 73 100
71 74 18
71 75 59
71 76 37
71 77 63
71 78 10
71 79 65
71 80 28
71 81 23
71 82 89
71 83 17
71 84 92
71 85 98
71 86 76
71 87 98
71 88 44
71 89 62
71 90 78
71 91 60
71 92 11
71 93 82
71 94 96
71 95 17
71 96 83
71 97 17
71 98 85
71 99 98
71 100 25
72 73 94
72 74 72
72 75 23
72 76 66
72 77 58
72 78 93
72 79 57
72 80 91
72 81 97
72 82 100
72 83 40
72 84 56
72 85 33
72 86 1
72 87 75
72 88 68
72 89 26
72 90 93
72 91 64
72 92 35
72 93 5
72 94 47
72 95 46
72 96 14
72 97 75
72 98 45
72 99 1
72 100 67
73 74 96
73 75 5
73 76 14
73 77 10
73 78 14
73 79 4
73 80 69
73 81 22
73 82 13
73 83 63
73 84 4
73 85 10
73 86 79
73 87 8
73 88 56
73 89 27
73 90 5
73 91 67
73 92 48
73 93 26
73 94 12
73 95 7
73 96 72
73 97 75
73 98 26
73 99 53
73 100 8
74 75 49
74 76 7
74 77 33
74 78 25
74 79 73
74 80 47
74 81 33
74 82 28
74 83 58
74 84 89
74 85 86
74 86 94
74 87 33
74 88 53
74 89 48
74 90 45
74 91 72
74 92 45
74 93 73
74 94 48
74 95 34
74 96 68
74 97 11
74 98 88
74 99 13
74 100 7
75 76 21
75 77 77
75 78 68
75 79 21
75 80 84
75 81 88
75 82 25
75 83 80
75 84 77
75 85 84
75 86 23
75 87 19
75 88 16
75 89 85
75 90 29
75 91 39
75 92 97
75 93 67
75 94 46
75 95 30
75 96 56
75 97 31
75 98 43
75 99 78
75 100 95
76 77 59
76 78 40
76 79 44
76 80 60
76 81 52
76 82 62
76 83 98
76 84 92
76 85 5
76 86 11
76 87 100
76 88 93
76 89 84
76 90 38
76 91 57
76 92 75
76 93 3
76 94 31
76 95 41
76 96 43
76 97 76
76 98 69
76 99 62
76 100 5
77 78 56
77 79 40
77 80 43
77 81 53
77 82 97
77 83 27
77 84 97
77 85 27
77 86 60
77 87 23
77 88 37
77 89 3
77 90 91
77 91 98
77 92 49
77 93 47
77 94 57
77 95 6
77 96 72
77 97 49
77 98 63
77 99 32
77 100 95
78 79 85
78 80 13
78 81 48
78 82 74
78 83 13
78 84 100
78 85 34
78 86 57
78 87 40
78 88 47
78 89 80
78 90 11
78 91 49
78 92 83
78 93 58
78 94 15
78 95 66
78 96 75
78 97 21
78 98 66
78 99 29
78 100 100
79 80 13
79 81 34
79 82 71
79 83 26
79 84 37
79 85 89
79 86 82
79 87 88
79 88 17
79 89 37
79 90 87
79 91 63
79 92 19
79 93 65
79 94 8
79 95 17
79 96 76
79 97 26
79 98 33
79 99 79
79 100 48
80 81 74
80 82 86
80 83 69
80 84 65
80 85 67
80 86 98
80 87 49
80 88 49
80 89 72
80 90 55
80 91 53
80 92 27
80 93 69
80 94 76
80 95 17
80 96 87
80 97 10
80 98 27
80 99 24
80 100 58
81 82 80
81 83 64
81 84 23
81 85 66
81 86 3
81 87 87
81 88 23
81 89 81
81 90 18
81 91 20
81 92 26
81 93 14
81 94 93
81 95 12
81 96 20
81 97 57
81 98 30
81 99 71
81 100 72
82 83 100
82 84 13
82 85 8
82 86 48
82 87 29
82 88 89
82 89 65
82 90 57
82 91 65
82 92 100
82 93 95
82 94 57
82 95 9
82 96 2
82 97 51
82 98 31
82 99 38
82 100 14
83 84 17
83 85 57
83 86 57
83 87 79
83 88 51
83 89 51
83 90 6
83 91 71
83 92 17
83 93 100
83 94 67
83 95 24
83 96 92
83 97 34
83 98 44
83 99 85
83 100 31
84 85 34
84 86 56
84 87 82
84 88 27
84 89 34
84 90 70
84 91 24
84 92 22
84 93 67
84 94 36
84 95 99
84 96 64
84 97 69
84 98 41
84 99 1
84 100 5
85 86 32
85 87 24
85 88 68
85 89 31
85 90 99
85 91 11
85 92 10
85 93 3
85 94 53
85 95 17
85 96 15
85 97 3
85 98 55
85 99 35
85 100 21
86 87 58
86 88 12
86 89 7
86 90 16
86 91 77
86 92 17
86 93 86
86 94 6
86 95 21
86 96 30
86 97 84
86 98 56
86 99 77
86 100 13
87 88 59
87 89 98
87 90 88
87 91 89
87 92 97
87 93 16
87 94 39
87 95 3
87 96 97
87 97 13
87 98 24
87 99 19
87 100 28
88 89 20
88 90 83
88 91 67
88 92 61
88 93 7
88 94 100
88 95 29
88 96 15
88 97 97
88 98 43
88 99 26
88 100 62
89 90 22
89 91 72
89 92 85
89 93 74
89 94 66
89 95 54
89 96 94
89 97 62
89 98 83
89 99 64
89 100 88
90 91 43
90 92 47
90 93 28
90 94 47
90 95 45
90 96 96
90 97 10
90 98 36
90 99 32
90 100 83
91 92 32
91 93 52
91 94 36
91 95 54
91 96 10
91 97 30
91 98 79
91 99 92
91 100 49
92 93 79
92 94 57
92 95 71
92 96 4
92 97 3
92 98 11
92 99 43
92 100 26
93 94 72
93 95 39
93 96 3
93 97 38
93 98 71
93 99 76
93 100 10
94 95 91
94 96 64
94 97 52
94 98 17
94 99 93
94 100 10
95 96 33
95 97 15
95 98 44
95 99 5
95 100 1
96 97 86
96 98 31
96 99 99
96 100 39
97 98 12
97 99 28
97 100 5
98 99 56
98 100 77
99 100 76
