79 3081 78
1 2 24
1 3 80
1 4 80
1 5 96
1 6 55
1 7 24
1 8 25
1 9 3
1 10 21
1 11 34
1 12 32
1 13 98
1 14 67
1 15 28
1 16 32
1 17 30
1 18 62
1 19 4
1 20 7
1 21 4
1 22 92
1 23 99
1 24 27
1 25 37
1 26 68
1 27 47
1 28 26
1 29 11
1 30 41
1 31 96
1 32 82
1 33 51
1 34 57
1 35 74
1 36 86
1 37 22
1 38 79
1 39 3
1 40 21
1 41 40
1 42 62
1 43 45
1 44 22
1 45 1
1 46 15
1 47 28
1 48 6
1 49 62
1 50 43
1 51 12
1 52 42
1 53 3
1 54 84
1 55 23
1 56 23
1 57 63
1 58 82
1 59 46
1 60 34
1 61 86
1 62 48
1 63 90
1 64 34
1 65 14
1 66 89
1 67 36
1 68 54
1 69 94
1 70 58
1 71 10
1 72 21
1 73 16
1 74 67
1 75 37
1 76 89
1 77 2
1 78 2
1 79 4
2 3 14
2 4 65
2 5 97
2 6 29
2 7 5
2 8 16
2 9 95
2 10 19
2 11 82
2 12 87
2 13 89
2 14 18
2 15 90
2 16 68
2 17 14
2 18 21
2 19 33
2 20 12
2 21 90
2 22 94
2 23 93
2 24 6
2 25 74
2 26 53
2 27 48
2 28 64
2 29 46
2 30 30
2 31 88
2 32 78
2 33 51
2 34 90
2 35 54
2 36 75
2 37 24
2 38 3
2 39 3
2 40 66
2 41 57
2 42 98
2 43 4
2 44 38
2 45 51
2 46 59
2 47 62
2 48 77
2 49 62
2 50 72
2 51 37
2 52 12
2 53 81
2 54 21
2 55 13
2 56 49
2 57 52
2 58 87
2 59 100
2 60 57
2 61 51
2 62 46
2 63 41
2 64 36
2 65 55
2 66 19
2 67 61
2 68 48
2 69 32
2 70 57
2 71 29
2 72 5
2 73 62
2 74 67
2 75 92
2 76 85
2 77 2
2 78 10
2 79 57
3 4 93
3 5 44
3 6 5
3 7 100
3 8 18
3 9 8
3 10 41
3 11 58
3 12 87
3 13 59
3 14 27
3 15 67
3 16 96
3 17 68
3 18 81
3 19 45
3 20 84
3 21 76
3 22 17
3 23 28
3 24 23
3 25 91
3 26 50
3 27 87
3 28 68
3 29 14
3 30 36
3 31 7
3 32 95
3 33 42
3 34 88
3 35 51
3 36 49
3 37 42
3 38 35
3 39 67
3 40 80
3 41 19
3 42 63
3 43 31
3 44 32
3 45 74
3 46 51
3 47 71
3 48 76
3 49 80
3 50 46
3 51 100
3 52 72
3 53 31
3 54 42
3 55 100
3 56 7
3 57 74
3 58 64
3 59 73
3 60 65
3 61 60
3 62 99
3 63 63
3 64 58
3 65 2
3 66 98
3 67 87
3 68 35
3 69 80
3 70 35
3 71 9
3 72 11
3 73 3
3 74 64
3 75 85
3 76 21
3 77 63
3 78 100
3 79 52
4 5 82
4 6 2
4 7 31
4 8 49
4 9 51
4 10 63
4 11 39
4 12 76
4 13 12
4 14 26
4 15 35
4 16 67
4 17 3
4 18 31
4 19 63
4 20 86
4 21 72
4 22 78
4 23 45
4 24 70
4 25 22
4 26 91
4 27 13
4 28 35
4 29 57
4 30 1
4 31 55
4 32 43
4 33 27
4 34 82
4 35 40
4 36 57
4 37 49
4 38 36
4 39 69
4 40 55
4 41 77
4 42 8
4 43 78
4 44 6
4 45 45
4 46 4
4 47 77
4 48 36
4 49 75
4 50 24
4 51 13
4 52 57
4 53 94
4 54 11
4 55 59
4 56 92
4 57 47
4 58 66
4 59 38
4 60 92
4 61 62
4 62 80
4 63 100
4 64 83
4 65 9
4 66 25
4 67 78
4 68 34
4 69 71
4 70 6
4 71 12
4 72 38
4 73 4
4 74 99
4 75 3
4 76 52
4 77 95
4 78 45
4 79 77
5 6 56
5 7 11
5 8 63
5 9 73
5 10 39
5 11 32
5 12 70
5 13 92
5 14 69
5 15 56
5 16 21
5 17 70
5 18 52
5 19 50
5 20 3
5 21 17
5 22 75
5 23 24
5 24 33
5 25 47
5 26 63
5 27 67
5 28 10
5 29 95
5 30 82
5 31 73
5 32 96
5 33 42
5 34 49
5 35 17
5 36 39
5 37 58
5 38 27
5 39 58
5 40 18
5 41 51
5 42 44
5 43 98
5 44 5
5 45 66
5 46 88
5 47 18
5 48 96
5 49 91
5 50 95
5 51 43
5 52 26
5 53 35
5 54 22
5 55 56
5 56 81
5 57 30
5 58 95
5 59 9
5 60 2
5 61 7
5 62 42
5 63 45
5 64 1
5 65 66
5 66 11
5 67 97
5 68 66
5 69 28
5 70 84
5 71 80
5 72 65
5 73 14
5 74 24
5 75 14
5 76 71
5 77 50
5 78 32
5 79 10
6 7 25
6 8 47
6 9 34
6 10 9
6 11 39
6 12 44
6 13 90
6 14 30
6 15 38
6 16 50
6 17 40
6 18 90
6 19 93
6 20 86
6 21 53
6 22 16
6 23 9
6 24 14
6 25 71
6 26 31
6 27 78
6 28 50
6 29 100
6 30 13
6 31 5
6 32 44
6 33 48
6 34 75
6 35 58
6 36 66
6 37 10
6 38 60
6 39 96
6 40 73
6 41 96
6 42 19
6 43 70
6 44 82
6 45 25
6 46 12
6 47 44
6 48 93
6 49 10
6 50 66
6 51 16
6 52 25
6 53 81
6 54 85
6 55 29
6 56 85
6 57 97
6 58 15
6 59 39
6 60 33
6 61 12
6 62 39
6 63 91
6 64 1
6 65 39
6 66 64
6 67 94
6 68 70
6 69 58
6 70 97
6 71 26
6 72 8
6 73 14
6 74 54
6 75 74
6 76 49
6 77 50
6 78 42
6 79 92
7 8 58
7 9 47
7 10 19
7 11 45
7 12 76
7 13 6
7 14 77
7 15 38
7 16 43
7 17 93
7 18 1
7 19 34
7 20 49
7 21 10
7 22 82
7 23 54
7 24 25
7 25 50
7 26 48
7 27 18
7 28 35
7 29 55
7 30 95
7 31 44
7 32 7
7 33 11
7 34 18
7 35 35
7 36 1
7 37 28
7 38 69
7 39 56
7 40 30
7 41 59
7 42 79
7 43 13
7 44 76
7 45 66
7 46 74
7 47 87
7 48 23
7 49 9
7 50 20
7 51 36
7 52 74
7 53 47
7 54 90
7 55 97
7 56 70
7 57 20
7 58 94
7 59 92
7 60 43
7 61 67
7 62 7
7 63 37
7 64 1
7 65 6
7 66 90
7 67 79
7 68 77
7 69 88
7 70 22
7 71 67
7 72 15
7 73 36
7 74 77
7 75 16
7 76 82
7 77 48
7 78 28
7 79 79
8 9 93
8 10 80
8 11 41
8 12 91
8 13 96
8 14 86
8 15 42
8 16 3
8 17 27
8 18 81
8 19 3
8 20 33
8 21 92
8 22 92
8 23 53
8 24 88
8 25 56
8 26 6
8 27 61
8 28 54
8 29 79
8 30 83
8 31 50
8 32 69
8 33 43
8 34 84
8 35 83
8 36 78
8 37 74
8 38 13
8 39 50
8 40 7
8 41 45
8 42 90
8 43 71
8 44 3
8 45 2
8 46 15
8 47 69
8 48 78
8 49 73
8 50 36
8 51 59
8 52 1
8 53 99
8 54 13
8 55 80
8 56 4
8 57 42
8 58 96
8 59 36
8 60 63
8 61 23
8 62 94
8 63 9
8 64 56
8 65 71
8 66 76
8 67 13
8 68 92
8 69 26
8 70 100
8 71 42
8 72 44
8 73 37
8 74 42
8 75 57
8 76 74
8 77 43
8 78 75
8 79 10
9 10 75
9 11 51
9 12 79
9 13 94
9 14 35
9 15 54
9 16 72
9 17 64
9 18 100
9 19 79
9 20 94
9 21 79
9 22 4
9 23 33
9 24 75
9 25 5
9 26 70
9 27 15
9 28 99
9 29 12
9 30 32
9 31 98
9 32 90
9 33 23
9 34 19
9 35 94
9 36 13
9 37 48
9 38 33
9 39 1
9 40 21
9 41 80
9 42 20
9 43 88
9 44 9
9 45 63
9 46 31
9 47 48
9 48 15
9 49 1
9 50 78
9 51 5
9 52 22
9 53 97
9 54 76
9 55 2
9 56 13
9 57 43
9 58 52
9 59 32
9 60 12
9 61 1
9 62 28
9 63 49
9 64 89
9 65 3
9 66 21
9 67 67
9 68 4
9 69 63
9 70 91
9 71 15
9 72 88
9 73 32
9 74 23
9 75 41
9 76 13
9 77 12
9 78 40
9 79 7
10 11 18
10 12 27
10 13 60
10 14 6
10 15 61
10 16 31
10 17 72
10 18 74
10 19 4
10 20 15
10 21 81
10 22 6
10 23 75
10 24 25
10 25 66
10 26 68
10 27 30
10 28 82
10 29 30
10 30 60
10 31 81
10 32 57
10 33 53
10 34 50
10 35 84
10 36 8
10 37 67
10 38 6
10 39 33
10 40 70
10 41 47
10 42 68
10 43 91
10 44 15
10 45 65
10 46 24
10 47 21
10 48 29
10 49 3
10 50 87
10 51 35
10 52 3
10 53 31
10 54 5
10 55 23
10 56 85
10 57 42
10 58 39
10 59 16
10 60 68
10 61 31
10 62 54
10 63 31
10 64 76
10 65 37
10 66 20
10 67 37
10 68 4
10 69 25
10 70 88
10 71 67
10 72 65
10 73 18
10 74 38
10 75 61
10 76 27
10 77 48
10 78 88
10 79 8
11 12 91
11 13 44
11 14 63
11 15 46
11 16 95
11 17 33
11 18 70
11 19 56
11 20 24
11 21 88
11 22 95
11 23 66
11 24 38
11 25 56
11 26 71
11 27 69
11 28 23
11 29 60
11 30 12
11 31 91
11 32 62
11 33 45
11 34 47
11 35 13
11 36 44
11 37 59
11 38 30
11 39 20
11 40 96
11 41 67
11 42 26
11 43 62
11 44 92
11 45 49
11 46 22
11 47 60
11 48 95
11 49 44
11 50 23
11 51 44
11 52 34
11 53 74
11 54 66
11 55 20
11 56 4
11 57 64
11 58 36
11 59 66
11 60 69
11 61 47
11 62 85
11 63 24
11 64 18
11 65 39
11 66 54
11 67 7
11 68 93
11 69 17
11 70 52
11 71 59
11 72 62
11 73 40
11 74 74
11 75 12
11 76 63
11 77 6
11 78 68
11 79 26
12 13 12
12 14 26
12 15 17
12 16 17
12 17 56
12 18 100
12 19 12
12 20 41
12 21 14
12 22 58
12 23 45
12 24 76
12 25 15
12 26 16
12 27 60
12 28 82
12 29 94
12 30 90
12 31 94
12 32 69
12 33 4
12 34 44
12 35 7
12 36 95
12 37 44
12 38 15
12 39 98
12 40 19
12 41 54
12 42 9
12 43 95
12 44 78
12 45 4
12 46 71
12 47 89
12 48 28
12 49 59
12 50 52
12 51 45
12 52 88
12 53 6
12 54 1
12 55 12
12 56 66
12 57 84
12 58 81
12 59 40
12 60 92
12 61 11
12 62 57
12 63 44
12 64 30
12 65 45
12 66 30
12 67 52
12 68 79
12 69 22
12 70 36
12 71 68
12 72 45
12 73 58
12 74 90
12 75 5
12 76 33
12 77 73
12 78 54
12 79 1
13 14 95
13 15 10
13 16 25
13 17 64
13 18 15
13 19 91
13 20 37
13 21 35
13 22 60
13 23 1
13 24 50
13 25 55
13 26 64
13 27 76
13 28 39
13 29 50
13 30 100
13 31 29
13 32 73
13 33 95
13 34 63
13 35 83
13 36 39
13 37 48
13 38 36
13 39 57
13 40 98
13 41 99
13 42 73
13 43 17
13 44 90
13 45 74
13 46 20
13 47 69
13 48 40
13 49 72
13 50 6
13 51 67
13 52 23
13 53 3
13 54 16
13 55 89
13 56 81
13 57 52
13 58 56
13 59 97
13 60 16
13 61 51
13 62 40
13 63 67
13 64 84
13 65 94
13 66 11
13 67 54
13 68 13
13 69 43
13 70 84
13 71 2
13 72 34
13 73 3
13 74 39
13 75 5
13 76 93
13 77 35
13 78 71
13 79 93
14 15 15
14 16 66
14 17 28
14 18 51
14 19 97
14 20 61
14 21 37
14 22 45
14 23 26
14 24 32
14 25 38
14 26 99
14 27 78
14 28 64
14 29 6
14 30 55
14 31 16
14 32 73
14 33 31
14 34 16
14 35 3
14 36 76
14 37 60
14 38 83
14 39 95
14 40 32
14 41 10
14 42 10
14 43 10
14 44 54
14 45 61
14 46 39
14 47 36
14 48 39
14 49 90
14 50 93
14 51 48
14 52 87
14 53 84
14 54 85
14 55 47
14 56 65
14 57 40
14 58 81
14 59 99
14 60 36
14 61 12
14 62 84
14 63 23
14 64 25
14 65 45
14 66 34
14 67 25
14 68 76
14 69 8
14 70 31
14 71 28
14 72 98
14 73 53
14 74 52
14 75 33
14 76 76
14 77 70
14 78 72
14 79 47
15 16 55
15 17 3
15 18 53
15 19 19
15 20 41
15 21 17
15 22 82
15 23 2
15 24 99
15 25 91
15 26 24
15 27 39
15 28 89
15 29 62
15 30 33
15 31 21
15 32 39
15 33 44
15 34 59
15 35 19
15 36 12
15 37 30
15 38 71
15 39 14
15 40 36
15 41 29
15 42 10
15 43 49
15 44 62
15 45 24
15 46 33
15 47 88
15 48 42
15 49 40
15 50 43
15 51 42
15 52 84
15 53 71
15 54 8
15 55 14
15 56 2
15 57 50
15 58 69
15 59 53
15 60 14
15 61 8
15 62 51
15 63 43
15 64 11
15 65 70
15 66 1
15 67 98
15 68 33
15 69 59
15 70 9
15 71 26
15 72 51
15 73 75
15 74 44
15 75 94
15 76 13
15 77 24
15 78 70
15 79 52
16 17 18
16 18 2
16 19 99
16 20 50
16 21 15
16 22 53
16 23 81
16 24 46
16 25 87
16 26 64
16 27 27
16 28 63
16 29 99
16 30 84
16 31 89
16 32 34
16 33 91
16 34 78
16 35 5
16 36 4
16 37 34
16 38 68
16 39 17
16 40 66
16 41 80
16 42 4
16 43 81
16 44 96
16 45 30
16 46 60
16 47 10
16 48 98
16 49 95
16 50 59
16 51 50
16 52 70
16 53 21
16 54 15
16 55 63
16 56 13
16 57 98
16 58 18
16 59 21
16 60 85
16 61 89
16 62 50
16 63 78
16 64 37
16 65 60
16 66 69
16 67 47
16 68 48
16 69 33
16 70 80
16 71 8
16 72 6
16 73 25
16 74 92
16 75 27
16 76 26
16 77 84
16 78 31
16 79 14
17 18 60
17 19 55
17 20 27
17 21 42
17 22 9
17 23 6
17 24 6
17 25 72
17 26 73
17 27 88
17 28 76
17 29 61
17 30 54
17 31 53
17 32 89
17 33 54
17 34 3
17 35 44
17 36 40
17 37 21
17 38 11
17 39 74
17 40 71
17 41 10
17 42 77
17 43 47
17 44 26
17 45 75
17 46 91
17 47 11
17 48 90
17 49 51
17 50 52
17 51 71
17 52 14
17 53 20
17 54 3
17 55 53
17 56 87
17 57 40
17 58 62
17 59 24
17 60 80
17 61 52
17 62 38
17 63 30
17 64 54
17 65 43
17 66 91
17 67 26
17 68 71
17 69 6
17 70 3
17 71 48
17 72 98
17 73 23
17 74 33
17 75 26
17 76 15
17 77 46
17 78 17
17 79 8
18 19 75
18 20 7
18 21 47
18 22 94
18 23 88
18 24 83
18 25 49
18 26 8
18 27 19
18 28 27
18 29 59
18 30 76
18 31 29
18 32 1
18 33 99
18 34 48
18 35 83
18 36 57
18 37 10
18 38 69
18 39 47
18 40 53
18 41 46
18 42 91
18 43 64
18 44 18
18 45 74
18 46 59
18 47 85
18 48 66
18 49 52
18 50 78
18 51 81
18 52 95
18 53 93
18 54 48
18 55 39
18 56 23
18 57 1
18 58 35
18 59 98
18 60 18
18 61 31
18 62 98
18 63 28
18 64 69
18 65 6
18 66 80
18 67 91
18 68 35
18 69 28
18 70 86
18 71 31
18 72 89
18 73 73
18 74 70
18 75 55
18 76 46
18 77 73
18 78 62
18 79 12
19 20 79
19 21 2
19 22 51
19 23 87
19 24 29
19 25 49
19 26 32
19 27 37
19 28 10
19 29 68
19 30 66
19 31 96
19 32 21
19 33 57
19 34 9
19 35 16
19 36 66
19 37 68
19 38 81
19 39 29
19 40 99
19 41 96
19 42 61
19 43 74
19 44 44
19 45 64
19 46 82
19 47 70
19 48 19
19 49 18
19 50 26
19 51 74
19 52 13
19 53 26
19 54 59
19 55 26
19 56 43
19 57 84
19 58 81
19 59 98
19 60 5
19 61 19
19 62 2
19 63 21
19 64 85
19 65 60
19 66 20
19 67 75
19 68 50
19 69 41
19 70 88
19 71 34
19 72 3
19 73 53
19 74 35
19 75 48
19 76 25
19 77 9
19 78 6
19 79 71
20 21 66
20 22 91
20 23 59
20 24 72
20 25 56
20 26 37
20 27 35
20 28 79
20 29 96
20 30 6
20 31 92
20 32 76
20 33 87
20 34 10
20 35 49
20 36 92
20 37 27
20 38 65
20 39 97
20 40 93
20 41 98
20 42 76
20 43 74
20 44 43
20 45 70
20 46 82
20 47 17
20 48 74
20 49 82
20 50 62
20 51 93
20 52 84
20 53 69
20 54 71
20 55 49
20 56 66
20 57 12
20 58 90
20 59 81
20 60 65
20 61 19
20 62 58
20 63 58
20 64 59
20 65 9
20 66 40
20 67 13
20 68 77
20 69 31
20 70 17
20 71 19
20 72 82
20 73 23
20 74 16
20 75 5
20 76 83
20 77 65
20 78 31
20 79 85
21 22 70
21 23 76
21 24 91
21 25 7
21 26 63
21 27 82
21 28 62
21 29 75
21 30 68
21 31 42
21 32 75
21 33 72
21 34 85
21 35 67
21 36 54
21 37 58
21 38 2
21 39 50
21 40 82
21 41 15
21 42 92
21 43 61
21 44 63
21 45 7
21 46 69
21 47 50
21 48 83
21 49 93
21 50 64
21 51 90
21 52 64
21 53 97
21 54 12
21 55 50
21 56 20
21 57 11
21 58 10
21 59 26
21 60 40
21 61 7
21 62 63
21 63 45
21 64 18
21 65 11
21 66 1
21 67 90
21 68 84
21 69 40
21 70 45
21 71 6
21 72 49
21 73 3
21 74 100
21 75 4
21 76 38
21 77 30
21 78 54
21 79 100
22 23 61
22 24 65
22 25 77
22 26 44
22 27 14
22 28 88
22 29 71
22 30 96
22 31 39
22 32 85
22 33 45
22 34 66
22 35 93
22 36 13
22 37 89
22 38 65
22 39 90
22 40 54
22 41 24
22 42 52
22 43 20
22 44 72
22 45 28
22 46 41
22 47 88
22 48 76
22 49 56
22 50 46
22 51 83
22 52 68
22 53 5
22 54 7
22 55 83
22 56 28
22 57 21
22 58 81
22 59 82
22 60 27
22 61 25
22 62 21
22 63 67
22 64 37
22 65 27
22 66 4
22 67 19
22 68 58
22 69 46
22 70 45
22 71 79
22 72 98
22 73 37
22 74 27
22 75 62
22 76 5
22 77 10
22 78 26
22 79 41
23 24 81
23 25 28
23 26 70
23 27 76
23 28 23
23 29 32
23 30 14
23 31 68
23 32 83
23 33 60
23 34 58
23 35 48
23 36 24
23 37 25
23 38 60
23 39 74
23 40 54
23 41 29
23 42 75
23 43 58
23 44 27
23 45 64
23 46 39
23 47 4
23 48 82
23 49 10
23 50 13
23 51 99
23 52 8
23 53 36
23 54 15
23 55 1
23 56 59
23 57 78
23 58 56
23 59 63
23 60 38
23 61 53
23 62 55
23 63 53
23 64 59
23 65 47
23 66 57
23 67 67
23 68 17
23 69 61
23 70 35
23 71 33
23 72 87
23 73 11
23 74 96
23 75 6
23 76 60
23 77 59
23 78 13
23 79 18
24 25 97
24 26 82
24 27 82
24 28 72
24 29 60
24 30 76
24 31 46
24 32 24
24 33 25
24 34 89
24 35 92
24 36 41
24 37 61
24 38 91
24 39 58
24 40 44
24 41 31
24 42 50
24 43 38
24 44 46
24 45 82
24 46 45
24 47 16
24 48 69
24 49 74
24 50 19
24 51 81
24 52 9
24 53 3
24 54 30
24 55 91
24 56 36
24 57 95
24 58 79
24 59 19
24 60 86
24 61 41
24 62 92
24 63 6
24 64 41
24 65 54
24 66 21
24 67 86
24 68 19
24 69 93
24 70 59
24 71 10
24 72 61
24 73 4
24 74 42
24 75 25
24 76 74
24 77 90
24 78 48
24 79 80
25 26 10
25 27 69
25 28 48
25 29 6
25 30 60
25 31 47
25 32 18
25 33 67
25 34 78
25 35 100
25 36 22
25 37 20
25 38 30
25 39 42
25 40 16
25 41 98
25 42 8
25 43 10
25 44 47
25 45 55
25 46 31
25 47 55
25 48 31
25 49 82
25 50 31
25 51 24
25 52 55
25 53 26
25 54 28
25 55 94
25 56 63
25 57 71
25 58 86
25 59 50
25 60 30
25 61 33
25 62 7
25 63 45
25 64 63
25 65 45
25 66 86
25 67 32
25 68 40
25 69 56
25 70 41
25 71 13
25 72 33
25 73 55
25 74 9
25 75 25
25 76 42
25 77 46
25 78 20
25 79 30
26 27 80
26 28 74
26 29 55
26 30 57
26 31 20
26 32 71
26 33 39
26 34 75
26 35 77
26 36 39
26 37 96
26 38 34
26 39 100
26 40 94
26 41 40
26 42 50
26 43 19
26 44 58
26 45 9
26 46 63
26 47 34
26 48 75
26 49 70
26 50 77
26 51 3
26 52 88
26 53 50
26 54 19
26 55 37
26 56 54
26 57 53
26 58 69
26 59 21
26 60 83
26 61 70
26 62 43
26 63 1
26 64 33
26 65 99
26 66 76
26 67 66
26 68 32
26 69 7
26 70 11
26 71 56
26 72 6
26 73 54
26 74 43
26 75 99
26 76 21
26 77 93
26 78 35
26 79 25
27 28 79
27 29 44
27 30 15
27 31 25
27 32 3
27 33 18
27 34 92
27 35 94
27 36 19
27 37 50
27 38 46
27 39 98
27 40 15
27 41 20
27 42 80
27 43 56
27 44 28
27 45 73
27 46 20
27 47 17
27 48 10
27 49 86
27 50 11
27 51 83
27 52 18
27 53 98
27 54 66
27 55 71
27 56 71
27 57 90
27 58 5
27 59 20
27 60 41
27 61 42
27 62 77
27 63 39
27 64 64
27 65 1
27 66 79
27 67 10
27 68 63
27 69 36
27 70 88
27 71 38
27 72 44
27 73 63
27 74 27
27 75 62
27 76 37
27 77 74
27 78 31
27 79 68
28 29 37
28 30 24
28 31 63
28 32 69
28 33 83
28 34 60
28 35 50
28 36 53
28 37 62
28 38 5
28 39 38
28 40 14
28 41 22
28 42 23
28 43 75
28 44 33
28 45 66
28 46 96
28 47 97
28 48 58
28 49 60
28 50 97
28 51 4
28 52 52
28 53 46
28 54 73
28 55 90
28 56 6
28 57 73
28 58 4
28 59 58
28 60 67
28 61 21
28 62 9
28 63 16
28 64 65
28 65 54
28 66 14
28 67 65
28 68 7
28 69 22
28 70 5
28 71 59
28 72 1
28 73 11
28 74 75
28 75 34
28 76 79
28 77 64
28 78 80
28 79 20
29 30 99
29 31 88
29 32 57
29 33 7
29 34 76
29 35 73
29 36 100
29 37 24
29 38 98
29 39 23
29 40 28
29 41 43
29 42 19
29 43 67
29 44 60
29 45 47
29 46 61
29 47 96
29 48 22
29 49 52
29 50 62
29 51 78
29 52 84
29 53 46
29 54 18
29 55 79
29 56 75
29 57 42
29 58 80
29 59 86
29 60 49
29 61 21
29 62 89
29 63 46
29 64 3
29 65 38
29 66 1
29 67 14
29 68 92
29 69 43
29 70 51
29 71 54
29 72 85
29 73 67
29 74 43
29 75 56
29 76 52
29 77 26
29 78 19
29 79 42
30 31 78
30 32 46
30 33 90
30 34 31
30 35 46
30 36 76
30 37 61
30 38 45
30 39 31
30 40 57
30 41 34
30 42 79
30 43 62
30 44 58
30 45 27
30 46 16
30 47 7
30 48 65
30 49 79
30 50 87
30 51 17
30 52 55
30 53 3
30 54 77
30 55 3
30 56 55
30 57 47
30 58 79
30 59 9
30 60 87
30 61 36
30 62 9
30 63 59
30 64 13
30 65 33
30 66 21
30 67 89
30 68 60
30 69 31
30 70 50
30 71 54
30 72 20
30 73 49
30 74 49
30 75 93
30 76 86
30 77 43
30 78 34
30 79 34
31 32 20
31 33 16
31 34 62
31 35 34
31 36 17
31 37 49
31 38 59
31 39 43
31 40 91
31 41 63
31 42 74
31 43 77
31 44 46
31 45 47
31 46 59
31 47 6
31 48 82
31 49 42
31 50 14
31 51 93
31 52 35
31 53 16
31 54 12
31 55 37
31 56 91
31 57 4
31 58 38
31 59 84
31 60 92
31 61 37
31 62 54
31 63 13
31 64 58
31 65 14
31 66 87
31 67 81
31 68 16
31 69 15
31 70 13
31 71 85
31 72 53
31 73 27
31 74 89
31 75 75
31 76 56
31 77 90
31 78 22
31 79 92
32 33 34
32 34 53
32 35 54
32 36 74
32 37 78
32 38 81
32 39 19
32 40 18
32 41 55
32 42 36
32 43 52
32 44 91
32 45 76
32 46 43
32 47 79
32 48 38
32 49 5
32 50 88
32 51 20
32 52 36
32 53 41
32 54 69
32 55 81
32 56 79
32 57 2
32 58 69
32 59 69
32 60 78
32 61 11
32 62 28
32 63 16
32 64 81
32 65 94
32 66 90
32 67 49
32 68 34
32 69 73
32 70 56
32 71 12
32 72 17
32 73 45
32 74 18
32 75 17
32 76 2
32 77 90
32 78 95
32 79 10
33 34 3
33 35 87
33 36 51
33 37 62
33 38 33
33 39 25
33 40 85
33 41 100
33 42 100
33 43 90
33 44 70
33 45 89
33 46 31
33 47 67
33 48 18
33 49 56
33 50 88
33 51 32
33 52 93
33 53 85
33 54 53
33 55 5
33 56 53
33 57 78
33 58 5
33 59 22
33 60 69
33 61 19
33 62 38
33 63 38
33 64 53
33 65 21
33 66 95
33 67 7
33 68 45
33 69 74
33 70 18
33 71 76
33 72 58
33 73 54
33 74 33
33 75 35
33 76 51
33 77 30
33 78 22
33 79 54
34 35 89
34 36 25
34 37 68
34 38 43
34 39 52
34 40 76
34 41 53
34 42 86
34 43 67
34 44 2
34 45 34
34 46 65
34 47 14
34 48 81
34 49 1
34 50 100
34 51 67
34 52 44
34 53 65
34 54 44
34 55 63
34 56 23
34 57 99
34 58 6
34 59 25
34 60 4
34 61 31
34 62 95
34 63 16
34 64 58
34 65 2
34 66 2
34 67 89
34 68 47
34 69 34
34 70 12
34 71 25
34 72 86
34 73 98
34 74 45
34 75 89
34 76 80
34 77 79
34 78 6
34 79 33
35 36 89
35 37 14
35 38 51
35 39 51
35 40 56
35 41 9
35 42 18
35 43 26
35 44 38
35 45 49
35 46 43
35 47 61
35 48 74
35 49 81
35 50 20
35 51 50
35 52 14
35 53 98
35 54 46
35 55 73
35 56 81
35 57 59
35 58 26
35 59 16
35 60 25
35 61 3
35 62 12
35 63 31
35 64 96
35 65 61
35 66 52
35 67 46
35 68 54
35 69 69
35 70 52
35 71 31
35 72 81
35 73 44
35 74 30
35 75 58
35 76 39
35 77 69
35 78 19
35 79 46
36 37 83
36 38 91
36 39 10
36 40 86
36 41 31
36 42 45
36 43 46
36 44 3
36 45 43
36 46 89
36 47 26
36 48 67
36 49 83
36 50 28
36 51 92
36 52 30
36 53 58
36 54 33
36 55 31
36 56 24
36 57 71
36 58 18
36 59 95
36 60 95
36 61 15
36 62 94
36 63 18
36 64 14
36 65 61
36 66 28
36 67 73
36 68 92
36 69 5
36 70 27
36 71 39
36 72 49
36 73 23
36 74 23
36 75 79
36 76 51
36 77 33
36 78 75
36 79 66
37 38 18
37 39 52
37 40 6
37 41 54
37 42 94
37 43 75
37 44 6
37 45 22
37 46 41
37 47 79
37 48 50
37 49 48
37 50 30
37 51 92
37 52 2
37 53 45
37 54 54
37 55 21
37 56 10
37 57 82
37 58 69
37 59 35
37 60 44
37 61 2
37 62 72
37 63 89
37 64 8
37 65 38
37 66 89
37 67 3
37 68 45
37 69 29
37 70 31
37 71 38
37 72 37
37 73 43
37 74 90
37 75 92
37 76 74
37 77 35
37 78 52
37 79 66
38 39 2
38 40 28
38 41 65
38 42 44
38 43 69
38 44 16
38 45 31
38 46 53
38 47 8
38 48 24
38 49 32
38 50 15
38 51 27
38 52 91
38 53 6
38 54 7
38 55 82
38 56 37
38 57 91
38 58 48
38 59 41
38 60 70
38 61 73
38 62 24
38 63 62
38 64 15
38 65 59
38 66 32
38 67 30
38 68 71
38 69 98
38 70 75
38 71 32
38 72 65
38 73 83
38 74 38
38 75 20
38 76 98
38 77 25
38 78 11
38 79 75
39 40 66
39 41 41
39 42 2
39 43 9
39 44 5
39 45 88
39 46 42
39 47 42
39 48 23
39 49 41
39 50 99
39 51 19
39 52 23
39 53 26
39 54 25
39 55 22
39 56 78
39 57 49
39 58 68
39 59 23
39 60 48
39 61 65
39 62 41
39 63 60
39 64 63
39 65 60
39 66 35
39 67 76
39 68 54
39 69 12
39 70 23
39 71 30
39 72 84
39 73 23
39 74 29
39 75 22
39 76 55
39 77 79
39 78 73
39 79 11
40 41 76
40 42 90
40 43 22
40 44 82
40 45 82
40 46 19
40 47 85
40 48 91
40 49 8
40 50 16
40 51 43
40 52 18
40 53 36
40 54 51
40 55 58
40 56 21
40 57 29
40 58 36
40 59 12
40 60 49
40 61 100
40 62 3
40 63 63
40 64 58
40 65 57
40 66 32
40 67 86
40 68 76
40 69 59
40 70 29
40 71 38
40 72 100
40 73 85
40 74 27
40 75 65
40 76 18
40 77 98
40 78 88
40 79 98
41 42 37
41 43 47
41 44 76
41 45 17
41 46 52
41 47 48
41 48 40
41 49 58
41 50 31
41 51 97
41 52 24
41 53 37
41 54 15
41 55 89
41 56 48
41 57 83
41 58 20
41 59 48
41 60 30
41 61 69
41 62 2
41 63 57
41 64 56
41 65 20
41 66 85
41 67 96
41 68 76
41 69 74
41 70 98
41 71 44
41 72 99
41 73 78
41 74 51
41 75 34
41 76 53
41 77 95
41 78 75
41 79 14
42 43 25
42 44 78
42 45 72
42 46 54
42 47 86
42 48 27
42 49 2
42 50 52
42 51 74
42 52 24
42 53 93
42 54 97
42 55 41
42 56 93
42 57 17
42 58 37
42 59 96
42 60 30
42 61 98
42 62 63
42 63 16
42 64 80
42 65 8
42 66 69
42 67 23
42 68 44
42 69 31
42 70 75
42 71 90
42 72 16
42 73 30
42 74 42
42 75 80
42 76 39
42 77 46
42 78 67
42 79 39
43 44 5
43 45 29
43 46 83
43 47 19
43 48 75
43 49 31
43 50 71
43 51 7
43 52 88
43 53 37
43 54 82
43 55 18
43 56 84
43 57 34
43 58 23
43 59 88
43 60 80
43 61 64
43 62 71
43 63 29
43 64 74
43 65 79
43 66 91
43 67 30
43 68 40
43 69 87
43 70 82
43 71 88
43 72 47
43 73 57
43 74 19
43 75 36
43 76 74
43 77 91
43 78 90
43 79 57
44 45 19
44 46 48
44 47 52
44 48 43
44 49 6
44 50 10
44 51 65
44 52 3
44 53 96
44 54 19
44 55 63
44 56 31
44 57 61
44 58 27
44 59 100
44 60 54
44 61 33
44 62 93
44 63 59
44 64 13
44 65 69
44 66 78
44 67 25
44 68 9
44 69 18
44 70 12
44 71 81
44 72 96
44 73 77
44 74 39
44 75 70
44 76 50
44 77 24
44 78 5
44 79 99
45 46 99
45 47 50
45 48 99
45 49 93
45 50 92
45 51 8
45 52 52
45 53 44
45 54 94
45 55 40
45 56 60
45 57 22
45 58 56
45 59 21
45 60 67
45 61 4
45 62 15
45 63 66
45 64 14
45 65 27
45 66 50
45 67 36
45 68 88
45 69 26
45 70 80
45 71 6
45 72 6
45 73 21
45 74 84
45 75 64
45 76 74
45 77 75
45 78 34
45 79 65
46 47 18
46 48 34
46 49 55
46 50 73
46 51 14
46 52 10
46 53 15
46 54 37
46 55 97
46 56 51
46 57 29
46 58 33
46 59 54
46 60 40
46 61 96
46 62 90
46 63 83
46 64 98
46 65 47
46 66 14
46 67 97
46 68 40
46 69 53
46 70 75
46 71 47
46 72 44
46 73 48
46 74 60
46 75 51
46 76 49
46 77 6
46 78 50
46 79 22
47 48 91
47 49 62
47 50 44
47 51 22
47 52 63
47 53 44
47 54 56
47 55 14
47 56 5
47 57 5
47 58 83
47 59 14
47 60 46
47 61 4
47 62 19
47 63 81
47 64 85
47 65 96
47 66 73
47 67 44
47 68 9
47 69 72
47 70 56
47 71 92
47 72 53
47 73 41
47 74 8
47 75 6
47 76 1
47 77 25
47 78 85
47 79 63
48 49 91
48 50 32
48 51 61
48 52 96
48 53 61
48 54 74
48 55 68
48 56 10
48 57 56
48 58 70
48 59 89
48 60 52
48 61 73
48 62 69
48 63 38
48 64 33
48 65 54
48 66 40
48 67 23
48 68 64
48 69 15
48 70 18
48 71 14
48 72 60
48 73 18
48 74 63
48 75 26
48 76 15
48 77 4
48 78 46
48 79 99
49 50 3
49 51 51
49 52 5
49 53 79
49 54 5
49 55 93
49 56 31
49 57 63
49 58 49
49 59 36
49 60 22
49 61 32
49 62 33
49 63 21
49 64 70
49 65 83
49 66 78
49 67 70
49 68 48
49 69 54
49 70 32
49 71 85
49 72 97
49 73 33
49 74 5
49 75 68
49 76 69
49 77 73
49 78 28
49 79 38
50 51 52
50 52 40
50 53 44
50 54 100
50 55 76
50 56 32
50 57 14
50 58 99
50 59 44
50 60 24
50 61 25
50 62 45
50 63 98
50 64 85
50 65 40
50 66 80
50 67 13
50 68 66
50 69 43
50 70 64
50 71 100
50 72 89
50 73 16
50 74 10
50 75 15
50 76 92
50 77 24
50 78 68
50 79 32
51 52 1
51 53 80
51 54 61
51 55 96
51 56 8
51 57 82
51 58 33
51 59 38
51 60 90
51 61 63
51 62 58
51 63 54
51 64 97
51 65 31
51 66 70
51 67 79
51 68 78
51 69 64
51 70 42
51 71 8
51 72 17
51 73 87
51 74 52
51 75 26
51 76 92
51 77 47
51 78 43
51 79 49
52 53 85
52 54 84
52 55 14
52 56 33
52 57 7
52 58 73
52 59 76
52 60 2
52 61 35
52 62 9
52 63 41
52 64 33
52 65 47
52 66 11
52 67 100
52 68 65
52 69 90
52 70 1
52 71 70
52 72 13
52 73 7
52 74 96
52 75 10
52 76 3
52 77 76
52 78 78
52 79 49
53 54 93
53 55 8
53 56 71
53 57 21
53 58 42
53 59 17
53 60 83
53 61 76
53 62 42
53 63 43
53 64 28
53 65 16
53 66 85
53 67 27
53 68 75
53 69 61
53 70 44
53 71 68
53 72 2
53 73 8
53 74 68
53 75 16
53 76 97
53 77 71
53 78 89
53 79 64
54 55 83
54 56 99
54 57 90
54 58 66
54 59 32
54 60 54
54 61 52
54 62 17
54 63 34
54 64 6
54 65 84
54 66 75
54 67 58
54 68 75
54 69 65
54 70 75
54 71 38
54 72 9
54 73 100
54 74 60
54 75 100
54 76 27
54 77 10
54 78 41
54 79 35
55 56 74
55 57 49
55 58 33
55 59 98
55 60 79
55 61 25
55 62 92
55 63 42
55 64 3
55 65 59
55 66 99
55 67 15
55 68 20
55 69 47
55 70 95
55 71 54
55 72 89
55 73 20
55 74 5
55 75 77
55 76 60
55 77 12
55 78 86
55 79 99
56 57 37
56 58 97
56 59 65
56 60 22
56 61 3
56 62 38
56 63 72
56 64 46
56 65 15
56 66 92
56 67 25
56 68 75
56 69 26
56 70 15
56 71 1
56 72 5
56 73 75
56 74 35
56 75 30
56 76 4
56 77 21
56 78 58
56 79 49
57 58 84
57 59 76
57 60 9
57 61 30
57 62 97
57 63 22
57 64 44
57 65 89
57 66 82
57 67 75
57 68 45
57 69 78
57 70 71
57 71 82
57 72 29
57 73 26
57 74 77
57 75 33
57 76 11
57 77 20
57 78 100
57 79 53
58 59 5
58 60 18
58 61 69
58 62 72
58 63 88
58 64 19
58 65 42
58 66 36
58 67 21
58 68 95
58 69 11
58 70 75
58 71 3
58 72 59
58 73 57
58 74 21
58 75 41
58 76 69
58 77 34
58 78 89
58 79 42
59 60 69
59 61 27
59 62 99
59 63 2
59 64 54
59 65 36
59 66 73
59 67 42
59 68 42
59 69 57
59 70 68
59 71 68
59 72 87
59 73 73
59 74 60
59 75 13
59 76 16
59 77 83
59 78 16
59 79 6
60 61 18
60 62 85
60 63 62
60 64 70
60 65 69
60 66 57
60 67 95
60 68 46
60 69 66
60 70 52
60 71 37
60 72 34
60 73 57
60 74 38
60 75 15
60 76 76
60 77 38
60 78 52
60 79 45
61 62 83
61 63 34
61 64 52
61 65 47
61 66 92
61 67 16
61 68 35
61 69 84
61 70 58
61 71 7
61 72 88
61 73 16
61 74 87
61 75 8
61 76 95
61 77 18
61 78 1
61 79 37
62 63 71
62 64 34
62 65 17
62 66 9
62 67 54
62 68 25
62 69 76
62 70 74
62 71 32
62 72 82
62 73 75
62 74 38
62 75 86
62 76 70
62 77 18
62 78 16
62 79 17
63 64 84
63 65 65
63 66 45
63 67 31
63 68 69
63 69 6
63 70 51
63 71 14
63 72 47
63 73 12
63 74 23
63 75 95
63 76 24
63 77 9
63 78 45
63 79 80
64 65 27
64 66 75
64 67 34
64 68 5
64 69 45
64 70 81
64 71 82
64 72 93
64 73 99
64 74 46
64 75 31
64 76 17
64 77 45
64 78 45
64 79 13
65 66 56
65 67 78
65 68 25
65 69 27
65 70 78
65 71 73
65 72 37
65 73 96
65 74 77
65 75 6
65 76 52
65 77 38
65 78 62
65 79 98
66 67 10
66 68 14
66 69 16
66 70 8
66 71 23
66 72 29
66 73 83
66 74 8
66 75 13
66 76 66
66 77 17
66 78 30
66 79 99
67 68 9
67 69 23
67 70 17
67 71 5
67 72 65
67 73 54
67 74 60
67 75 57
67 76 49
67 77 52
67 78 67
67 79 77
68 69 2
68 70 81
68 71 81
68 72 75
68 73 89
68 74 11
68 75 40
68 76 79
68 77 48
68 78 35
68 79 38
69 70 93
69 71 11
69 72 95
69 73 26
69 74 12
69 75 90
69 76 82
69 77 30
69 78 39
69 79 45
70 71 6
70 72 47
70 73 12
70 74 59
70 75 41
70 76 41
70 77 37
70 78 8
70 79 79
71 72 54
71 73 52
71 74 50
71 75 98
71 76 93
71 77 57
71 78 61
71 79 92
72 73 37
72 74 35
72 75 64
72 76 19
72 77 36
72 78 44
72 79 39
73 74 50
73 75 65
73 76 21
73 77 68
73 78 98
73 79 61
74 75 94
74 76 27
74 77 21
74 78 17
74 79 25
75 76 41
75 77 30
75 78 95
75 79 53
76 77 71
76 78 73
76 79 60
77 78 11
77 79 84
78 79 12
