66 2145 65
1 2 87
1 3 65
1 4 30
1 5 17
1 6 17
1 7 27
1 8 56
1 9 14
1 10 58
1 11 5
1 12 57
1 13 29
1 14 63
1 15 40
1 16 55
1 17 41
1 18 19
1 19 15
1 20 43
1 21 37
1 22 91
1 23 82
1 24 68
1 25 77
1 26 47
1 27 22
1 28 25
1 29 99
1 30 93
1 31 35
1 32 95
1 33 41
1 34 99
1 35 13
1 36 86
1 37 20
1 38 64
1 39 80
1 40 100
1 41 50
1 42 43
1 43 23
1 44 55
1 45 47
1 46 68
1 47 30
1 48 40
1 49 86
1 50 32
1 51 80
1 52 88
1 53 50
1 54 47
1 55 13
1 56 70
1 57 3
1 58 88
1 59 93
1 60 54
1 61 29
1 62 29
1 63 64
1 64 47
1 65 32
1 66 89
2 3 2
2 4 68
2 5 22
2 6 47
2 7 82
2 8 27
2 9 8
2 10 78
2 11 48
2 12 74
2 13 17
2 14 19
2 15 48
2 16 7
2 17 5
2 18 50
2 19 14
2 20 50
2 21 6
2 22 74
2 23 45
2 24 75
2 25 51
2 26 25
2 27 62
2 28 70
2 29 58
2 30 70
2 31 74
2 32 3
2 33 81
2 34 8
2 35 13
2 36 3
2 37 39
2 38 19
2 39 35
2 40 79
2 41 11
2 42 54
2 43 15
2 44 44
2 45 50
2 46 9
2 47 3
2 48 99
2 49 95
2 50 7
2 51 5
2 52 18
2 53 17
2 54 38
2 55 90
2 56 92
2 57 7
2 58 15
2 59 53
2 60 44
2 61 26
2 62 79
2 63 9
2 64 51
2 65 62
2 66 63
3 4 95
3 5 82
3 6 19
3 7 92
3 8 26
3 9 76
3 10 25
3 11 18
3 12 31
3 13 98
3 14 83
3 15 92
3 16 28
3 17 87
3 18 53
3 19 64
3 20 56
3 21 52
3 22 3
3 23 50
3 24 38
3 25 63
3 26 21
3 27 52
3 28 21
3 29 40
3 30 62
3 31 93
3 32 12
3 33 43
3 34 41
3 35 54
3 36 20
3 37 60
3 38 34
3 39 99
3 40 57
3 41 6
3 42 33
3 43 32
3 44 61
3 45 56
3 46 81
3 47 78
3 48 94
3 49 78
3 50 96
3 51 87
3 52 33
3 53 40
3 54 34
3 55 22
3 56 58
3 57 58
3 58 92
3 59 88
3 60 78
3 61 66
3 62 84
3 63 66
3 64 76
3 65 25
3 66 55
4 5 36
4 6 2
4 7 1
4 8 59
4 9 18
4 10 60
4 11 12
4 12 96
4 13 36
4 14 76
4 15 78
4 16 35
4 17 23
4 18 75
4 19 73
4 20 10
4 21 83
4 22 95
4 23 17
4 24 2
4 25 45
4 26 93
4 27 21
4 28 36
4 29 62
4 30 17
4 31 75
4 32 63
4 33 82
4 34 36
4 35 18
4 36 72
4 37 56
4 38 12
4 39 26
4 40 74
4 41 59
4 42 11
4 43 65
4 44 12
4 45 33
4 46 92
4 47 46
4 48 78
4 49 48
4 50 64
4 51 87
4 52 19
4 53 20
4 54 46
4 55 75
4 56 55
4 57 46
4 58 6
4 59 14
4 60 58
4 61 58
4 62 70
4 63 87
4 64 22
4 65 67
4 66 1
5 6 67
5 7 15
5 8 46
5 9 14
5 10 1
5 11 20
5 12 79
5 13 37
5 14 25
5 15 22
5 16 16
5 17 68
5 18 70
5 19 14
5 20 1
5 21 78
5 22 32
5 23 75
5 24 54
5 25 97
5 26 41
5 27 3
5 28 76
5 29 83
5 30 3
5 31 8
5 32 38
5 33 78
5 34 71
5 35 73
5 36 1
5 37 36
5 38 45
5 39 73
5 40 16
5 41 30
5 42 22
5 43 75
5 44 41
5 45 47
5 46 13
5 47 75
5 48 84
5 49 62
5 50 94
5 51 45
5 52 33
5 53 91
5 54 61
5 55 29
5 56 21
5 57 19
5 58 87
5 59 49
5 60 14
5 61 73
5 62 76
5 63 53
5 64 24
5 65 29
5 66 24
6 7 38
6 8 54
6 9 12
6 10 17
6 11 70
6 12 49
6 13 1
6 14 75
6 15 33
6 16 72
6 17 40
6 18 71
6 19 86
6 20 25
6 21 3
6 22 39
6 23 1
6 24 66
6 25 17
6 26 68
6 27 93
6 28 39
6 29 41
6 30 81
6 31 49
6 32 81
6 33 2
6 34 93
6 35 99
6 36 42
6 37 28
6 38 19
6 39 99
6 40 37
6 41 88
6 42 37
6 43 26
6 44 38
6 45 33
6 46 96
6 47 99
6 48 58
6 49 20
6 50 1
6 51 4
6 52 49
6 53 4
6 54 30
6 55 5
6 56 25
6 57 88
6 58 36
6 59 55
6 60 50
6 61 65
6 62 91
6 63 12
6 64 5
6 65 68
6 66 20
7 8 53
7 9 83
7 10 76
7 11 49
7 12 92
7 13 7
7 14 72
7 15 59
7 16 11
7 17 52
7 18 82
7 19 88
7 20 79
7 21 73
7 22 11
7 23 39
7 24 2
7 25 87
7 26 60
7 27 64
7 28 85
7 29 12
7 30 88
7 31 60
7 32 62
7 33 69
7 34 56
7 35 31
7 36 81
7 37 34
7 38 33
7 39 41
7 40 4
7 41 33
7 42 22
7 43 64
7 44 46
7 45 10
7 46 66
7 47 88
7 48 66
7 49 14
7 50 15
7 51 52
7 52 42
7 53 4
7 54 32
7 55 44
7 56 10
7 57 78
7 58 1
7 59 35
7 60 94
7 61 34
7 62 95
7 63 27
7 64 2
7 65 3
7 66 96
8 9 6
8 10 80
8 11 94
8 12 5
8 13 2
8 14 91
8 15 32
8 16 54
8 17 72
8 18 25
8 19 66
8 20 22
8 21 26
8 22 99
8 23 52
8 24 12
8 25 45
8 26 8
8 27 77
8 28 88
8 29 99
8 30 41
8 31 32
8 32 45
8 33 44
8 34 68
8 35 93
8 36 29
8 37 94
8 38 54
8 39 14
8 40 82
8 41 31
8 42 98
8 43 41
8 44 70
8 45 28
8 46 3
8 47 11
8 48 79
8 49 84
8 50 85
8 51 62
8 52 34
8 53 6
8 54 18
8 55 24
8 56 59
8 57 28
8 58 18
8 59 82
8 60 84
8 61 13
8 62 75
8 63 24
8 64 72
8 65 73
8 66 6
9 10 58
9 11 5
9 12 19
9 13 7
9 14 97
9 15 71
9 16 85
9 17 75
9 18 20
9 19 86
9 20 42
9 21 40
9 22 56
9 23 93
9 24 20
9 25 96
9 26 62
9 27 64
9 28 51
9 29 62
9 30 74
9 31 7
9 32 43
9 33 41
9 34 55
9 35 57
9 36 68
9 37 26
9 38 31
9 39 68
9 40 53
9 41 82
9 42 94
9 43 24
9 44 89
9 45 88
9 46 46
9 47 17
9 48 86
9 49 70
9 50 69
9 51 92
9 52 61
9 53 5
9 54 91
9 55 27
9 56 7
9 57 7
9 58 60
9 59 84
9 60 18
9 61 77
9 62 84
9 63 42
9 64 72
9 65 98
9 66 27
10 11 50
10 12 28
10 13 41
10 14 58
10 15 98
10 16 77
10 17 100
10 18 7
10 19 75
10 20 64
10 21 63
10 22 79
10 23 34
10 24 36
10 25 52
10 26 39
10 27 2
10 28 19
10 29 82
10 30 97
10 31 22
10 32 79
10 33 98
10 34 56
10 35 86
10 36 73
10 37 30
10 38 93
10 39 7
10 40 11
10 41 45
10 42 83
10 43 88
10 44 90
10 45 38
10 46 30
10 47 67
10 48 58
10 49 68
10 50 42
10 51 52
10 52 28
10 53 67
10 54 88
10 55 88
10 56 62
10 57 80
10 58 48
10 59 62
10 60 76
10 61 98
10 62 87
10 63 65
10 64 89
10 65 16
10 66 20
11 12 18
11 13 63
11 14 67
11 15 67
11 16 35
11 17 23
11 18 20
11 19 90
11 20 86
11 21 47
11 22 39
11 23 13
11 24 26
11 25 70
11 26 64
11 27 78
11 28 55
11 29 50
11 30 78
11 31 15
11 32 54
11 33 2
11 34 67
11 35 54
11 36 34
11 37 20
11 38 19
11 39 10
11 40 54
11 41 79
11 42 81
11 43 33
11 44 30
11 45 48
11 46 65
11 47 26
11 48 33
11 49 9
11 50 13
11 51 48
11 52 86
11 53 97
11 54 94
11 55 80
11 56 73
11 57 28
11 58 81
11 59 31
11 60 41
11 61 74
11 62 93
11 63 40
11 64 1
11 65 88
11 66 66
12 13 9
12 14 86
12 15 92
12 16 18
12 17 71
12 18 9
12 19 75
12 20 87
12 21 20
12 22 74
12 23 79
12 24 91
12 25 97
12 26 3
12 27 53
12 28 85
12 29 3
12 30 4
12 31 4
12 32 36
12 33 31
12 34 98
12 35 43
12 36 37
12 37 1
12 38 11
12 39 93
12 40 44
12 41 11
12 42 20
12 43 77
12 44 78
12 45 89
12 46 38
12 47 31
12 48 53
12 49 32
12 50 34
12 51 5
12 52 54
12 53 83
12 54 47
12 55 45
12 56 96
12 57 58
12 58 95
12 59 20
12 60 94
12 61 71
12 62 36
12 63 82
12 64 86
12 65 70
12 66 47
13 14 75
13 15 16
13 16 90
13 17 26
13 18 56
13 19 51
13 20 36
13 21 1
13 22 26
13 23 52
13 24 71
13 25 12
13 26 45
13 27 53
13 28 54
13 29 30
13 30 89
13 31 48
13 32 28
13 33 29
13 34 57
13 35 91
13 36 9
13 37 85
13 38 16
13 39 18
13 40 62
13 41 15
13 42 74
13 43 24
13 44 38
13 45 48
13 46 17
13 47 30
13 48 50
13 49 84
13 50 96
13 51 18
13 52 97
13 53 28
13 54 1
13 55 89
13 56 92
13 57 70
13 58 4
13 59 60
13 60 88
13 61 54
13 62 78
13 63 70
13 64 10
13 65 55
13 66 54
14 15 19
14 16 81
14 17 57
14 18 21
14 19 83
14 20 77
14 21 62
14 22 98
14 23 34
14 24 9
14 25 25
14 26 73
14 27 91
14 28 68
14 29 12
14 30 23
14 31 76
14 32 43
14 33 76
14 34 19
14 35 44
14 36 78
14 37 4
14 38 49
14 39 28
14 40 85
14 41 85
14 42 47
14 43 92
14 44 43
14 45 38
14 46 66
14 47 1
14 48 91
14 49 62
14 50 50
14 51 44
14 52 12
14 53 16
14 54 47
14 55 94
14 56 50
14 57 76
14 58 70
14 59 67
14 60 74
14 61 75
14 62 46
14 63 42
14 64 54
14 65 91
14 66 96
15 16 23
15 17 29
15 18 41
15 19 91
15 20 65
15 21 98
15 22 32
15 23 70
15 24 55
15 25 46
15 26 63
15 27 72
15 28 40
15 29 26
15 30 100
15 31 27
15 32 98
15 33 66
15 34 15
15 35 84
15 36 81
15 37 50
15 38 36
15 39 58
15 40 32
15 41 1
15 42 40
15 43 59
15 44 7
15 45 68
15 46 91
15 47 93
15 48 3
15 49 78
15 50 75
15 51 72
15 52 95
15 53 82
15 54 69
15 55 40
15 56 6
15 57 17
15 58 64
15 59 50
15 60 87
15 61 35
15 62 65
15 63 28
15 64 2
15 65 37
15 66 99
16 17 42
16 18 36
16 19 88
16 20 41
16 21 96
16 22 60
16 23 10
16 24 86
16 25 4
16 26 96
16 27 90
16 28 68
16 29 29
16 30 14
16 31 26
16 32 93
16 33 76
16 34 9
16 35 40
16 36 87
16 37 60
16 38 29
16 39 33
16 40 16
16 41 59
16 42 50
16 43 72
16 44 63
16 45 40
16 46 17
16 47 1
16 48 48
16 49 17
16 50 56
16 51 25
16 52 84
16 53 76
16 54 45
16 55 82
16 56 25
16 57 63
16 58 98
16 59 95
16 60 27
16 61 6
16 62 64
16 63 10
16 64 44
16 65 12
16 66 46
17 18 23
17 19 37
17 20 29
17 21 91
17 22 32
17 23 94
17 24 50
17 25 50
17 26 21
17 27 34
17 28 50
17 29 8
17 30 57
17 31 63
17 32 11
17 33 34
17 34 70
17 35 60
17 36 17
17 37 67
17 38 87
17 39 37
17 40 80
17 41 97
17 42 37
17 43 36
17 44 23
17 45 83
17 46 50
17 47 52
17 48 5
17 49 51
17 50 63
17 51 95
17 52 49
17 53 94
17 54 85
17 55 28
17 56 32
17 57 82
17 58 14
17 59 75
17 60 73
17 61 41
17 62 56
17 63 21
17 64 24
17 65 93
17 66 53
18 19 88
18 20 27
18 21 62
18 22 62
18 23 51
18 24 37
18 25 65
18 26 29
18 27 55
18 28 3
18 29 44
18 30 62
18 31 42
18 32 4
18 33 94
18 34 14
18 35 5
18 36 2
18 37 85
18 38 84
18 39 68
18 40 50
18 41 32
18 42 20
18 43 77
18 44 85
18 45 61
18 46 42
18 47 67
18 48 26
18 49 24
18 50 14
18 51 67
18 52 89
18 53 73
18 54 85
18 55 74
18 56 95
18 57 80
18 58 5
18 59 55
18 60 60
18 61 39
18 62 15
18 63 17
18 64 1
18 65 30
18 66 42
19 20 57
19 21 90
19 22 46
19 23 39
19 24 36
19 25 75
19 26 69
19 27 56
19 28 52
19 29 25
19 30 15
19 31 34
19 32 34
19 33 13
19 34 47
19 35 20
19 36 25
19 37 95
19 38 31
19 39 93
19 40 1
19 41 8
19 42 50
19 43 23
19 44 52
19 45 64
19 46 18
19 47 25
19 48 9
19 49 77
19 50 48
19 51 96
19 52 39
19 53 65
19 54 40
19 55 98
19 56 8
19 57 27
19 58 56
19 59 84
19 60 6
19 61 21
19 62 85
19 63 5
19 64 4
19 65 11
19 66 99
20 21 10
20 22 69
20 23 92
20 24 49
20 25 66
20 26 25
20 27 12
20 28 45
20 29 14
20 30 74
20 31 7
20 32 78
20 33 92
20 34 33
20 35 70
20 36 91
20 37 38
20 38 21
20 39 78
20 40 71
20 41 52
20 42 41
20 43 27
20 44 71
20 45 31
20 46 62
20 47 43
20 48 29
20 49 2
20 50 37
20 51 27
20 52 23
20 53 42
20 54 26
20 55 24
20 56 44
20 57 32
20 58 63
20 59 3
20 60 23
20 61 77
20 62 80
20 63 68
20 64 34
20 65 17
20 66 50
21 22 96
21 23 52
21 24 57
21 25 86
21 26 26
21 27 100
21 28 84
21 29 53
21 30 64
21 31 27
21 32 17
21 33 86
21 34 58
21 35 5
21 36 95
21 37 42
21 38 47
21 39 22
21 40 27
21 41 88
21 42 25
21 43 85
21 44 21
21 45 46
21 46 28
21 47 69
21 48 82
21 49 38
21 50 76
21 51 40
21 52 81
21 53 58
21 54 70
21 55 13
21 56 8
21 57 40
21 58 35
21 59 98
21 60 10
21 61 43
21 62 2
21 63 73
21 64 63
21 65 72
21 66 15
22 23 62
22 24 24
22 25 98
22 26 35
22 27 12
22 28 98
22 29 35
22 30 36
22 31 8
22 32 22
22 33 92
22 34 12
22 35 99
22 36 6
22 37 85
22 38 48
22 39 56
22 40 69
22 41 37
22 42 85
22 43 87
22 44 25
22 45 44
22 46 83
22 47 84
22 48 64
22 49 27
22 50 88
22 51 68
22 52 87
22 53 45
22 54 79
22 55 35
22 56 32
22 57 42
22 58 73
22 59 18
22 60 34
22 61 65
22 62 71
22 63 75
22 64 72
22 65 22
22 66 42
23 24 94
23 25 78
23 26 59
23 27 4
23 28 87
23 29 47
23 30 96
23 31 13
23 32 6
23 33 43
23 34 64
23 35 15
23 36 58
23 37 43
23 38 100
23 39 81
23 40 94
23 41 25
23 42 14
23 43 12
23 44 19
23 45 49
23 46 39
23 47 42
23 48 47
23 49 96
23 50 63
23 51 83
23 52 1
23 53 58
23 54 88
23 55 28
23 56 67
23 57 76
23 58 68
23 59 58
23 60 35
23 61 81
23 62 30
23 63 100
23 64 22
23 65 82
23 66 1
24 25 99
24 26 92
24 27 42
24 28 52
24 29 69
24 30 32
24 31 65
24 32 100
24 33 46
24 34 83
24 35 100
24 36 42
24 37 65
24 38 13
24 39 65
24 40 95
24 41 11
24 42 18
24 43 72
24 44 16
24 45 4
24 46 59
24 47 24
24 48 51
24 49 62
24 50 79
24 51 74
24 52 19
24 53 89
24 54 13
24 55 19
24 56 6
24 57 70
24 58 63
24 59 54
24 60 12
24 61 78
24 62 76
24 63 15
24 64 73
24 65 32
24 66 30
25 26 77
25 27 31
25 28 85
25 29 67
25 30 72
25 31 25
25 32 4
25 33 49
25 34 51
25 35 46
25 36 72
25 37 11
25 38 16
25 39 83
25 40 22
25 41 27
25 42 41
25 43 85
25 44 14
25 45 30
25 46 83
25 47 77
25 48 42
25 49 66
25 50 89
25 51 41
25 52 74
25 53 53
25 54 46
25 55 28
25 56 61
25 57 97
25 58 45
25 59 60
25 60 51
25 61 30
25 62 68
25 63 57
25 64 47
25 65 74
25 66 76
26 27 83
26 28 2
26 29 93
26 30 9
26 31 4
26 32 76
26 33 35
26 34 56
26 35 33
26 36 94
26 37 35
26 38 36
26 39 31
26 40 69
26 41 73
26 42 89
26 43 81
26 44 88
26 45 13
26 46 81
26 47 55
26 48 44
26 49 60
26 50 78
26 51 37
26 52 15
26 53 23
26 54 1
26 55 30
26 56 94
26 57 58
26 58 63
26 59 76
26 60 92
26 61 68
26 62 21
26 63 9
26 64 1
26 65 30
26 66 10
27 28 5
27 29 90
27 30 35
27 31 54
27 32 11
27 33 56
27 34 82
27 35 20
27 36 44
27 37 82
27 38 26
27 39 76
27 40 15
27 41 27
27 42 12
27 43 67
27 44 41
27 45 47
27 46 77
27 47 53
27 48 87
27 49 40
27 50 62
27 51 35
27 52 61
27 53 41
27 54 42
27 55 13
27 56 2
27 57 18
27 58 90
27 59 85
27 60 76
27 61 30
27 62 62
27 63 81
27 64 37
27 65 93
27 66 95
28 29 93
28 30 48
28 31 6
28 32 69
28 33 3
28 34 35
28 35 68
28 36 91
28 37 33
28 38 8
28 39 98
28 40 19
28 41 78
28 42 34
28 43 96
28 44 22
28 45 76
28 46 95
28 47 21
28 48 38
28 49 42
28 50 54
28 51 74
28 52 70
28 53 93
28 54 39
28 55 83
28 56 65
28 57 43
28 58 68
28 59 51
28 60 35
28 61 36
28 62 20
28 63 46
28 64 38
28 65 71
28 66 15
29 30 98
29 31 45
29 32 96
29 33 10
29 34 53
29 35 61
29 36 78
29 37 64
29 38 15
29 39 82
29 40 35
29 41 83
29 42 51
29 43 52
29 44 34
29 45 95
29 46 100
29 47 63
29 48 45
29 49 54
29 50 1
29 51 24
29 52 26
29 53 40
29 54 21
29 55 57
29 56 22
29 57 50
29 58 72
29 59 13
29 60 97
29 61 79
29 62 49
29 63 80
29 64 57
29 65 78
29 66 10
30 31 22
30 32 8
30 33 8
30 34 22
30 35 29
30 36 9
30 37 100
30 38 35
30 39 8
30 40 13
30 41 95
30 42 47
30 43 43
30 44 82
30 45 62
30 46 81
30 47 85
30 48 21
30 49 89
30 50 58
30 51 86
30 52 78
30 53 90
30 54 84
30 55 51
30 56 32
30 57 27
30 58 80
30 59 97
30 60 48
30 61 1
30 62 71
30 63 2
30 64 24
30 65 53
30 66 50
31 32 23
31 33 73
31 34 36
31 35 80
31 36 85
31 37 82
31 38 46
31 39 23
31 40 81
31 41 89
31 42 32
31 43 29
31 44 68
31 45 30
31 46 48
31 47 10
31 48 15
31 49 80
31 50 55
31 51 39
31 52 67
31 53 11
31 54 48
31 55 92
31 56 48
31 57 87
31 58 82
31 59 64
31 60 89
31 61 43
31 62 31
31 63 6
31 64 59
31 65 35
31 66 20
32 33 33
32 34 56
32 35 9
32 36 85
32 37 80
32 38 58
32 39 49
32 40 82
32 41 44
32 42 77
32 43 85
32 44 73
32 45 27
32 46 91
32 47 43
32 48 66
32 49 78
32 50 93
32 51 62
32 52 59
32 53 34
32 54 60
32 55 37
32 56 84
32 57 8
32 58 74
32 59 54
32 60 26
32 61 26
32 62 13
32 63 64
32 64 6
32 65 22
32 66 37
33 34 15
33 35 16
33 36 61
33 37 47
33 38 8
33 39 42
33 40 14
33 41 82
33 42 43
33 43 76
33 44 75
33 45 69
33 46 20
33 47 23
33 48 18
33 49 49
33 50 27
33 51 37
33 52 31
33 53 44
33 54 21
33 55 25
33 56 5
33 57 98
33 58 14
33 59 33
33 60 57
33 61 92
33 62 73
33 63 69
33 64 97
33 65 92
33 66 69
34 35 15
34 36 90
34 37 25
34 38 11
34 39 52
34 40 57
34 41 34
34 42 58
34 43 34
34 44 89
34 45 2
34 46 53
34 47 47
34 48 18
34 49 28
34 50 73
34 51 27
34 52 22
34 53 27
34 54 38
34 55 58
34 56 60
34 57 56
34 58 86
34 59 22
34 60 30
34 61 31
34 62 95
34 63 1
34 64 94
34 65 1
34 66 99
35 36 75
35 37 48
35 38 41
35 39 7
35 40 7
35 41 35
35 42 49
35 43 20
35 44 34
35 45 73
35 46 16
35 47 21
35 48 75
35 49 31
35 50 39
35 51 48
35 52 41
35 53 53
35 54 10
35 55 93
35 56 66
35 57 45
35 58 48
35 59 50
35 60 4
35 61 6
35 62 51
35 63 94
35 64 3
35 65 86
35 66 24
36 37 100
36 38 82
36 39 8
36 40 3
36 41 76
36 42 71
36 43 75
36 44 79
36 45 71
36 46 54
36 47 14
36 48 36
36 49 21
36 50 47
36 51 8
36 52 96
36 53 90
36 54 99
36 55 38
36 56 55
36 57 12
36 58 91
36 59 26
36 60 50
36 61 34
36 62 73
36 63 89
36 64 36
36 65 42
36 66 79
37 38 28
37 39 49
37 40 69
37 41 57
37 42 40
37 43 77
37 44 96
37 45 23
37 46 12
37 47 95
37 48 86
37 49 30
37 50 70
37 51 23
37 52 4
37 53 17
37 54 77
37 55 37
37 56 77
37 57 81
37 58 97
37 59 25
37 60 96
37 61 18
37 62 18
37 63 41
37 64 91
37 65 52
37 66 34
38 39 91
38 40 76
38 41 100
38 42 54
38 43 40
38 44 23
38 45 65
38 46 83
38 47 83
38 48 13
38 49 78
38 50 89
38 51 50
38 52 71
38 53 71
38 54 28
38 55 60
38 56 10
38 57 79
38 58 37
38 59 62
38 60 33
38 61 71
38 62 17
38 63 14
38 64 60
38 65 88
38 66 10
39 40 32
39 41 43
39 42 51
39 43 62
39 44 100
39 45 1
39 46 55
39 47 43
39 48 91
39 49 77
39 50 16
39 51 5
39 52 38
39 53 39
39 54 41
39 55 59
39 56 73
39 57 22
39 58 93
39 59 93
39 60 43
39 61 47
39 62 92
39 63 17
39 64 85
39 65 87
39 66 26
40 41 6
40 42 99
40 43 50
40 44 47
40 45 11
40 46 49
40 47 97
40 48 24
40 49 46
40 50 68
40 51 46
40 52 64
40 53 46
40 54 52
40 55 12
40 56 39
40 57 45
40 58 56
40 59 25
40 60 58
40 61 34
40 62 31
40 63 27
40 64 71
40 65 68
40 66 32
41 42 41
41 43 85
41 44 81
41 45 18
41 46 69
41 47 20
41 48 24
41 49 17
41 50 20
41 51 92
41 52 14
41 53 90
41 54 64
41 55 28
41 56 100
41 57 68
41 58 17
41 59 7
41 60 82
41 61 74
41 62 71
41 63 63
41 64 82
41 65 54
41 66 29
42 43 70
42 44 64
42 45 35
42 46 76
42 47 92
42 48 70
42 49 69
42 50 84
42 51 27
42 52 41
42 53 95
42 54 38
42 55 37
42 56 44
42 57 90
42 58 55
42 59 39
42 60 17
42 61 72
42 62 75
42 63 5
42 64 25
42 65 17
42 66 22
43 44 25
43 45 40
43 46 76
43 47 30
43 48 31
43 49 43
43 50 97
43 51 25
43 52 30
43 53 89
43 54 21
43 55 59
43 56 20
43 57 51
43 58 96
43 59 25
43 60 43
43 61 28
43 62 46
43 63 19
43 64 51
43 65 38
43 66 93
44 45 87
44 46 39
44 47 28
44 48 81
44 49 87
44 50 66
44 51 11
44 52 90
44 53 33
44 54 48
44 55 5
44 56 62
44 57 4
44 58 9
44 59 98
44 60 97
44 61 59
44 62 95
44 63 11
44 64 54
44 65 71
44 66 100
45 46 6
45 47 86
45 48 25
45 49 82
45 50 39
45 51 91
45 52 36
45 53 36
45 54 53
45 55 52
45 56 85
45 57 57
45 58 71
45 59 9
45 60 28
45 61 67
45 62 97
45 63 15
45 64 36
45 65 81
45 66 52
46 47 30
46 48 88
46 49 17
46 50 98
46 51 55
46 52 84
46 53 53
46 54 23
46 55 5
46 56 8
46 57 96
46 58 64
46 59 76
46 60 71
46 61 11
46 62 5
46 63 6
46 64 83
46 65 16
46 66 23
47 48 50
47 49 35
47 50 84
47 51 6
47 52 34
47 53 71
47 54 18
47 55 77
47 56 84
47 57 4
47 58 58
47 59 17
47 60 74
47 61 12
47 62 38
47 63 68
47 64 93
47 65 62
47 66 70
48 49 56
48 50 74
48 51 25
48 52 48
48 53 48
48 54 55
48 55 3
48 56 24
48 57 16
48 58 68
48 59 29
48 60 50
48 61 76
48 62 4
48 63 23
48 64 63
48 65 83
48 66 92
49 50 63
49 51 57
49 52 77
49 53 32
49 54 11
49 55 92
49 56 82
49 57 92
49 58 8
49 59 88
49 60 97
49 61 7
49 62 97
49 63 39
49 64 78
49 65 84
49 66 36
50 51 57
50 52 34
50 53 83
50 54 95
50 55 74
50 56 63
50 57 35
50 58 12
50 59 51
50 60 63
50 61 74
50 62 26
50 63 18
50 64 48
50 65 74
50 66 56
51 52 5
51 53 28
51 54 85
51 55 16
51 56 46
51 57 96
51 58 61
51 59 61
51 60 57
51 61 54
51 62 85
51 63 40
51 64 89
51 65 67
51 66 19
52 53 56
52 54 4
52 55 38
52 56 57
52 57 76
52 58 64
52 59 28
52 60 13
52 61 86
52 62 80
52 63 43
52 64 12
52 65 45
52 66 7
53 54 28
53 55 23
53 56 58
53 57 72
53 58 50
53 59 12
53 60 41
53 61 43
53 62 82
53 63 75
53 64 34
53 65 81
53 66 70
54 55 15
54 56 46
54 57 88
54 58 14
54 59 56
54 60 29
54 61 67
54 62 3
54 63 38
54 64 13
54 65 97
54 66 70
55 56 79
55 57 56
55 58 98
55 59 63
55 60 41
55 61 60
55 62 9
55 63 15
55 64 18
55 65 29
55 66 40
56 57 18
56 58 36
56 59 60
56 60 91
56 61 57
56 62 56
56 63 63
56 64 76
56 65 58
56 66 37
57 58 12
57 59 92
57 60 23
57 61 67
57 62 5
57 63 59
57 64 32
57 65 81
57 66 62
58 59 60
58 60 15
58 61 87
58 62 80
58 63 13
58 64 33
58 65 88
58 66 16
59 60 12
59 61 82
59 62 8
59 63 24
59 64 31
59 65 43
59 66 43
60 61 96
60 62 35
60 63 15
60 64 63
60 65 12
60 66 60
61 62 43
61 63 32
61 64 46
61 65 72
61 66 41
62 63 78
62 64 45
62 65 62
62 66 58
63 64 13
63 65 46
63 66 7
64 65 67
64 66 6
65 66 33
