45 990 44
1 2 47
1 3 72
1 4 13
1 5 60
1 6 65
1 7 88
1 8 96
1 9 78
1 10 80
1 11 36
1 12 45
1 13 12
1 14 16
1 15 11
1 16 37
1 17 83
1 18 70
1 19 37
1 20 11
1 21 80
1 22 89
1 23 30
1 24 76
1 25 48
1 26 45
1 27 54
1 28 29
1 29 53
1 30 77
1 31 100
1 32 71
1 33 76
1 34 55
1 35 64
1 36 87
1 37 60
1 38 80
1 39 11
1 40 54
1 41 60
1 42 37
1 43 100
1 44 45
1 45 44
2 3 86
2 4 22
2 5 8
2 6 44
2 7 52
2 8 7
2 9 50
2 10 52
2 11 31
2 12 26
2 13 75
2 14 45
2 15 1
2 16 35
2 17 1
2 18 84
2 19 29
2 20 7
2 21 51
2 22 74
2 23 84
2 24 86
2 25 67
2 26 84
2 27 28
2 28 97
2 29 97
2 30 55
2 31 63
2 32 67
2 33 18
2 34 40
2 35 72
2 36 35
2 37 14
2 38 41
2 39 23
2 40 84
2 41 47
2 42 59
2 43 96
2 44 55
2 45 71
3 4 3
3 5 68
3 6 10
3 7 49
3 8 76
3 9 63
3 10 6
3 11 5
3 12 57
3 13 97
3 14 32
3 15 67
3 16 25
3 17 69
3 18 92
3 19 87
3 20 88
3 21 83
3 22 39
3 23 38
3 24 76
3 25 94
3 26 39
3 27 16
3 28 88
3 29 26
3 30 38
3 31 71
3 32 17
3 33 59
3 34 70
3 35 21
3 36 42
3 37 13
3 38 75
3 39 20
3 40 40
3 41 16
3 42 38
3 43 23
3 44 61
3 45 63
4 5 66
4 6 44
4 7 16
4 8 56
4 9 33
4 10 63
4 11 21
4 12 28
4 13 100
4 14 32
4 15 52
4 16 41
4 17 27
4 18 75
4 19 7
4 20 72
4 21 16
4 22 22
4 23 60
4 24 8
4 25 1
4 26 24
4 27 74
4 28 77
4 29 32
4 30 54
4 31 67
4 32 89
4 33 38
4 34 24
4 35 32
4 36 77
4 37 4
4 38 56
4 39 3
4 40 90
4 41 31
4 42 4
4 43 81
4 44 30
4 45 56
5 6 10
5 7 40
5 8 71
5 9 14
5 10 70
5 11 73
5 12 69
5 13 28
5 14 12
5 15 37
5 16 44
5 17 47
5 18 15
5 19 50
5 20 66
5 21 55
5 22 72
5 23 53
5 24 69
5 25 74
5 26 59
5 27 96
5 28 44
5 29 85
5 30 86
5 31 96
5 32 71
5 33 88
5 34 71
5 35 68
5 36 73
5 37 12
5 38 33
5 39 42
5 40 83
5 41 100
5 42 38
5 43 50
5 44 73
5 45 25
6 7 20
6 8 51
6 9 40
6 10 11
6 11 2
6 12 67
6 13 2
6 14 8
6 15 99
6 16 79
6 17 37
6 18 44
6 19 58
6 20 59
6 21 89
6 22 10
6 23 7
6 24 46
6 25 67
6 26 77
6 27 44
6 28 49
6 29 19
6 30 18
6 31 20
6 32 31
6 33 13
6 34 32
6 35 65
6 36 7
6 37 41
6 38 92
6 39 68
6 40 61
6 41 67
6 42 75
6 43 97
6 44 69
6 45 26
7 8 62
7 9 17
7 10 23
7 11 9
7 12 23
7 13 99
7 14 60
7 15 4
7 16 3
7 17 26
7 18 62
7 19 95
7 20 22
7 21 35
7 22 81
7 23 96
7 24 49
7 25 25
7 26 67
7 27 23
7 28 3
7 29 85
7 30 89
7 31 81
7 32 100
7 33 69
7 34 46
7 35 5
7 36 92
7 37 44
7 38 44
7 39 3
7 40 19
7 41 30
7 42 9
7 43 65
7 44 93
7 45 73
8 9 1
8 10 46
8 11 20
8 12 56
8 13 71
8 14 47
8 15 80
8 16 76
8 17 18
8 18 28
8 19 54
8 20 82
8 21 74
8 22 69
8 23 94
8 24 70
8 25 9
8 26 76
8 27 48
8 28 55
8 29 52
8 30 18
8 31 82
8 32 74
8 33 65
8 34 60
8 35 10
8 36 87
8 37 39
8 38 53
8 39 55
8 40 3
8 41 34
8 42 81
8 43 42
8 44 73
8 45 62
9 10 40
9 11 33
9 12 91
9 13 88
9 14 71
9 15 94
9 16 17
9 17 38
9 18 3
9 19 85
9 20 34
9 21 71
9 22 22
9 23 50
9 24 100
9 25 58
9 26 74
9 27 40
9 28 14
9 29 87
9 30 40
9 31 10
9 32 45
9 33 66
9 34 24
9 35 65
9 36 100
9 37 29
9 38 92
9 39 41
9 40 48
9 41 84
9 42 52
9 43 3
9 44 78
9 45 90
10 11 88
10 12 66
10 13 23
10 14 9
10 15 41
10 16 24
10 17 42
10 18 84
10 19 88
10 20 9
10 21 64
10 22 52
10 23 69
10 24 28
10 25 54
10 26 16
10 27 58
10 28 75
10 29 98
10 30 88
10 31 81
10 32 69
10 33 86
10 34 78
10 35 32
10 36 25
10 37 1
10 38 93
10 39 15
10 40 6
10 41 98
10 42 74
10 43 31
10 44 34
10 45 59
11 12 38
11 13 48
11 14 90
11 15 67
11 16 39
11 17 41
11 18 95
11 19 21
11 20 61
11 21 89
11 22 32
11 23 59
11 24 12
11 25 61
11 26 78
11 27 89
11 28 100
11 29 5
11 30 9
11 31 55
11 32 31
11 33 77
11 34 38
11 35 52
11 36 36
11 37 51
11 38 20
11 39 44
11 40 45
11 41 92
11 42 90
11 43 37
11 44 89
11 45 19
12 13 43
12 14 12
12 15 45
12 16 13
12 17 70
12 18 10
12 19 15
12 20 8
12 21 66
12 22 98
12 23 15
12 24 10
12 25 74
12 26 63
12 27 23
12 28 25
12 29 89
12 30 83
12 31 81
12 32 16
12 33 85
12 34 14
12 35 78
12 36 43
12 37 50
12 38 83
12 39 81
12 40 23
12 41 96
12 42 87
12 43 43
12 44 35
12 45 1
13 14 52
13 15 12
13 16 46
13 17 52
13 18 14
13 19 35
13 20 4
13 21 28
13 22 11
13 23 47
13 24 41
13 25 7
13 26 93
13 27 41
13 28 57
13 29 92
13 30 24
13 31 57
13 32 64
13 33 15
13 34 59
13 35 9
13 36 50
13 37 59
13 38 27
13 39 93
13 40 84
13 41 22
13 42 50
13 43 71
13 44 7
13 45 97
14 15 64
14 16 25
14 17 27
14 18 55
14 19 23
14 20 95
14 21 82
14 22 59
14 23 20
14 24 72
14 25 25
14 26 16
14 27 14
14 28 17
14 29 61
14 30 30
14 31 49
14 32 58
14 33 13
14 34 13
14 35 59
14 36 88
14 37 84
14 38 87
14 39 77
14 40 82
14 41 17
14 42 71
14 43 57
14 44 37
14 45 58
15 16 30
15 17 30
15 18 16
15 19 61
15 20 94
15 21 45
15 22 79
15 23 71
15 24 23
15 25 11
15 26 77
15 27 46
15 28 37
15 29 14
15 30 58
15 31 100
15 32 52
15 33 75
15 34 85
15 35 47
15 36 20
15 37 72
15 38 83
15 39 79
15 40 71
15 41 82
15 42 66
15 43 99
15 44 2
15 45 10
16 17 11
16 18 61
16 19 13
16 20 75
16 21 83
16 22 83
16 23 46
16 24 67
16 25 60
16 26 35
16 27 51
16 28 37
16 29 57
16 30 19
16 31 81
16 32 53
16 33 12
16 34 95
16 35 61
16 36 7
16 37 76
16 38 28
16 39 45
16 40 82
16 41 84
16 42 74
16 43 41
16 44 39
16 45 98
17 18 47
17 19 59
17 20 25
17 21 95
17 22 89
17 23 94
17 24 72
17 25 92
17 26 31
17 27 38
17 28 65
17 29 84
17 30 17
17 31 83
17 32 30
17 33 16
17 34 99
17 35 70
17 36 84
17 37 50
17 38 99
17 39 57
17 40 59
17 41 6
17 42 96
17 43 42
17 44 81
17 45 89
18 19 4
18 20 44
18 21 65
18 22 21
18 23 23
18 24 66
18 25 81
18 26 15
18 27 19
18 28 11
18 29 21
18 30 72
18 31 36
18 32 96
18 33 38
18 34 72
18 35 33
18 36 89
18 37 54
18 38 80
18 39 50
18 40 70
18 41 59
18 42 81
18 43 4
18 44 90
18 45 46
19 20 58
19 21 96
19 22 95
19 23 53
19 24 39
19 25 74
19 26 1
19 27 93
19 28 32
19 29 13
19 30 3
19 31 14
19 32 10
19 33 34
19 34 83
19 35 69
19 36 58
19 37 64
19 38 60
19 39 48
19 40 74
19 41 81
19 42 38
19 43 72
19 44 54
19 45 84
20 21 57
20 22 56
20 23 33
20 24 96
20 25 7
20 26 86
20 27 37
20 28 44
20 29 3
20 30 40
20 31 63
20 32 90
20 33 37
20 34 53
20 35 91
20 36 40
20 37 28
20 38 76
20 39 77
20 40 94
20 41 37
20 42 18
20 43 19
20 44 19
20 45 87
21 22 32
21 23 86
21 24 62
21 25 4
21 26 93
21 27 17
21 28 33
21 29 32
21 30 44
21 31 80
21 32 18
21 33 68
21 34 31
21 35 4
21 36 79
21 37 41
21 38 61
21 39 72
21 40 71
21 41 16
21 42 60
21 43 18
21 44 26
21 45 27
22 23 14
22 24 74
22 25 78
22 26 23
22 27 73
22 28 72
22 29 26
22 30 57
22 31 58
22 32 20
22 33 57
22 34 24
22 35 1
22 36 16
22 37 47
22 38 29
22 39 42
22 40 39
22 41 50
22 42 3
22 43 8
22 44 33
22 45 27
23 24 14
23 25 85
23 26 62
23 27 40
23 28 48
23 29 74
23 30 55
23 31 51
23 32 44
23 33 39
23 34 11
23 35 55
23 36 41
23 37 71
23 38 74
23 39 92
23 40 62
23 41 7
23 42 33
23 43 36
23 44 27
23 45 15
24 25 37
24 26 3
24 27 95
24 28 68
24 29 77
24 30 56
24 31 67
24 32 77
24 33 5
24 34 94
24 35 37
24 36 96
24 37 44
24 38 41
24 39 7
24 40 83
24 41 26
24 42 13
24 43 31
24 44 73
24 45 59
25 26 17
25 27 2
25 28 68
25 29 100
25 30 33
25 31 10
25 32 67
25 33 11
25 34 56
25 35 71
25 36 10
25 37 14
25 38 28
25 39 69
25 40 22
25 41 34
25 42 50
25 43 80
25 44 30
25 45 17
26 27 16
26 28 45
26 29 50
26 30 29
26 31 39
26 32 27
26 33 10
26 34 91
26 35 84
26 36 54
26 37 33
26 38 82
26 39 74
26 40 54
26 41 59
26 42 46
26 43 78
26 44 72
26 45 15
27 28 65
27 29 92
27 30 94
27 31 24
27 32 19
27 33 62
27 34 1
27 35 63
27 36 75
27 37 24
27 38 36
27 39 68
27 40 60
27 41 88
27 42 59
27 43 87
27 44 48
27 45 67
28 29 7
28 30 6
28 31 53
28 32 84
28 33 90
28 34 48
28 35 22
28 36 77
28 37 41
28 38 80
28 39 26
28 40 30
28 41 96
28 42 36
28 43 81
28 44 58
28 45 97
29 30 14
29 31 2
29 32 35
29 33 89
29 34 29
29 35 98
29 36 58
29 37 31
29 38 83
29 39 60
29 40 85
29 41 31
29 42 100
29 43 65
29 44 22
29 45 84
30 31 41
30 32 3
30 33 85
30 34 70
30 35 36
30 36 83
30 37 52
30 38 81
30 39 31
30 40 56
30 41 46
30 42 12
30 43 30
30 44 52
30 45 49
31 32 89
31 33 81
31 34 80
31 35 79
31 36 88
31 37 56
31 38 29
31 39 28
31 40 32
31 41 32
31 42 88
31 43 4
31 44 23
31 45 60
32 33 62
32 34 78
32 35 28
32 36 63
32 37 19
32 38 21
32 39 17
32 40 55
32 41 83
32 42 59
32 43 3
32 44 13
32 45 17
33 34 66
33 35 33
33 36 20
33 37 96
33 38 8
33 39 14
33 40 85
33 41 63
33 42 95
33 43 25
33 44 66
33 45 59
34 35 85
34 36 46
34 37 68
34 38 43
34 39 32
34 40 76
34 41 7
34 42 18
34 43 28
34 44 37
34 45 25
35 36 27
35 37 60
35 38 50
35 39 99
35 40 74
35 41 50
35 42 31
35 43 8
35 44 89
35 45 54
36 37 43
36 38 26
36 39 29
36 40 58
36 41 62
36 42 52
36 43 82
36 44 75
36 45 13
37 38 1
37 39 25
37 40 73
37 41 16
37 42 65
37 43 26
37 44 19
37 45 31
38 39 30
38 40 51
38 41 75
38 42 9
38 43 73
38 44 1
38 45 67
39 40 63
39 41 56
39 42 90
39 43 99
39 44 42
39 45 30
40 41 87
40 42 15
40 43 26
40 44 33
40 45 48
41 42 93
41 43 47
41 44 39
41 45 2
42 43 94
42 44 88
42 45 79
43 44 56
43 45 84
44 45 79
