32 496 31
1 2 2
1 3 6
1 4 58
1 5 82
1 6 99
1 7 46
1 8 94
1 9 79
1 10 95
1 11 86
1 12 6
1 13 58
1 14 99
1 15 89
1 16 65
1 17 22
1 18 100
1 19 18
1 20 12
1 21 29
1 22 27
1 23 41
1 24 86
1 25 55
1 26 13
1 27 4
1 28 30
1 29 17
1 30 63
1 31 100
1 32 69
2 3 7
2 4 3
2 5 75
2 6 60
2 7 73
2 8 19
2 9 89
2 10 63
2 11 28
2 12 36
2 13 7
2 14 61
2 15 74
2 16 64
2 17 55
2 18 44
2 19 88
2 20 9
2 21 10
2 22 57
2 23 46
2 24 31
2 25 29
2 26 82
2 27 73
2 28 35
2 29 90
2 30 96
2 31 17
2 32 51
3 4 17
3 5 3
3 6 6
3 7 4
3 8 89
3 9 82
3 10 54
3 11 88
3 12 36
3 13 17
3 14 21
3 15 91
3 16 65
3 17 4
3 18 31
3 19 32
3 20 33
3 21 29
3 22 78
3 23 21
3 24 15
3 25 61
3 26 43
3 27 75
3 28 97
3 29 45
3 30 50
3 31 99
3 32 13
4 5 81
4 6 76
4 7 43
4 8 34
4 9 39
4 10 55
4 11 99
4 12 18
4 13 62
4 14 72
4 15 3
4 16 57
4 17 58
4 18 46
4 19 86
4 20 60
4 21 30
4 22 72
4 23 95
4 24 30
4 25 72
4 26 7
4 27 44
4 28 35
4 29 1
4 30 89
4 31 46
4 32 100
5 6 14
5 7 75
5 8 73
5 9 15
5 10 25
5 11 53
5 12 79
5 13 79
5 14 69
5 15 30
5 16 71
5 17 79
5 18 47
5 19 66
5 20 9
5 21 79
5 22 89
5 23 45
5 24 7
5 25 67
5 26 97
5 27 38
5 28 36
5 29 72
5 30 30
5 31 97
5 32 73
6 7 86
6 8 84
6 9 72
6 10 58
6 11 38
6 12 55
6 13 36
6 14 97
6 15 98
6 16 78
6 17 25
6 18 20
6 19 47
6 20 4
6 21 56
6 22 94
6 23 56
6 24 61
6 25 87
6 26 32
6 27 20
6 28 73
6 29 53
6 30 58
6 31 38
6 32 84
7 8 29
7 9 86
7 10 29
7 11 40
7 12 26
7 13 56
7 14 79
7 15 50
7 16 22
7 17 84
7 18 82
7 19 50
7 20 82
7 21 43
7 22 40
7 23 91
7 24 7
7 25 20
7 26 44
7 27 30
7 28 73
7 29 44
7 30 89
7 31 21
7 32 73
8 9 70
8 10 3
8 11 59
8 12 77
8 13 52
8 14 56
8 15 38
8 16 27
8 17 35
8 18 29
8 19 74
8 20 31
8 21 38
8 22 27
8 23 94
8 24 93
8 25 41
8 26 36
8 27 62
8 28 74
8 29 94
8 30 71
8 31 41
8 32 87
9 10 79
9 11 87
9 12 68
9 13 68
9 14 26
9 15 41
9 16 26
9 17 57
9 18 77
9 19 63
9 20 60
9 21 95
9 22 73
9 23 98
9 24 46
9 25 94
9 26 37
9 27 74
9 28 57
9 29 45
9 30 60
9 31 73
9 32 48
10 11 32
10 12 72
10 13 82
10 14 58
10 15 73
10 16 56
10 17 55
10 18 47
10 19 69
10 20 42
10 21 33
10 22 21
10 23 92
10 24 43
10 25 21
10 26 2
10 27 32
10 28 91
10 29 33
10 30 74
10 31 10
10 32 55
11 12 85
11 13 19
11 14 97
11 15 68
11 16 73
11 17 85
11 18 72
11 19 15
11 20 79
11 21 31
11 22 45
11 23 12
11 24 84
11 25 87
11 26 28
11 27 23
11 28 56
11 29 27
11 30 95
11 31 53
11 32 61
12 13 90
12 14 6
12 15 53
12 16 21
12 17 94
12 18 55
12 19 34
12 20 49
12 21 71
12 22 3
12 23 49
12 24 72
12 25 41
12 26 8
12 27 62
12 28 87
12 29 88
12 30 94
12 31 75
12 32 11
13 14 33
13 15 49
13 16 56
13 17 34
13 18 13
13 19 4
13 20 90
13 21 68
13 22 41
13 23 13
13 24 45
13 25 18
13 26 4
13 27 39
13 28 2
13 29 3
13 30 19
13 31 27
13 32 93
14 15 43
14 16 84
14 17 97
14 18 77
14 19 79
14 20 52
14 21 98
14 22 33
14 23 25
14 24 81
14 25 80
14 26 9
14 27 11
14 28 79
14 29 48
14 30 10
14 31 22
14 32 67
15 16 17
15 17 99
15 18 72
15 19 7
15 20 16
15 21 23
15 22 74
15 23 24
15 24 49
15 25 74
15 26 12
15 27 31
15 28 8
15 29 37
15 30 83
15 31 83
15 32 42
16 17 65
16 18 95
16 19 40
16 20 34
16 21 66
16 22 15
16 23 95
16 24 28
16 25 7
16 26 20
16 27 42
16 28 91
16 29 55
16 30 25
16 31 60
16 32 34
17 18 15
17 19 43
17 20 18
17 21 77
17 22 80
17 23 35
17 24 72
17 25 86
17 26 15
17 27 18
17 28 89
17 29 90
17 30 93
17 31 73
17 32 93
18 19 36
18 20 84
18 21 86
18 22 29
18 23 11
18 24 68
18 25 97
18 26 59
18 27 89
18 28 92
18 29 76
18 30 45
18 31 73
18 32 14
19 20 99
19 21 9
19 22 63
19 23 48
19 24 100
19 25 36
19 26 43
19 27 81
19 28 1
19 29 50
19 30 77
19 31 83
19 32 44
20 21 2
20 22 75
20 23 47
20 24 60
20 25 92
20 26 54
20 27 35
20 28 97
20 29 48
20 30 53
20 31 71
20 32 7
21 22 7
21 23 47
21 24 88
21 25 77
21 26 48
21 27 15
21 28 94
21 29 50
21 30 53
21 31 70
21 32 23
22 23 83
22 24 95
22 25 20
22 26 65
22 27 76
22 28 22
22 29 18
22 30 21
22 31 34
22 32 40
23 24 37
23 25 36
23 26 16
23 27 11
23 28 21
23 29 42
23 30 95
23 31 70
23 32 32
24 25 31
24 26 52
24 27 87
24 28 90
24 29 57
24 30 64
24 31 39
24 32 49
25 26 34
25 27 82
25 28 22
25 29 20
25 30 30
25 31 20
25 32 1
26 27 54
26 28 40
26 29 88
26 30 51
26 31 70
26 32 65
27 28 44
27 29 8
27 30 73
27 31 69
27 32 68
28 29 32
28 30 78
28 31 43
28 32 96
29 30 96
29 31 18
29 32 15
30 31 85
30 32 48
31 32 70
