16 120 15
1 2 74
1 3 54
1 4 47
1 5 72
1 6 73
1 7 48
1 8 3
1 9 78
1 10 86
1 11 98
1 12 15
1 13 10
1 14 86
1 15 3
1 16 67
2 3 55
2 4 38
2 5 79
2 6 63
2 7 84
2 8 53
2 9 12
2 10 28
2 11 41
2 12 91
2 13 23
2 14 7
2 15 82
2 16 48
3 4 19
3 5 31
3 6 87
3 7 84
3 8 31
3 9 48
3 10 35
3 11 53
3 12 30
3 13 97
3 14 49
3 15 13
3 16 56
4 5 92
4 6 8
4 7 82
4 8 77
4 9 55
4 10 89
4 11 93
4 12 97
4 13 64
4 14 70
4 15 85
4 16 48
5 6 72
5 7 99
5 8 20
5 9 35
5 10 36
5 11 51
5 12 88
5 13 86
5 14 52
5 15 61
5 16 9
6 7 3
6 8 31
6 9 51
6 10 6
6 11 39
6 12 93
6 13 98
6 14 76
6 15 68
6 16 11
7 8 25
7 9 81
7 10 16
7 11 12
7 12 59
7 13 35
7 14 58
7 15 48
7 16 53
8 9 74
8 10 39
8 11 71
8 12 61
8 13 27
8 14 89
8 15 71
8 16 8
9 10 4
9 11 8
9 12 3
9 13 83
9 14 76
9 15 99
9 16 87
10 11 26
10 12 29
10 13 100
10 14 53
10 15 61
10 16 62
11 12 87
11 13 71
11 14 49
11 15 11
11 16 83
12 13 39
12 14 38
12 15 46
12 16 55
13 14 81
13 15 44
13 16 16
14 15 49
14 16 51
15 16 79
