93 4278 92
1 2 54
1 3 29
1 4 75
1 5 45
1 6 98
1 7 31
1 8 96
1 9 7
1 10 69
1 11 64
1 12 57
1 13 27
1 14 66
1 15 21
1 16 49
1 17 8
1 18 77
1 19 37
1 20 29
1 21 83
1 22 88
1 23 77
1 24 37
1 25 74
1 26 67
1 27 15
1 28 6
1 29 72
1 30 49
1 31 9
1 32 41
1 33 73
1 34 91
1 35 79
1 36 83
1 37 60
1 38 32
1 39 6
1 40 21
1 41 51
1 42 24
1 43 6
1 44 15
1 45 70
1 46 89
1 47 78
1 48 84
1 49 23
1 50 81
1 51 84
1 52 65
1 53 38
1 54 63
1 55 9
1 56 44
1 57 58
1 58 12
1 59 8
1 60 23
1 61 10
1 62 7
1 63 52
1 64 87
1 65 25
1 66 66
1 67 88
1 68 11
1 69 48
1 70 82
1 71 28
1 72 24
1 73 38
1 74 20
1 75 84
1 76 84
1 77 78
1 78 54
1 79 64
1 80 43
1 81 76
1 82 55
1 83 82
1 84 84
1 85 32
1 86 11
1 87 16
1 88 31
1 89 55
1 90 65
1 91 60
1 92 76
1 93 65
2 3 35
2 4 32
2 5 56
2 6 42
2 7 30
2 8 64
2 9 2
2 10 37
2 11 30
2 12 25
2 13 99
2 14 61
2 15 48
2 16 57
2 17 68
2 18 4
2 19 59
2 20 69
2 21 53
2 22 78
2 23 15
2 24 47
2 25 6
2 26 12
2 27 14
2 28 27
2 29 81
2 30 46
2 31 11
2 32 35
2 33 36
2 34 46
2 35 52
2 36 100
2 37 56
2 38 58
2 39 11
2 40 84
2 41 10
2 42 5
2 43 96
2 44 15
2 45 39
2 46 29
2 47 11
2 48 89
2 49 37
2 50 23
2 51 34
2 52 94
2 53 54
2 54 13
2 55 9
2 56 28
2 57 93
2 58 66
2 59 93
2 60 49
2 61 48
2 62 64
2 63 5
2 64 29
2 65 77
2 66 20
2 67 38
2 68 18
2 69 6
2 70 71
2 71 94
2 72 69
2 73 78
2 74 44
2 75 65
2 76 47
2 77 63
2 78 24
2 79 28
2 80 89
2 81 37
2 82 37
2 83 71
2 84 99
2 85 74
2 86 50
2 87 1
2 88 58
2 89 87
2 90 39
2 91 88
2 92 78
2 93 61
3 4 6
3 5 49
3 6 37
3 7 10
3 8 76
3 9 21
3 10 14
3 11 17
3 12 77
3 13 92
3 14 64
3 15 33
3 16 16
3 17 80
3 18 98
3 19 65
3 20 44
3 21 14
3 22 98
3 23 14
3 24 94
3 25 63
3 26 66
3 27 59
3 28 6
3 29 8
3 30 84
3 31 45
3 32 76
3 33 20
3 34 21
3 35 5
3 36 17
3 37 4
3 38 60
3 39 91
3 40 53
3 41 91
3 42 1
3 43 47
3 44 19
3 45 65
3 46 18
3 47 31
3 48 15
3 49 67
3 50 92
3 51 43
3 52 18
3 53 62
3 54 98
3 55 38
3 56 31
3 57 71
3 58 1
3 59 90
3 60 70
3 61 87
3 62 87
3 63 34
3 64 98
3 65 67
3 66 53
3 67 29
3 68 47
3 69 53
3 70 6
3 71 23
3 72 83
3 73 29
3 74 95
3 75 44
3 76 65
3 77 24
3 78 74
3 79 64
3 80 1
3 81 81
3 82 57
3 83 79
3 84 17
3 85 13
3 86 48
3 87 48
3 88 93
3 89 38
3 90 39
3 91 45
3 92 8
3 93 60
4 5 83
4 6 45
4 7 18
4 8 100
4 9 91
4 10 48
4 11 30
4 12 77
4 13 78
4 14 85
4 15 76
4 16 16
4 17 36
4 18 62
4 19 71
4 20 67
4 21 18
4 22 6
4 23 36
4 24 61
4 25 71
4 26 31
4 27 42
4 28 88
4 29 23
4 30 45
4 31 36
4 32 18
4 33 16
4 34 81
4 35 88
4 36 9
4 37 28
4 38 27
4 39 77
4 40 86
4 41 25
4 42 7
4 43 13
4 44 48
4 45 11
4 46 64
4 47 8
4 48 11
4 49 91
4 50 14
4 51 3
4 52 48
4 53 14
4 54 62
4 55 74
4 56 69
4 57 40
4 58 36
4 59 52
4 60 21
4 61 52
4 62 26
4 63 42
4 64 76
4 65 58
4 66 95
4 67 21
4 68 99
4 69 64
4 70 85
4 71 30
4 72 53
4 73 20
4 74 72
4 75 43
4 76 80
4 77 79
4 78 16
4 79 11
4 80 58
4 81 34
4 82 92
4 83 43
4 84 84
4 85 45
4 86 44
4 87 30
4 88 27
4 89 81
4 90 27
4 91 59
4 92 56
4 93 32
5 6 1
5 7 59
5 8 45
5 9 57
5 10 53
5 11 65
5 12 22
5 13 94
5 14 43
5 15 94
5 16 68
5 17 83
5 18 18
5 19 53
5 20 66
5 21 91
5 22 61
5 23 53
5 24 78
5 25 96
5 26 24
5 27 71
5 28 63
5 29 34
5 30 59
5 31 44
5 32 16
5 33 36
5 34 71
5 35 56
5 36 18
5 37 6
5 38 50
5 39 74
5 40 84
5 41 24
5 42 33
5 43 67
5 44 67
5 45 52
5 46 87
5 47 88
5 48 96
5 49 84
5 50 32
5 51 56
5 52 1
5 53 78
5 54 1
5 55 47
5 56 75
5 57 29
5 58 97
5 59 51
5 60 11
5 61 12
5 62 53
5 63 25
5 64 41
5 65 58
5 66 94
5 67 52
5 68 30
5 69 98
5 70 2
5 71 22
5 72 18
5 73 90
5 74 99
5 75 26
5 76 52
5 77 72
5 78 62
5 79 28
5 80 90
5 81 45
5 82 29
5 83 45
5 84 21
5 85 7
5 86 86
5 87 45
5 88 40
5 89 100
5 90 26
5 91 78
5 92 49
5 93 26
6 7 44
6 8 58
6 9 16
6 10 44
6 11 85
6 12 66
6 13 15
6 14 69
6 15 8
6 16 50
6 17 77
6 18 61
6 19 41
6 20 27
6 21 97
6 22 61
6 23 11
6 24 55
6 25 18
6 26 85
6 27 100
6 28 57
6 29 30
6 30 64
6 31 32
6 32 36
6 33 56
6 34 63
6 35 84
6 36 82
6 37 6
6 38 79
6 39 62
6 40 88
6 41 19
6 42 92
6 43 88
6 44 45
6 45 54
6 46 94
6 47 97
6 48 53
6 49 53
6 50 60
6 51 69
6 52 79
6 53 74
6 54 18
6 55 8
6 56 6
6 57 91
6 58 36
6 59 4
6 60 75
6 61 81
6 62 2
6 63 52
6 64 9
6 65 40
6 66 47
6 67 54
6 68 66
6 69 82
6 70 90
6 71 67
6 72 26
6 73 42
6 74 15
6 75 64
6 76 35
6 77 76
6 78 72
6 79 73
6 80 23
6 81 2
6 82 27
6 83 30
6 84 39
6 85 33
6 86 7
6 87 15
6 88 46
6 89 81
6 90 43
6 91 41
6 92 77
6 93 63
7 8 94
7 9 30
7 10 53
7 11 29
7 12 41
7 13 92
7 14 14
7 15 75
7 16 52
7 17 14
7 18 31
7 19 56
7 20 32
7 21 26
7 22 18
7 23 19
7 24 67
7 25 81
7 26 38
7 27 95
7 28 67
7 29 42
7 30 54
7 31 15
7 32 68
7 33 25
7 34 75
7 35 14
7 36 3
7 37 67
7 38 53
7 39 53
7 40 14
7 41 76
7 42 26
7 43 71
7 44 13
7 45 51
7 46 63
7 47 63
7 48 24
7 49 71
7 50 53
7 51 79
7 52 78
7 53 7
7 54 26
7 55 18
7 56 20
7 57 34
7 58 32
7 59 67
7 60 78
7 61 37
7 62 42
7 63 85
7 64 33
7 65 32
7 66 8
7 67 10
7 68 31
7 69 86
7 70 38
7 71 13
7 72 18
7 73 40
7 74 42
7 75 84
7 76 1
7 77 83
7 78 60
7 79 36
7 80 55
7 81 92
7 82 46
7 83 45
7 84 43
7 85 8
7 86 52
7 87 70
7 88 97
7 89 57
7 90 68
7 91 66
7 92 38
7 93 30
8 9 67
8 10 72
8 11 80
8 12 17
8 13 78
8 14 44
8 15 91
8 16 75
8 17 100
8 18 30
8 19 70
8 20 1
8 21 84
8 22 41
8 23 43
8 24 47
8 25 23
8 26 48
8 27 53
8 28 8
8 29 44
8 30 67
8 31 53
8 32 37
8 33 85
8 34 36
8 35 7
8 36 13
8 37 74
8 38 20
8 39 78
8 40 16
8 41 39
8 42 83
8 43 33
8 44 34
8 45 57
8 46 68
8 47 39
8 48 80
8 49 64
8 50 88
8 51 11
8 52 90
8 53 98
8 54 15
8 55 70
8 56 33
8 57 68
8 58 78
8 59 45
8 60 87
8 61 34
8 62 48
8 63 54
8 64 7
8 65 3
8 66 15
8 67 84
8 68 70
8 69 73
8 70 67
8 71 97
8 72 59
8 73 11
8 74 96
8 75 58
8 76 57
8 77 59
8 78 19
8 79 39
8 80 73
8 81 53
8 82 76
8 83 80
8 84 58
8 85 72
8 86 16
8 87 45
8 88 40
8 89 77
8 90 21
8 91 81
8 92 87
8 93 85
9 10 5
9 11 44
9 12 33
9 13 35
9 14 51
9 15 20
9 16 5
9 17 29
9 18 51
9 19 53
9 20 1
9 21 81
9 22 75
9 23 54
9 24 88
9 25 94
9 26 99
9 27 38
9 28 99
9 29 42
9 30 74
9 31 13
9 32 90
9 33 92
9 34 71
9 35 56
9 36 68
9 37 60
9 38 61
9 39 46
9 40 99
9 41 85
9 42 22
9 43 79
9 44 20
9 45 94
9 46 76
9 47 69
9 48 70
9 49 99
9 50 51
9 51 11
9 52 48
9 53 91
9 54 83
9 55 11
9 56 29
9 57 15
9 58 60
9 59 51
9 60 82
9 61 16
9 62 55
9 63 44
9 64 16
9 65 28
9 66 24
9 67 5
9 68 20
9 69 21
9 70 53
9 71 59
9 72 75
9 73 38
9 74 27
9 75 22
9 76 14
9 77 17
9 78 40
9 79 21
9 80 85
9 81 24
9 82 91
9 83 49
9 84 34
9 85 100
9 86 5
9 87 34
9 88 28
9 89 80
9 90 79
9 91 73
9 92 23
9 93 23
10 11 14
10 12 54
10 13 3
10 14 87
10 15 4
10 16 19
10 17 27
10 18 82
10 19 96
10 20 51
10 21 4
10 22 63
10 23 53
10 24 14
10 25 88
10 26 63
10 27 44
10 28 38
10 29 64
10 30 27
10 31 55
10 32 40
10 33 93
10 34 97
10 35 17
10 36 71
10 37 83
10 38 63
10 39 93
10 40 97
10 41 2
10 42 57
10 43 66
10 44 2
10 45 78
10 46 40
10 47 60
10 48 50
10 49 42
10 50 7
10 51 24
10 52 43
10 53 32
10 54 17
10 55 49
10 56 49
10 57 15
10 58 10
10 59 60
10 60 23
10 61 82
10 62 28
10 63 84
10 64 100
10 65 72
10 66 26
10 67 33
10 68 17
10 69 9
10 70 70
10 71 12
10 72 48
10 73 11
10 74 82
10 75 84
10 76 49
10 77 31
10 78 8
10 79 2
10 80 32
10 81 81
10 82 31
10 83 91
10 84 67
10 85 74
10 86 65
10 87 65
10 88 60
10 89 37
10 90 52
10 91 11
10 92 70
10 93 78
11 12 26
11 13 100
11 14 71
11 15 48
11 16 8
11 17 51
11 18 73
11 19 36
11 20 40
11 21 18
11 22 86
11 23 6
11 24 95
11 25 34
11 26 85
11 27 74
11 28 17
11 29 75
11 30 49
11 31 67
11 32 45
11 33 44
11 34 14
11 35 48
11 36 21
11 37 53
11 38 10
11 39 99
11 40 90
11 41 99
11 42 40
11 43 65
11 44 97
11 45 15
11 46 91
11 47 39
11 48 68
11 49 3
11 50 6
11 51 36
11 52 46
11 53 62
11 54 30
11 55 16
11 56 11
11 57 27
11 58 11
11 59 78
11 60 97
11 61 18
11 62 87
11 63 39
11 64 94
11 65 8
11 66 94
11 67 96
11 68 40
11 69 1
11 70 28
11 71 20
11 72 20
11 73 72
11 74 2
11 75 14
11 76 15
11 77 87
11 78 9
11 79 37
11 80 16
11 81 28
11 82 100
11 83 10
11 84 6
11 85 91
11 86 45
11 87 57
11 88 67
11 89 42
11 90 15
11 91 47
11 92 26
11 93 27
12 13 7
12 14 48
12 15 26
12 16 61
12 17 47
12 18 79
12 19 6
12 20 17
12 21 25
12 22 34
12 23 37
12 24 58
12 25 98
12 26 96
12 27 74
12 28 4
12 29 89
12 30 78
12 31 49
12 32 13
12 33 77
12 34 91
12 35 67
12 36 94
12 37 2
12 38 100
12 39 66
12 40 31
12 41 74
12 42 36
12 43 88
12 44 44
12 45 95
12 46 39
12 47 27
12 48 22
12 49 34
12 50 96
12 51 65
12 52 80
12 53 12
12 54 58
12 55 42
12 56 87
12 57 48
12 58 21
12 59 54
12 60 28
12 61 68
12 62 98
12 63 62
12 64 88
12 65 77
12 66 64
12 67 12
12 68 74
12 69 93
12 70 72
12 71 94
12 72 83
12 73 28
12 74 8
12 75 4
12 76 87
12 77 28
12 78 12
12 79 53
12 80 15
12 81 77
12 82 48
12 83 100
12 84 99
12 85 71
12 86 76
12 87 13
12 88 7
12 89 45
12 90 10
12 91 23
12 92 74
12 93 96
13 14 13
13 15 93
13 16 71
13 17 89
13 18 77
13 19 62
13 20 19
13 21 55
13 22 26
13 23 33
13 24 63
13 25 67
13 26 29
13 27 99
13 28 7
13 29 74
13 30 60
13 31 51
13 32 57
13 33 97
13 34 84
13 35 63
13 36 4
13 37 85
13 38 13
13 39 53
13 40 35
13 41 27
13 42 54
13 43 7
13 44 69
13 45 92
13 46 35
13 47 14
13 48 60
13 49 44
13 50 55
13 51 83
13 52 8
13 53 3
13 54 45
13 55 34
13 56 80
13 57 76
13 58 1
13 59 54
13 60 61
13 61 89
13 62 32
13 63 63
13 64 94
13 65 21
13 66 77
13 67 80
13 68 59
13 69 87
13 70 24
13 71 80
13 72 57
13 73 18
13 74 24
13 75 6
13 76 89
13 77 70
13 78 94
13 79 69
13 80 75
13 81 56
13 82 57
13 83 48
13 84 62
13 85 72
13 86 55
13 87 30
13 88 76
13 89 38
13 90 4
13 91 45
13 92 56
13 93 37
14 15 87
14 16 35
14 17 51
14 18 69
14 19 82
14 20 44
14 21 21
14 22 46
14 23 24
14 24 62
14 25 88
14 26 91
14 27 6
14 28 77
14 29 42
14 30 36
14 31 93
14 32 58
14 33 78
14 34 81
14 35 92
14 36 89
14 37 81
14 38 88
14 39 87
14 40 32
14 41 53
14 42 60
14 43 7
14 44 89
14 45 72
14 46 55
14 47 85
14 48 20
14 49 73
14 50 21
14 51 53
14 52 60
14 53 51
14 54 87
14 55 18
14 56 44
14 57 65
14 58 88
14 59 49
14 60 26
14 61 68
14 62 46
14 63 84
14 64 83
14 65 42
14 66 74
14 67 93
14 68 10
14 69 11
14 70 97
14 71 68
14 72 15
14 73 30
14 74 12
14 75 75
14 76 25
14 77 78
14 78 15
14 79 5
14 80 2
14 81 29
14 82 29
14 83 38
14 84 81
14 85 47
14 86 67
14 87 56
14 88 66
14 89 8
14 90 44
14 91 90
14 92 74
14 93 46
15 16 19
15 17 38
15 18 46
15 19 93
15 20 80
15 21 8
15 22 55
15 23 34
15 24 74
15 25 63
15 26 33
15 27 55
15 28 56
15 29 81
15 30 61
15 31 23
15 32 38
15 33 32
15 34 47
15 35 82
15 36 98
15 37 47
15 38 27
15 39 60
15 40 95
15 41 64
15 42 82
15 43 89
15 44 80
15 45 46
15 46 50
15 47 30
15 48 47
15 49 75
15 50 89
15 51 29
15 52 53
15 53 71
15 54 27
15 55 97
15 56 47
15 57 76
15 58 74
15 59 43
15 60 42
15 61 92
15 62 61
15 63 23
15 64 20
15 65 45
15 66 88
15 67 58
15 68 92
15 69 90
15 70 52
15 71 15
15 72 7
15 73 25
15 74 56
15 75 90
15 76 66
15 77 47
15 78 87
15 79 58
15 80 38
15 81 55
15 82 23
15 83 11
15 84 33
15 85 20
15 86 58
15 87 98
15 88 54
15 89 82
15 90 35
15 91 24
15 92 60
15 93 65
16 17 81
16 18 51
16 19 49
16 20 43
16 21 23
16 22 12
16 23 14
16 24 57
16 25 84
16 26 68
16 27 36
16 28 58
16 29 48
16 30 75
16 31 29
16 32 6
16 33 36
16 34 37
16 35 26
16 36 60
16 37 28
16 38 42
16 39 28
16 40 99
16 41 48
16 42 36
16 43 10
16 44 38
16 45 16
16 46 20
16 47 25
16 48 1
16 49 57
16 50 58
16 51 28
16 52 14
16 53 77
16 54 30
16 55 48
16 56 32
16 57 43
16 58 52
16 59 55
16 60 94
16 61 36
16 62 47
16 63 43
16 64 74
16 65 80
16 66 27
16 67 77
16 68 45
16 69 79
16 70 69
16 71 92
16 72 19
16 73 53
16 74 18
16 75 91
16 76 27
16 77 32
16 78 31
16 79 86
16 80 58
16 81 88
16 82 47
16 83 4
16 84 5
16 85 93
16 86 30
16 87 31
16 88 90
16 89 53
16 90 94
16 91 26
16 92 40
16 93 42
17 18 57
17 19 79
17 20 22
17 21 26
17 22 7
17 23 76
17 24 68
17 25 39
17 26 78
17 27 45
17 28 78
17 29 85
17 30 85
17 31 78
17 32 39
17 33 7
17 34 47
17 35 15
17 36 24
17 37 90
17 38 15
17 39 29
17 40 79
17 41 63
17 42 92
17 43 62
17 44 22
17 45 32
17 46 17
17 47 63
17 48 10
17 49 20
17 50 55
17 51 7
17 52 99
17 53 44
17 54 50
17 55 48
17 56 95
17 57 9
17 58 61
17 59 58
17 60 7
17 61 81
17 62 72
17 63 51
17 64 51
17 65 35
17 66 31
17 67 56
17 68 83
17 69 40
17 70 42
17 71 99
17 72 15
17 73 85
17 74 20
17 75 16
17 76 1
17 77 84
17 78 90
17 79 79
17 80 91
17 81 48
17 82 44
17 83 61
17 84 34
17 85 4
17 86 62
17 87 1
17 88 51
17 89 80
17 90 8
17 91 2
17 92 18
17 93 92
18 19 33
18 20 22
18 21 8
18 22 66
18 23 68
18 24 90
18 25 50
18 26 21
18 27 36
18 28 91
18 29 81
18 30 16
18 31 89
18 32 17
18 33 62
18 34 69
18 35 77
18 36 37
18 37 63
18 38 10
18 39 16
18 40 37
18 41 32
18 42 75
18 43 43
18 44 79
18 45 82
18 46 49
18 47 72
18 48 15
18 49 40
18 50 70
18 51 73
18 52 39
18 53 100
18 54 61
18 55 63
18 56 73
18 57 4
18 58 63
18 59 10
18 60 84
18 61 34
18 62 6
18 63 83
18 64 12
18 65 89
18 66 97
18 67 23
18 68 48
18 69 36
18 70 2
18 71 84
18 72 2
18 73 41
18 74 52
18 75 51
18 76 83
18 77 14
18 78 1
18 79 67
18 80 5
18 81 27
18 82 98
18 83 22
18 84 61
18 85 49
18 86 90
18 87 43
18 88 48
18 89 62
18 90 14
18 91 27
18 92 34
18 93 40
19 20 41
19 21 46
19 22 80
19 23 17
19 24 6
19 25 48
19 26 12
19 27 82
19 28 12
19 29 55
19 30 49
19 31 54
19 32 68
19 33 29
19 34 63
19 35 82
19 36 59
19 37 39
19 38 65
19 39 70
19 40 29
19 41 4
19 42 48
19 43 51
19 44 52
19 45 20
19 46 79
19 47 78
19 48 29
19 49 35
19 50 19
19 51 97
19 52 8
19 53 25
19 54 26
19 55 89
19 56 19
19 57 80
19 58 29
19 59 40
19 60 69
19 61 77
19 62 84
19 63 4
19 64 36
19 65 93
19 66 54
19 67 96
19 68 100
19 69 35
19 70 29
19 71 78
19 72 54
19 73 71
19 74 72
19 75 98
19 76 100
19 77 22
19 78 72
19 79 81
19 80 24
19 81 35
19 82 38
19 83 3
19 84 5
19 85 56
19 86 69
19 87 36
19 88 57
19 89 38
19 90 23
19 91 74
19 92 13
19 93 2
20 21 95
20 22 2
20 23 11
20 24 54
20 25 49
20 26 8
20 27 7
20 28 13
20 29 90
20 30 71
20 31 89
20 32 83
20 33 33
20 34 10
20 35 35
20 36 93
20 37 34
20 38 8
20 39 1
20 40 99
20 41 96
20 42 24
20 43 72
20 44 82
20 45 70
20 46 45
20 47 31
20 48 38
20 49 22
20 50 89
20 51 71
20 52 68
20 53 52
20 54 36
20 55 3
20 56 49
20 57 61
20 58 28
20 59 41
20 60 64
20 61 19
20 62 81
20 63 91
20 64 17
20 65 99
20 66 69
20 67 80
20 68 33
20 69 64
20 70 30
20 71 1
20 72 70
20 73 34
20 74 80
20 75 31
20 76 18
20 77 37
20 78 46
20 79 85
20 80 5
20 81 59
20 82 56
20 83 20
20 84 75
20 85 16
20 86 85
20 87 84
20 88 17
20 89 85
20 90 55
20 91 85
20 92 41
20 93 84
21 22 39
21 23 53
21 24 60
21 25 54
21 26 45
21 27 15
21 28 22
21 29 89
21 30 49
21 31 94
21 32 47
21 33 88
21 34 69
21 35 9
21 36 19
21 37 51
21 38 16
21 39 37
21 40 56
21 41 68
21 42 35
21 43 40
21 44 64
21 45 58
21 46 80
21 47 38
21 48 88
21 49 55
21 50 94
21 51 64
21 52 22
21 53 97
21 54 53
21 55 100
21 56 89
21 57 41
21 58 77
21 59 31
21 60 46
21 61 24
21 62 68
21 63 82
21 64 70
21 65 58
21 66 11
21 67 90
21 68 31
21 69 24
21 70 3
21 71 51
21 72 7
21 73 98
21 74 23
21 75 27
21 76 83
21 77 57
21 78 98
21 79 47
21 80 20
21 81 3
21 82 89
21 83 61
21 84 53
21 85 89
21 86 69
21 87 44
21 88 24
21 89 69
21 90 82
21 91 51
21 92 78
21 93 51
22 23 21
22 24 59
22 25 46
22 26 64
22 27 50
22 28 89
22 29 98
22 30 88
22 31 21
22 32 96
22 33 19
22 34 57
22 35 50
22 36 42
22 37 41
22 38 96
22 39 27
22 40 90
22 41 74
22 42 74
22 43 69
22 44 6
22 45 74
22 46 59
22 47 24
22 48 69
22 49 23
22 50 83
22 51 16
22 52 69
22 53 75
22 54 33
22 55 39
22 56 34
22 57 94
22 58 19
22 59 95
22 60 22
22 61 41
22 62 80
22 63 84
22 64 30
22 65 81
22 66 20
22 67 78
22 68 65
22 69 93
22 70 64
22 71 16
22 72 85
22 73 13
22 74 46
22 75 33
22 76 19
22 77 20
22 78 4
22 79 13
22 80 28
22 81 86
22 82 78
22 83 33
22 84 71
22 85 57
22 86 20
22 87 19
22 88 27
22 89 89
22 90 86
22 91 12
22 92 17
22 93 60
23 24 69
23 25 17
23 26 61
23 27 37
23 28 26
23 29 93
23 30 41
23 31 26
23 32 60
23 33 46
23 34 85
23 35 26
23 36 81
23 37 6
23 38 73
23 39 48
23 40 7
23 41 97
23 42 80
23 43 87
23 44 27
23 45 10
23 46 40
23 47 75
23 48 12
23 49 93
23 50 9
23 51 83
23 52 84
23 53 24
23 54 13
23 55 96
23 56 23
23 57 74
23 58 84
23 59 8
23 60 64
23 61 50
23 62 38
23 63 91
23 64 25
23 65 40
23 66 66
23 67 30
23 68 35
23 69 46
23 70 94
23 71 19
23 72 12
23 73 30
23 74 1
23 75 40
23 76 92
23 77 4
23 78 30
23 79 74
23 80 24
23 81 55
23 82 6
23 83 88
23 84 87
23 85 90
23 86 31
23 87 97
23 88 17
23 89 26
23 90 93
23 91 79
23 92 34
23 93 83
24 25 86
24 26 97
24 27 57
24 28 95
24 29 2
24 30 30
24 31 66
24 32 43
24 33 63
24 34 74
24 35 40
24 36 76
24 37 55
24 38 46
24 39 28
24 40 39
24 41 34
24 42 100
24 43 38
24 44 31
24 45 52
24 46 81
24 47 60
24 48 15
24 49 85
24 50 58
24 51 63
24 52 100
24 53 55
24 54 84
24 55 23
24 56 62
24 57 78
24 58 41
24 59 6
24 60 59
24 61 20
24 62 42
24 63 51
24 64 26
24 65 15
24 66 40
24 67 60
24 68 82
24 69 23
24 70 34
24 71 84
24 72 87
24 73 45
24 74 96
24 75 73
24 76 97
24 77 65
24 78 36
24 79 93
24 80 73
24 81 65
24 82 39
24 83 82
24 84 100
24 85 11
24 86 97
24 87 65
24 88 59
24 89 85
24 90 85
24 91 23
24 92 49
24 93 85
25 26 82
25 27 14
25 28 70
25 29 63
25 30 18
25 31 10
25 32 48
25 33 90
25 34 13
25 35 9
25 36 34
25 37 38
25 38 81
25 39 41
25 40 25
25 41 26
25 42 10
25 43 47
25 44 72
25 45 34
25 46 55
25 47 82
25 48 31
25 49 48
25 50 45
25 51 89
25 52 28
25 53 45
25 54 96
25 55 24
25 56 78
25 57 49
25 58 93
25 59 37
25 60 79
25 61 54
25 62 7
25 63 52
25 64 24
25 65 6
25 66 11
25 67 26
25 68 31
25 69 34
25 70 7
25 71 96
25 72 71
25 73 35
25 74 74
25 75 100
25 76 98
25 77 71
25 78 13
25 79 56
25 80 95
25 81 3
25 82 22
25 83 67
25 84 61
25 85 71
25 86 51
25 87 9
25 88 35
25 89 15
25 90 57
25 91 51
25 92 90
25 93 19
26 27 35
26 28 78
26 29 27
26 30 30
26 31 10
26 32 41
26 33 18
26 34 2
26 35 9
26 36 33
26 37 56
26 38 13
26 39 99
26 40 84
26 41 33
26 42 16
26 43 85
26 44 81
26 45 37
26 46 77
26 47 44
26 48 55
26 49 24
26 50 82
26 51 6
26 52 5
26 53 32
26 54 41
26 55 74
26 56 23
26 57 50
26 58 99
26 59 6
26 60 41
26 61 95
26 62 44
26 63 40
26 64 12
26 65 65
26 66 78
26 67 18
26 68 40
26 69 13
26 70 75
26 71 88
26 72 96
26 73 42
26 74 72
26 75 72
26 76 37
26 77 79
26 78 53
26 79 1
26 80 97
26 81 40
26 82 64
26 83 73
26 84 73
26 85 89
26 86 15
26 87 80
26 88 96
26 89 57
26 90 86
26 91 93
26 92 28
26 93 95
27 28 80
27 29 3
27 30 42
27 31 31
27 32 99
27 33 10
27 34 76
27 35 85
27 36 5
27 37 53
27 38 51
27 39 68
27 40 80
27 41 66
27 42 1
27 43 77
27 44 50
27 45 7
27 46 86
27 47 7
27 48 19
27 49 31
27 50 48
27 51 55
27 52 38
27 53 84
27 54 57
27 55 88
27 56 91
27 57 38
27 58 43
27 59 17
27 60 62
27 61 99
27 62 99
27 63 7
27 64 64
27 65 89
27 66 92
27 67 62
27 68 72
27 69 7
27 70 33
27 71 44
27 72 39
27 73 5
27 74 41
27 75 72
27 76 47
27 77 62
27 78 60
27 79 35
27 80 99
27 81 12
27 82 38
27 83 52
27 84 41
27 85 75
27 86 36
27 87 49
27 88 22
27 89 97
27 90 89
27 91 14
27 92 100
27 93 54
28 29 18
28 30 96
28 31 62
28 32 56
28 33 34
28 34 1
28 35 94
28 36 82
28 37 32
28 38 9
28 39 80
28 40 51
28 41 4
28 42 83
28 43 74
28 44 35
28 45 7
28 46 14
28 47 35
28 48 51
28 49 82
28 50 42
28 51 3
28 52 88
28 53 78
28 54 99
28 55 71
28 56 96
28 57 13
28 58 14
28 59 100
28 60 97
28 61 46
28 62 20
28 63 79
28 64 83
28 65 66
28 66 53
28 67 6
28 68 43
28 69 96
28 70 40
28 71 85
28 72 49
28 73 67
28 74 44
28 75 48
28 76 37
28 77 53
28 78 57
28 79 51
28 80 77
28 81 85
28 82 95
28 83 82
28 84 21
28 85 88
28 86 98
28 87 84
28 88 16
28 89 59
28 90 84
28 91 32
28 92 61
28 93 97
29 30 18
29 31 59
29 32 4
29 33 45
29 34 43
29 35 81
29 36 47
29 37 65
29 38 80
29 39 2
29 40 48
29 41 27
29 42 45
29 43 7
29 44 90
29 45 86
29 46 64
29 47 34
29 48 47
29 49 88
29 50 87
29 51 1
29 52 29
29 53 85
29 54 49
29 55 80
29 56 35
29 57 24
29 58 52
29 59 75
29 60 19
29 61 65
29 62 92
29 63 16
29 64 53
29 65 100
29 66 6
29 67 38
29 68 88
29 69 50
29 70 7
29 71 54
29 72 53
29 73 33
29 74 28
29 75 82
29 76 15
29 77 96
29 78 60
29 79 62
29 80 74
29 81 10
29 82 77
29 83 91
29 84 25
29 85 36
29 86 86
29 87 69
29 88 100
29 89 2
29 90 75
29 91 5
29 92 75
29 93 37
30 31 37
30 32 84
30 33 56
30 34 20
30 35 73
30 36 25
30 37 4
30 38 58
30 39 32
30 40 83
30 41 75
30 42 56
30 43 68
30 44 2
30 45 37
30 46 58
30 47 20
30 48 59
30 49 45
30 50 95
30 51 31
30 52 53
30 53 94
30 54 83
30 55 33
30 56 95
30 57 94
30 58 96
30 59 14
30 60 22
30 61 75
30 62 68
30 63 9
30 64 9
30 65 65
30 66 12
30 67 35
30 68 88
30 69 15
30 70 79
30 71 1
30 72 46
30 73 78
30 74 18
30 75 14
30 76 63
30 77 39
30 78 95
30 79 39
30 80 87
30 81 89
30 82 18
30 83 88
30 84 84
30 85 94
30 86 6
30 87 23
30 88 44
30 89 16
30 90 34
30 91 99
30 92 10
30 93 63
31 32 79
31 33 2
31 34 86
31 35 65
31 36 69
31 37 99
31 38 73
31 39 64
31 40 70
31 41 56
31 42 50
31 43 6
31 44 52
31 45 92
31 46 10
31 47 68
31 48 89
31 49 66
31 50 17
31 51 64
31 52 17
31 53 37
31 54 63
31 55 59
31 56 58
31 57 52
31 58 32
31 59 67
31 60 15
31 61 77
31 62 6
31 63 78
31 64 61
31 65 11
31 66 95
31 67 57
31 68 5
31 69 25
31 70 100
31 71 15
31 72 17
31 73 35
31 74 72
31 75 26
31 76 70
31 77 40
31 78 6
31 79 69
31 80 72
31 81 89
31 82 16
31 83 24
31 84 26
31 85 88
31 86 26
31 87 45
31 88 21
31 89 8
31 90 48
31 91 5
31 92 78
31 93 15
32 33 50
32 34 96
32 35 60
32 36 13
32 37 64
32 38 39
32 39 35
32 40 89
32 41 73
32 42 18
32 43 4
32 44 29
32 45 58
32 46 94
32 47 7
32 48 49
32 49 71
32 50 8
32 51 57
32 52 61
32 53 75
32 54 30
32 55 45
32 56 3
32 57 4
32 58 11
32 59 80
32 60 23
32 61 89
32 62 59
32 63 39
32 64 35
32 65 63
32 66 27
32 67 97
32 68 30
32 69 94
32 70 14
32 71 70
32 72 86
32 73 25
32 74 100
32 75 75
32 76 40
32 77 56
32 78 93
32 79 23
32 80 5
32 81 79
32 82 98
32 83 63
32 84 46
32 85 33
32 86 20
32 87 56
32 88 47
32 89 46
32 90 78
32 91 85
32 92 58
32 93 96
33 34 15
33 35 73
33 36 8
33 37 100
33 38 32
33 39 91
33 40 37
33 41 47
33 42 28
33 43 77
33 44 3
33 45 73
33 46 93
33 47 95
33 48 27
33 49 47
33 50 46
33 51 44
33 52 94
33 53 8
33 54 16
33 55 45
33 56 88
33 57 75
33 58 83
33 59 55
33 60 31
33 61 63
33 62 59
33 63 22
33 64 47
33 65 92
33 66 72
33 67 38
33 68 63
33 69 22
33 70 16
33 71 69
33 72 6
33 73 52
33 74 50
33 75 31
33 76 43
33 77 53
33 78 15
33 79 44
33 80 86
33 81 11
33 82 73
33 83 11
33 84 60
33 85 10
33 86 9
33 87 29
33 88 50
33 89 37
33 90 15
33 91 4
33 92 10
33 93 54
34 35 5
34 36 12
34 37 71
34 38 32
34 39 54
34 40 4
34 41 82
34 42 57
34 43 6
34 44 16
34 45 48
34 46 17
34 47 66
34 48 98
34 49 47
34 50 2
34 51 46
34 52 32
34 53 57
34 54 61
34 55 55
34 56 26
34 57 94
34 58 85
34 59 37
34 60 77
34 61 60
34 62 80
34 63 45
34 64 10
34 65 13
34 66 46
34 67 8
34 68 80
34 69 50
34 70 87
34 71 92
34 72 21
34 73 65
34 74 64
34 75 74
34 76 14
34 77 60
34 78 5
34 79 98
34 80 22
34 81 66
34 82 25
34 83 22
34 84 6
34 85 54
34 86 24
34 87 91
34 88 82
34 89 29
34 90 41
34 91 38
34 92 2
34 93 40
35 36 72
35 37 33
35 38 29
35 39 70
35 40 69
35 41 91
35 42 54
35 43 85
35 44 67
35 45 38
35 46 71
35 47 93
35 48 55
35 49 60
35 50 23
35 51 60
35 52 93
35 53 37
35 54 20
35 55 5
35 56 57
35 57 55
35 58 70
35 59 88
35 60 26
35 61 76
35 62 62
35 63 100
35 64 76
35 65 43
35 66 63
35 67 54
35 68 49
35 69 13
35 70 5
35 71 56
35 72 88
35 73 44
35 74 48
35 75 76
35 76 35
35 77 54
35 78 98
35 79 91
35 80 11
35 81 20
35 82 49
35 83 55
35 84 70
35 85 37
35 86 20
35 87 8
35 88 92
35 89 8
35 90 26
35 91 65
35 92 17
35 93 16
36 37 52
36 38 33
36 39 2
36 40 11
36 41 40
36 42 58
36 43 24
36 44 75
36 45 60
36 46 39
36 47 8
36 48 75
36 49 97
36 50 89
36 51 19
36 52 48
36 53 99
36 54 39
36 55 30
36 56 61
36 57 33
36 58 54
36 59 88
36 60 84
36 61 19
36 62 92
36 63 75
36 64 55
36 65 95
36 66 98
36 67 72
36 68 85
36 69 26
36 70 87
36 71 91
36 72 27
36 73 83
36 74 51
36 75 12
36 76 97
36 77 65
36 78 78
36 79 76
36 80 23
36 81 25
36 82 45
36 83 52
36 84 74
36 85 38
36 86 100
36 87 70
36 88 13
36 89 12
36 90 85
36 91 100
36 92 36
36 93 65
37 38 87
37 39 4
37 40 61
37 41 52
37 42 80
37 43 74
37 44 47
37 45 66
37 46 8
37 47 10
37 48 86
37 49 53
37 50 70
37 51 66
37 52 58
37 53 88
37 54 27
37 55 44
37 56 96
37 57 41
37 58 72
37 59 93
37 60 31
37 61 72
37 62 1
37 63 85
37 64 80
37 65 18
37 66 73
37 67 97
37 68 48
37 69 33
37 70 81
37 71 98
37 72 92
37 73 78
37 74 81
37 75 89
37 76 70
37 77 8
37 78 1
37 79 100
37 80 86
37 81 53
37 82 100
37 83 77
37 84 19
37 85 86
37 86 100
37 87 54
37 88 17
37 89 43
37 90 92
37 91 13
37 92 58
37 93 39
38 39 50
38 40 84
38 41 23
38 42 91
38 43 52
38 44 59
38 45 47
38 46 67
38 47 18
38 48 11
38 49 35
38 50 77
38 51 99
38 52 37
38 53 25
38 54 15
38 55 46
38 56 88
38 57 51
38 58 2
38 59 84
38 60 98
38 61 15
38 62 73
38 63 5
38 64 50
38 65 56
38 66 95
38 67 68
38 68 30
38 69 42
38 70 75
38 71 92
38 72 2
38 73 75
38 74 62
38 75 69
38 76 78
38 77 77
38 78 46
38 79 29
38 80 1
38 81 21
38 82 50
38 83 1
38 84 69
38 85 21
38 86 65
38 87 14
38 88 61
38 89 74
38 90 54
38 91 31
38 92 68
38 93 99
39 40 9
39 41 37
39 42 52
39 43 10
39 44 31
39 45 58
39 46 37
39 47 24
39 48 66
39 49 96
39 50 51
39 51 6
39 52 45
39 53 100
39 54 72
39 55 89
39 56 57
39 57 54
39 58 39
39 59 81
39 60 40
39 61 43
39 62 24
39 63 68
39 64 97
39 65 73
39 66 69
39 67 2
39 68 77
39 69 7
39 70 20
39 71 79
39 72 77
39 73 100
39 74 55
39 75 23
39 76 18
39 77 10
39 78 73
39 79 79
39 80 88
39 81 39
39 82 89
39 83 13
39 84 4
39 85 52
39 86 40
39 87 84
39 88 84
39 89 65
39 90 72
39 91 68
39 92 56
39 93 30
40 41 91
40 42 45
40 43 5
40 44 5
40 45 25
40 46 56
40 47 57
40 48 31
40 49 84
40 50 27
40 51 67
40 52 36
40 53 87
40 54 48
40 55 60
40 56 83
40 57 8
40 58 45
40 59 83
40 60 23
40 61 63
40 62 14
40 63 57
40 64 40
40 65 67
40 66 23
40 67 27
40 68 51
40 69 8
40 70 12
40 71 17
40 72 74
40 73 78
40 74 80
40 75 86
40 76 60
40 77 96
40 78 4
40 79 31
40 80 24
40 81 56
40 82 59
40 83 15
40 84 21
40 85 44
40 86 7
40 87 79
40 88 72
40 89 89
40 90 1
40 91 68
40 92 32
40 93 20
41 42 77
41 43 55
41 44 3
41 45 64
41 46 18
41 47 52
41 48 74
41 49 70
41 50 89
41 51 10
41 52 87
41 53 40
41 54 52
41 55 94
41 56 85
41 57 34
41 58 66
41 59 63
41 60 76
41 61 32
41 62 55
41 63 16
41 64 18
41 65 83
41 66 18
41 67 30
41 68 17
41 69 15
41 70 52
41 71 86
41 72 33
41 73 18
41 74 63
41 75 10
41 76 36
41 77 98
41 78 85
41 79 34
41 80 16
41 81 20
41 82 90
41 83 60
41 84 80
41 85 51
41 86 27
41 87 63
41 88 87
41 89 34
41 90 59
41 91 96
41 92 100
41 93 15
42 43 83
42 44 31
42 45 63
42 46 67
42 47 47
42 48 69
42 49 50
42 50 95
42 51 73
42 52 16
42 53 92
42 54 41
42 55 87
42 56 62
42 57 39
42 58 87
42 59 88
42 60 35
42 61 90
42 62 57
42 63 44
42 64 47
42 65 33
42 66 16
42 67 50
42 68 65
42 69 68
42 70 72
42 71 54
42 72 70
42 73 42
42 74 32
42 75 40
42 76 60
42 77 3
42 78 66
42 79 8
42 80 66
42 81 66
42 82 5
42 83 67
42 84 42
42 85 82
42 86 11
42 87 83
42 88 57
42 89 27
42 90 2
42 91 75
42 92 13
42 93 99
43 44 33
43 45 91
43 46 69
43 47 3
43 48 48
43 49 57
43 50 10
43 51 98
43 52 9
43 53 66
43 54 100
43 55 2
43 56 71
43 57 85
43 58 76
43 59 21
43 60 65
43 61 6
43 62 41
43 63 3
43 64 20
43 65 9
43 66 41
43 67 23
43 68 12
43 69 19
43 70 84
43 71 96
43 72 6
43 73 1
43 74 14
43 75 16
43 76 18
43 77 33
43 78 44
43 79 73
43 80 26
43 81 26
43 82 22
43 83 34
43 84 15
43 85 70
43 86 78
43 87 15
43 88 16
43 89 15
43 90 14
43 91 63
43 92 20
43 93 55
44 45 28
44 46 28
44 47 63
44 48 11
44 49 82
44 50 39
44 51 24
44 52 48
44 53 47
44 54 10
44 55 87
44 56 47
44 57 71
44 58 6
44 59 92
44 60 92
44 61 14
44 62 90
44 63 5
44 64 17
44 65 49
44 66 52
44 67 84
44 68 4
44 69 67
44 70 17
44 71 14
44 72 92
44 73 63
44 74 41
44 75 19
44 76 61
44 77 20
44 78 49
44 79 7
44 80 7
44 81 80
44 82 40
44 83 70
44 84 33
44 85 51
44 86 71
44 87 27
44 88 84
44 89 72
44 90 4
44 91 22
44 92 76
44 93 52
45 46 32
45 47 67
45 48 12
45 49 93
45 50 98
45 51 88
45 52 72
45 53 7
45 54 34
45 55 76
45 56 55
45 57 40
45 58 73
45 59 29
45 60 79
45 61 47
45 62 60
45 63 3
45 64 22
45 65 68
45 66 27
45 67 22
45 68 53
45 69 55
45 70 81
45 71 79
45 72 30
45 73 68
45 74 36
45 75 46
45 76 8
45 77 22
45 78 75
45 79 55
45 80 93
45 81 91
45 82 97
45 83 37
45 84 46
45 85 83
45 86 82
45 87 5
45 88 59
45 89 76
45 90 54
45 91 82
45 92 12
45 93 3
46 47 54
46 48 6
46 49 55
46 50 6
46 51 77
46 52 90
46 53 3
46 54 58
46 55 81
46 56 96
46 57 10
46 58 1
46 59 21
46 60 63
46 61 7
46 62 30
46 63 62
46 64 70
46 65 92
46 66 63
46 67 78
46 68 23
46 69 44
46 70 59
46 71 83
46 72 63
46 73 28
46 74 70
46 75 65
46 76 20
46 77 94
46 78 6
46 79 89
46 80 72
46 81 5
46 82 45
46 83 72
46 84 69
46 85 9
46 86 43
46 87 7
46 88 92
46 89 68
46 90 39
46 91 89
46 92 45
46 93 66
47 48 39
47 49 37
47 50 99
47 51 88
47 52 7
47 53 26
47 54 58
47 55 81
47 56 6
47 57 93
47 58 75
47 59 43
47 60 30
47 61 56
47 62 85
47 63 51
47 64 15
47 65 64
47 66 87
47 67 39
47 68 9
47 69 70
47 70 79
47 71 63
47 72 86
47 73 58
47 74 86
47 75 50
47 76 3
47 77 56
47 78 1
47 79 7
47 80 7
47 81 53
47 82 90
47 83 57
47 84 68
47 85 22
47 86 86
47 87 52
47 88 1
47 89 39
47 90 39
47 91 84
47 92 13
47 93 73
48 49 7
48 50 82
48 51 33
48 52 80
48 53 5
48 54 74
48 55 96
48 56 52
48 57 32
48 58 13
48 59 50
48 60 17
48 61 36
48 62 49
48 63 58
48 64 57
48 65 25
48 66 6
48 67 29
48 68 14
48 69 59
48 70 5
48 71 65
48 72 70
48 73 97
48 74 34
48 75 79
48 76 36
48 77 54
48 78 43
48 79 96
48 80 17
48 81 98
48 82 38
48 83 42
48 84 30
48 85 20
48 86 76
48 87 51
48 88 83
48 89 81
48 90 48
48 91 14
48 92 1
48 93 4
49 50 20
49 51 60
49 52 88
49 53 49
49 54 5
49 55 95
49 56 47
49 57 74
49 58 22
49 59 45
49 60 26
49 61 84
49 62 72
49 63 12
49 64 82
49 65 36
49 66 18
49 67 2
49 68 28
49 69 42
49 70 10
49 71 61
49 72 30
49 73 91
49 74 59
49 75 71
49 76 88
49 77 42
49 78 12
49 79 84
49 80 34
49 81 98
49 82 21
49 83 70
49 84 16
49 85 72
49 86 88
49 87 16
49 88 68
49 89 77
49 90 49
49 91 100
49 92 7
49 93 47
50 51 19
50 52 8
50 53 87
50 54 90
50 55 33
50 56 12
50 57 70
50 58 28
50 59 85
50 60 33
50 61 55
50 62 95
50 63 52
50 64 59
50 65 24
50 66 72
50 67 32
50 68 35
50 69 26
50 70 78
50 71 61
50 72 70
50 73 82
50 74 43
50 75 86
50 76 23
50 77 78
50 78 8
50 79 78
50 80 30
50 81 86
50 82 44
50 83 35
50 84 72
50 85 17
50 86 94
50 87 85
50 88 34
50 89 12
50 90 54
50 91 30
50 92 70
50 93 73
51 52 98
51 53 18
51 54 27
51 55 30
51 56 13
51 57 67
51 58 25
51 59 5
51 60 28
51 61 75
51 62 15
51 63 48
51 64 92
51 65 72
51 66 48
51 67 69
51 68 86
51 69 84
51 70 9
51 71 88
51 72 100
51 73 56
51 74 29
51 75 92
51 76 87
51 77 11
51 78 82
51 79 76
51 80 61
51 81 53
51 82 10
51 83 54
51 84 42
51 85 61
51 86 34
51 87 94
51 88 89
51 89 87
51 90 21
51 91 7
51 92 60
51 93 21
52 53 66
52 54 32
52 55 46
52 56 54
52 57 84
52 58 22
52 59 59
52 60 39
52 61 32
52 62 90
52 63 70
52 64 65
52 65 69
52 66 40
52 67 95
52 68 24
52 69 25
52 70 76
52 71 5
52 72 100
52 73 26
52 74 20
52 75 34
52 76 76
52 77 73
52 78 32
52 79 19
52 80 37
52 81 85
52 82 12
52 83 79
52 84 16
52 85 53
52 86 78
52 87 46
52 88 35
52 89 78
52 90 7
52 91 28
52 92 76
52 93 64
53 54 51
53 55 59
53 56 27
53 57 100
53 58 97
53 59 47
53 60 6
53 61 49
53 62 42
53 63 57
53 64 71
53 65 54
53 66 90
53 67 52
53 68 61
53 69 91
53 70 100
53 71 20
53 72 57
53 73 21
53 74 10
53 75 42
53 76 46
53 77 74
53 78 58
53 79 9
53 80 12
53 81 98
53 82 73
53 83 52
53 84 5
53 85 27
53 86 44
53 87 98
53 88 24
53 89 26
53 90 20
53 91 61
53 92 59
53 93 57
54 55 61
54 56 96
54 57 46
54 58 31
54 59 82
54 60 12
54 61 38
54 62 43
54 63 96
54 64 30
54 65 26
54 66 96
54 67 56
54 68 41
54 69 78
54 70 9
54 71 77
54 72 67
54 73 22
54 74 49
54 75 33
54 76 55
54 77 99
54 78 70
54 79 82
54 80 29
54 81 24
54 82 59
54 83 70
54 84 41
54 85 70
54 86 63
54 87 12
54 88 4
54 89 68
54 90 37
54 91 30
54 92 25
54 93 93
55 56 40
55 57 75
55 58 23
55 59 42
55 60 14
55 61 31
55 62 53
55 63 17
55 64 38
55 65 86
55 66 65
55 67 62
55 68 14
55 69 35
55 70 93
55 71 11
55 72 15
55 73 28
55 74 60
55 75 92
55 76 87
55 77 51
55 78 52
55 79 13
55 80 72
55 81 95
55 82 48
55 83 74
55 84 61
55 85 55
55 86 89
55 87 16
55 88 56
55 89 91
55 90 26
55 91 86
55 92 32
55 93 31
56 57 47
56 58 62
56 59 12
56 60 90
56 61 68
56 62 53
56 63 87
56 64 79
56 65 30
56 66 72
56 67 66
56 68 9
56 69 28
56 70 87
56 71 30
56 72 50
56 73 56
56 74 45
56 75 36
56 76 44
56 77 82
56 78 61
56 79 60
56 80 30
56 81 28
56 82 76
56 83 71
56 84 20
56 85 72
56 86 44
56 87 58
56 88 68
56 89 88
56 90 28
56 91 76
56 92 48
56 93 36
57 58 85
57 59 91
57 60 43
57 61 9
57 62 79
57 63 25
57 64 70
57 65 93
57 66 98
57 67 48
57 68 85
57 69 90
57 70 36
57 71 36
57 72 69
57 73 68
57 74 65
57 75 29
57 76 89
57 77 52
57 78 36
57 79 94
57 80 74
57 81 82
57 82 77
57 83 76
57 84 58
57 85 37
57 86 36
57 87 66
57 88 62
57 89 38
57 90 97
57 91 89
57 92 93
57 93 49
58 59 41
58 60 76
58 61 98
58 62 42
58 63 20
58 64 12
58 65 63
58 66 62
58 67 45
58 68 78
58 69 1
58 70 51
58 71 82
58 72 13
58 73 23
58 74 10
58 75 14
58 76 65
58 77 6
58 78 31
58 79 73
58 80 91
58 81 37
58 82 40
58 83 19
58 84 82
58 85 11
58 86 67
58 87 90
58 88 6
58 89 3
58 90 27
58 91 98
58 92 51
58 93 48
59 60 54
59 61 75
59 62 21
59 63 84
59 64 58
59 65 92
59 66 53
59 67 51
59 68 58
59 69 89
59 70 35
59 71 75
59 72 5
59 73 78
59 74 87
59 75 76
59 76 81
59 77 54
59 78 81
59 79 45
59 80 4
59 81 99
59 82 16
59 83 60
59 84 100
59 85 80
59 86 70
59 87 44
59 88 67
59 89 96
59 90 62
59 91 17
59 92 79
59 93 20
60 61 94
60 62 95
60 63 1
60 64 55
60 65 89
60 66 67
60 67 3
60 68 70
60 69 56
60 70 10
60 71 49
60 72 17
60 73 9
60 74 35
60 75 77
60 76 55
60 77 93
60 78 31
60 79 40
60 80 66
60 81 25
60 82 44
60 83 37
60 84 88
60 85 80
60 86 52
60 87 46
60 88 80
60 89 70
60 90 77
60 91 24
60 92 88
60 93 4
61 62 75
61 63 43
61 64 60
61 65 33
61 66 48
61 67 26
61 68 46
61 69 40
61 70 16
61 71 55
61 72 94
61 73 94
61 74 2
61 75 36
61 76 72
61 77 55
61 78 55
61 79 97
61 80 56
61 81 96
61 82 77
61 83 54
61 84 39
61 85 32
61 86 93
61 87 43
61 88 55
61 89 28
61 90 88
61 91 89
61 92 53
61 93 95
62 63 15
62 64 30
62 65 65
62 66 95
62 67 56
62 68 8
62 69 55
62 70 85
62 71 20
62 72 22
62 73 81
62 74 82
62 75 39
62 76 22
62 77 56
62 78 99
62 79 38
62 80 52
62 81 93
62 82 71
62 83 50
62 84 51
62 85 23
62 86 97
62 87 55
62 88 69
62 89 57
62 90 67
62 91 42
62 92 32
62 93 64
63 64 46
63 65 8
63 66 30
63 67 14
63 68 47
63 69 4
63 70 62
63 71 75
63 72 82
63 73 53
63 74 54
63 75 12
63 76 8
63 77 85
63 78 7
63 79 50
63 80 74
63 81 65
63 82 88
63 83 15
63 84 62
63 85 100
63 86 22
63 87 52
63 88 100
63 89 89
63 90 63
63 91 83
63 92 15
63 93 27
64 65 63
64 66 71
64 67 3
64 68 71
64 69 16
64 70 68
64 71 79
64 72 15
64 73 43
64 74 17
64 75 58
64 76 63
64 77 3
64 78 64
64 79 69
64 80 1
64 81 19
64 82 91
64 83 89
64 84 90
64 85 29
64 86 100
64 87 88
64 88 81
64 89 71
64 90 95
64 91 83
64 92 46
64 93 2
65 66 10
65 67 27
65 68 15
65 69 90
65 70 38
65 71 95
65 72 3
65 73 58
65 74 19
65 75 14
65 76 46
65 77 1
65 78 2
65 79 29
65 80 7
65 81 86
65 82 15
65 83 33
65 84 27
65 85 85
65 86 6
65 87 63
65 88 4
65 89 14
65 90 28
65 91 56
65 92 38
65 93 84
66 67 20
66 68 50
66 69 55
66 70 63
66 71 19
66 72 100
66 73 17
66 74 91
66 75 6
66 76 24
66 77 94
66 78 30
66 79 89
66 80 24
66 81 41
66 82 57
66 83 32
66 84 59
66 85 68
66 86 28
66 87 94
66 88 12
66 89 19
66 90 35
66 91 17
66 92 13
66 93 75
67 68 61
67 69 92
67 70 48
67 71 98
67 72 81
67 73 5
67 74 3
67 75 58
67 76 1
67 77 77
67 78 6
67 79 37
67 80 28
67 81 47
67 82 57
67 83 26
67 84 47
67 85 5
67 86 97
67 87 13
67 88 19
67 89 17
67 90 19
67 91 69
67 92 12
67 93 21
68 69 89
68 70 69
68 71 27
68 72 84
68 73 54
68 74 14
68 75 45
68 76 22
68 77 39
68 78 10
68 79 21
68 80 56
68 81 8
68 82 7
68 83 95
68 84 23
68 85 58
68 86 84
68 87 59
68 88 74
68 89 54
68 90 59
68 91 73
68 92 69
68 93 57
69 70 16
69 71 42
69 72 34
69 73 1
69 74 7
69 75 99
69 76 36
69 77 92
69 78 46
69 79 8
69 80 50
69 81 31
69 82 75
69 83 68
69 84 24
69 85 99
69 86 39
69 87 81
69 88 54
69 89 9
69 90 79
69 91 81
69 92 94
69 93 36
70 71 70
70 72 26
70 73 29
70 74 43
70 75 77
70 76 72
70 77 31
70 78 63
70 79 73
70 80 86
70 81 41
70 82 8
70 83 76
70 84 22
70 85 62
70 86 46
70 87 6
70 88 90
70 89 38
70 90 51
70 91 97
70 92 87
70 93 79
71 72 32
71 73 70
71 74 23
71 75 60
71 76 20
71 77 36
71 78 20
71 79 46
71 80 89
71 81 20
71 82 91
71 83 39
71 84 13
71 85 100
71 86 2
71 87 43
71 88 19
71 89 54
71 90 98
71 91 18
71 92 42
71 93 32
72 73 96
72 74 62
72 75 86
72 76 71
72 77 63
72 78 90
72 79 57
72 80 98
72 81 12
72 82 57
72 83 9
72 84 38
72 85 73
72 86 62
72 87 39
72 88 55
72 89 28
72 90 47
72 91 24
72 92 26
72 93 91
73 74 4
73 75 68
73 76 25
73 77 28
73 78 89
73 79 38
73 80 32
73 81 60
73 82 99
73 83 42
73 84 88
73 85 11
73 86 78
73 87 81
73 88 28
73 89 80
73 90 81
73 91 94
73 92 31
73 93 96
74 75 72
74 76 14
74 77 57
74 78 80
74 79 81
74 80 9
74 81 1
74 82 45
74 83 85
74 84 71
74 85 57
74 86 12
74 87 81
74 88 16
74 89 53
74 90 45
74 91 38
74 92 4
74 93 74
75 76 89
75 77 11
75 78 34
75 79 14
75 80 92
75 81 23
75 82 49
75 83 31
75 84 6
75 85 24
75 86 93
75 87 84
75 88 97
75 89 99
75 90 34
75 91 4
75 92 78
75 93 29
76 77 61
76 78 44
76 79 37
76 80 78
76 81 6
76 82 6
76 83 85
76 84 56
76 85 45
76 86 9
76 87 37
76 88 73
76 89 44
76 90 59
76 91 4
76 92 91
76 93 50
77 78 33
77 79 91
77 80 91
77 81 28
77 82 99
77 83 88
77 84 80
77 85 48
77 86 49
77 87 67
77 88 23
77 89 91
77 90 92
77 91 54
77 92 21
77 93 37
78 79 34
78 80 70
78 81 92
78 82 46
78 83 90
78 84 4
78 85 35
78 86 85
78 87 26
78 88 98
78 89 91
78 90 83
78 91 74
78 92 9
78 93 13
79 80 10
79 81 1
79 82 24
79 83 15
79 84 21
79 85 80
79 86 41
79 87 97
79 88 78
79 89 11
79 90 6
79 91 42
79 92 87
79 93 59
80 81 47
80 82 80
80 83 28
80 84 56
80 85 56
80 86 55
80 87 9
80 88 49
80 89 67
80 90 87
80 91 39
80 92 53
80 93 33
81 82 31
81 83 59
81 84 43
81 85 98
81 86 47
81 87 66
81 88 80
81 89 7
81 90 94
81 91 96
81 92 86
81 93 22
82 83 31
82 84 9
82 85 18
82 86 10
82 87 36
82 88 71
82 89 51
82 90 18
82 91 39
82 92 70
82 93 7
83 84 71
83 85 50
83 86 52
83 87 32
83 88 81
83 89 20
83 90 2
83 91 43
83 92 51
83 93 61
84 85 80
84 86 85
84 87 82
84 88 10
84 89 96
84 90 2
84 91 25
84 92 64
84 93 29
85 86 89
85 87 90
85 88 20
85 89 71
85 90 90
85 91 83
85 92 6
85 93 38
86 87 64
86 88 92
86 89 7
86 90 53
86 91 96
86 92 50
86 93 12
87 88 15
87 89 59
87 90 58
87 91 57
87 92 20
87 93 99
88 89 48
88 90 25
88 91 1
88 92 95
88 93 51
89 90 13
89 91 37
89 92 64
89 93 40
90 91 66
90 92 24
90 93 11
91 92 58
91 93 42
92 93 26
