67 2211 66
1 2 45
1 3 6
1 4 30
1 5 37
1 6 66
1 7 25
1 8 8
1 9 51
1 10 52
1 11 45
1 12 28
1 13 59
1 14 59
1 15 16
1 16 88
1 17 96
1 18 75
1 19 83
1 20 98
1 21 78
1 22 43
1 23 79
1 24 75
1 25 77
1 26 7
1 27 100
1 28 45
1 29 3
1 30 23
1 31 75
1 32 62
1 33 8
1 34 96
1 35 74
1 36 53
1 37 4
1 38 42
1 39 17
1 40 92
1 41 5
1 42 90
1 43 11
1 44 37
1 45 22
1 46 62
1 47 35
1 48 47
1 49 43
1 50 50
1 51 41
1 52 68
1 53 27
1 54 26
1 55 45
1 56 94
1 57 88
1 58 80
1 59 71
1 60 47
1 61 47
1 62 7
1 63 70
1 64 50
1 65 60
1 66 30
1 67 28
2 3 60
2 4 53
2 5 92
2 6 23
2 7 15
2 8 41
2 9 77
2 10 57
2 11 98
2 12 1
2 13 96
2 14 96
2 15 33
2 16 86
2 17 63
2 18 62
2 19 16
2 20 25
2 21 26
2 22 99
2 23 38
2 24 87
2 25 7
2 26 82
2 27 94
2 28 96
2 29 38
2 30 25
2 31 73
2 32 53
2 33 98
2 34 100
2 35 35
2 36 5
2 37 88
2 38 63
2 39 56
2 40 76
2 41 30
2 42 91
2 43 84
2 44 68
2 45 73
2 46 77
2 47 91
2 48 38
2 49 1
2 50 10
2 51 98
2 52 15
2 53 34
2 54 85
2 55 62
2 56 39
2 57 20
2 58 99
2 59 32
2 60 91
2 61 57
2 62 61
2 63 44
2 64 55
2 65 90
2 66 92
2 67 63
3 4 48
3 5 2
3 6 32
3 7 76
3 8 29
3 9 62
3 10 2
3 11 39
3 12 47
3 13 60
3 14 96
3 15 63
3 16 3
3 17 25
3 18 89
3 19 11
3 20 84
3 21 20
3 22 17
3 23 4
3 24 100
3 25 89
3 26 48
3 27 37
3 28 52
3 29 6
3 30 1
3 31 23
3 32 71
3 33 32
3 34 78
3 35 97
3 36 90
3 37 40
3 38 41
3 39 18
3 40 13
3 41 70
3 42 9
3 43 13
3 44 39
3 45 5
3 46 57
3 47 16
3 48 84
3 49 23
3 50 17
3 51 43
3 52 19
3 53 58
3 54 12
3 55 72
3 56 65
3 57 77
3 58 74
3 59 87
3 60 71
3 61 18
3 62 10
3 63 39
3 64 87
3 65 59
3 66 13
3 67 92
4 5 68
4 6 57
4 7 56
4 8 85
4 9 76
4 10 68
4 11 47
4 12 91
4 13 7
4 14 84
4 15 96
4 16 64
4 17 77
4 18 3
4 19 82
4 20 58
4 21 36
4 22 47
4 23 85
4 24 11
4 25 68
4 26 45
4 27 16
4 28 32
4 29 19
4 30 87
4 31 10
4 32 46
4 33 20
4 34 83
4 35 15
4 36 82
4 37 70
4 38 44
4 39 96
4 40 29
4 41 84
4 42 33
4 43 56
4 44 19
4 45 83
4 46 93
4 47 59
4 48 12
4 49 65
4 50 55
4 51 36
4 52 13
4 53 71
4 54 37
4 55 83
4 56 80
4 57 21
4 58 69
4 59 24
4 60 85
4 61 79
4 62 5
4 63 31
4 64 10
4 65 81
4 66 6
4 67 19
5 6 15
5 7 6
5 8 5
5 9 15
5 10 46
5 11 91
5 12 72
5 13 97
5 14 53
5 15 21
5 16 16
5 17 22
5 18 12
5 19 67
5 20 63
5 21 20
5 22 7
5 23 67
5 24 90
5 25 25
5 26 46
5 27 38
5 28 55
5 29 59
5 30 64
5 31 48
5 32 62
5 33 81
5 34 86
5 35 31
5 36 92
5 37 22
5 38 96
5 39 28
5 40 25
5 41 58
5 42 19
5 43 96
5 44 51
5 45 47
5 46 13
5 47 74
5 48 90
5 49 88
5 50 76
5 51 88
5 52 72
5 53 48
5 54 57
5 55 56
5 56 89
5 57 8
5 58 9
5 59 34
5 60 11
5 61 100
5 62 31
5 63 36
5 64 69
5 65 96
5 66 61
5 67 77
6 7 23
6 8 54
6 9 90
6 10 91
6 11 40
6 12 58
6 13 5
6 14 91
6 15 16
6 16 47
6 17 37
6 18 24
6 19 41
6 20 11
6 21 11
6 22 77
6 23 8
6 24 84
6 25 68
6 26 39
6 27 89
6 28 7
6 29 6
6 30 83
6 31 81
6 32 73
6 33 61
6 34 40
6 35 74
6 36 44
6 37 46
6 38 51
6 39 27
6 40 15
6 41 59
6 42 3
6 43 97
6 44 14
6 45 56
6 46 46
6 47 74
6 48 26
6 49 54
6 50 50
6 51 68
6 52 25
6 53 49
6 54 35
6 55 88
6 56 22
6 57 88
6 58 69
6 59 82
6 60 81
6 61 66
6 62 86
6 63 61
6 64 71
6 65 38
6 66 91
6 67 63
7 8 57
7 9 30
7 10 81
7 11 18
7 12 68
7 13 35
7 14 72
7 15 4
7 16 14
7 17 58
7 18 53
7 19 53
7 20 54
7 21 77
7 22 29
7 23 49
7 24 35
7 25 37
7 26 51
7 27 81
7 28 19
7 29 56
7 30 53
7 31 34
7 32 20
7 33 55
7 34 94
7 35 10
7 36 71
7 37 8
7 38 50
7 39 90
7 40 46
7 41 98
7 42 81
7 43 24
7 44 10
7 45 84
7 46 32
7 47 29
7 48 8
7 49 34
7 50 73
7 51 89
7 52 29
7 53 88
7 54 8
7 55 37
7 56 21
7 57 13
7 58 41
7 59 42
7 60 43
7 61 15
7 62 73
7 63 41
7 64 74
7 65 69
7 66 62
7 67 37
8 9 48
8 10 65
8 11 3
8 12 78
8 13 32
8 14 53
8 15 93
8 16 15
8 17 81
8 18 50
8 19 62
8 20 72
8 21 9
8 22 81
8 23 76
8 24 83
8 25 48
8 26 91
8 27 6
8 28 25
8 29 85
8 30 93
8 31 31
8 32 57
8 33 70
8 34 51
8 35 51
8 36 83
8 37 41
8 38 20
8 39 39
8 40 67
8 41 55
8 42 14
8 43 8
8 44 44
8 45 59
8 46 94
8 47 100
8 48 9
8 49 51
8 50 31
8 51 34
8 52 58
8 53 73
8 54 90
8 55 52
8 56 40
8 57 45
8 58 13
8 59 80
8 60 91
8 61 93
8 62 29
8 63 60
8 64 29
8 65 52
8 66 100
8 67 7
9 10 58
9 11 39
9 12 31
9 13 23
9 14 54
9 15 66
9 16 13
9 17 63
9 18 16
9 19 68
9 20 33
9 21 85
9 22 23
9 23 49
9 24 41
9 25 34
9 26 95
9 27 49
9 28 55
9 29 65
9 30 60
9 31 23
9 32 2
9 33 49
9 34 20
9 35 20
9 36 94
9 37 52
9 38 39
9 39 28
9 40 74
9 41 82
9 42 16
9 43 43
9 44 78
9 45 69
9 46 66
9 47 18
9 48 17
9 49 48
9 50 11
9 51 61
9 52 5
9 53 17
9 54 9
9 55 70
9 56 47
9 57 76
9 58 41
9 59 83
9 60 46
9 61 27
9 62 58
9 63 66
9 64 78
9 65 93
9 66 27
9 67 93
10 11 18
10 12 68
10 13 12
10 14 40
10 15 83
10 16 72
10 17 46
10 18 76
10 19 20
10 20 54
10 21 12
10 22 69
10 23 35
10 24 61
10 25 61
10 26 77
10 27 46
10 28 82
10 29 43
10 30 22
10 31 89
10 32 30
10 33 37
10 34 1
10 35 73
10 36 24
10 37 58
10 38 63
10 39 100
10 40 11
10 41 10
10 42 59
10 43 41
10 44 37
10 45 98
10 46 27
10 47 13
10 48 49
10 49 78
10 50 87
10 51 77
10 52 79
10 53 52
10 54 40
10 55 94
10 56 37
10 57 29
10 58 92
10 59 58
10 60 74
10 61 34
10 62 43
10 63 18
10 64 31
10 65 79
10 66 66
10 67 35
11 12 71
11 13 24
11 14 100
11 15 91
11 16 7
11 17 80
11 18 39
11 19 52
11 20 84
11 21 69
11 22 20
11 23 33
11 24 52
11 25 70
11 26 38
11 27 80
11 28 56
11 29 23
11 30 96
11 31 68
11 32 31
11 33 26
11 34 40
11 35 39
11 36 6
11 37 22
11 38 90
11 39 6
11 40 96
11 41 63
11 42 37
11 43 12
11 44 85
11 45 49
11 46 20
11 47 11
11 48 44
11 49 34
11 50 2
11 51 77
11 52 17
11 53 2
11 54 100
11 55 16
11 56 85
11 57 4
11 58 13
11 59 22
11 60 74
11 61 48
11 62 91
11 63 92
11 64 65
11 65 48
11 66 20
11 67 54
12 13 66
12 14 27
12 15 10
12 16 68
12 17 43
12 18 60
12 19 95
12 20 16
12 21 96
12 22 55
12 23 60
12 24 58
12 25 35
12 26 45
12 27 98
12 28 19
12 29 44
12 30 10
12 31 45
12 32 4
12 33 2
12 34 25
12 35 36
12 36 36
12 37 23
12 38 76
12 39 21
12 40 76
12 41 17
12 42 57
12 43 94
12 44 49
12 45 82
12 46 8
12 47 1
12 48 25
12 49 29
12 50 74
12 51 7
12 52 93
12 53 34
12 54 37
12 55 21
12 56 73
12 57 97
12 58 90
12 59 95
12 60 58
12 61 30
12 62 80
12 63 65
12 64 39
12 65 48
12 66 97
12 67 48
13 14 17
13 15 32
13 16 100
13 17 4
13 18 13
13 19 14
13 20 100
13 21 11
13 22 5
13 23 47
13 24 26
13 25 84
13 26 84
13 27 18
13 28 19
13 29 74
13 30 68
13 31 3
13 32 48
13 33 51
13 34 83
13 35 59
13 36 47
13 37 72
13 38 75
13 39 27
13 40 88
13 41 70
13 42 60
13 43 83
13 44 4
13 45 88
13 46 17
13 47 81
13 48 51
13 49 74
13 50 70
13 51 47
13 52 54
13 53 74
13 54 5
13 55 99
13 56 64
13 57 100
13 58 17
13 59 65
13 60 28
13 61 72
13 62 76
13 63 1
13 64 53
13 65 60
13 66 93
13 67 42
14 15 65
14 16 5
14 17 7
14 18 59
14 19 88
14 20 87
14 21 39
14 22 61
14 23 52
14 24 22
14 25 19
14 26 9
14 27 88
14 28 38
14 29 20
14 30 36
14 31 78
14 32 80
14 33 18
14 34 85
14 35 63
14 36 9
14 37 65
14 38 86
14 39 1
14 40 21
14 41 77
14 42 44
14 43 59
14 44 74
14 45 96
14 46 46
14 47 67
14 48 90
14 49 8
14 50 87
14 51 27
14 52 37
14 53 21
14 54 22
14 55 95
14 56 65
14 57 18
14 58 22
14 59 54
14 60 42
14 61 78
14 62 20
14 63 12
14 64 100
14 65 39
14 66 62
14 67 63
15 16 29
15 17 95
15 18 39
15 19 18
15 20 68
15 21 56
15 22 24
15 23 31
15 24 66
15 25 32
15 26 50
15 27 21
15 28 75
15 29 40
15 30 64
15 31 47
15 32 5
15 33 22
15 34 1
15 35 56
15 36 44
15 37 32
15 38 54
15 39 43
15 40 97
15 41 28
15 42 42
15 43 48
15 44 59
15 45 77
15 46 88
15 47 13
15 48 29
15 49 90
15 50 34
15 51 21
15 52 71
15 53 91
15 54 89
15 55 5
15 56 44
15 57 6
15 58 94
15 59 98
15 60 21
15 61 6
15 62 29
15 63 36
15 64 20
15 65 47
15 66 58
15 67 18
16 17 33
16 18 98
16 19 88
16 20 20
16 21 80
16 22 62
16 23 94
16 24 68
16 25 2
16 26 27
16 27 94
16 28 86
16 29 28
16 30 50
16 31 59
16 32 4
16 33 14
16 34 63
16 35 2
16 36 20
16 37 96
16 38 99
16 39 31
16 40 28
16 41 89
16 42 75
16 43 41
16 44 22
16 45 59
16 46 81
16 47 86
16 48 88
16 49 2
16 50 73
16 51 50
16 52 98
16 53 8
16 54 43
16 55 28
16 56 13
16 57 1
16 58 92
16 59 36
16 60 5
16 61 65
16 62 48
16 63 66
16 64 56
16 65 94
16 66 83
16 67 37
17 18 96
17 19 81
17 20 58
17 21 65
17 22 70
17 23 58
17 24 15
17 25 70
17 26 78
17 27 76
17 28 59
17 29 11
17 30 18
17 31 28
17 32 40
17 33 66
17 34 50
17 35 61
17 36 15
17 37 47
17 38 28
17 39 24
17 40 67
17 41 76
17 42 1
17 43 83
17 44 15
17 45 55
17 46 100
17 47 66
17 48 36
17 49 39
17 50 57
17 51 94
17 52 5
17 53 40
17 54 73
17 55 79
17 56 79
17 57 73
17 58 43
17 59 32
17 60 10
17 61 25
17 62 46
17 63 100
17 64 85
17 65 76
17 66 70
17 67 98
18 19 65
18 20 82
18 21 41
18 22 74
18 23 76
18 24 5
18 25 92
18 26 38
18 27 21
18 28 13
18 29 7
18 30 19
18 31 64
18 32 5
18 33 20
18 34 42
18 35 25
18 36 97
18 37 20
18 38 57
18 39 76
18 40 86
18 41 88
18 42 84
18 43 75
18 44 60
18 45 87
18 46 45
18 47 74
18 48 90
18 49 26
18 50 89
18 51 95
18 52 64
18 53 76
18 54 8
18 55 93
18 56 12
18 57 67
18 58 11
18 59 61
18 60 45
18 61 98
18 62 90
18 63 40
18 64 24
18 65 71
18 66 45
18 67 98
19 20 1
19 21 72
19 22 55
19 23 98
19 24 37
19 25 100
19 26 24
19 27 20
19 28 53
19 29 48
19 30 65
19 31 19
19 32 9
19 33 54
19 34 92
19 35 52
19 36 10
19 37 53
19 38 39
19 39 48
19 40 1
19 41 97
19 42 40
19 43 56
19 44 6
19 45 96
19 46 32
19 47 31
19 48 73
19 49 94
19 50 18
19 51 83
19 52 92
19 53 63
19 54 60
19 55 31
19 56 44
19 57 37
19 58 68
19 59 78
19 60 37
19 61 18
19 62 32
19 63 63
19 64 15
19 65 43
19 66 96
19 67 8
20 21 97
20 22 56
20 23 32
20 24 43
20 25 61
20 26 24
20 27 55
20 28 23
20 29 12
20 30 28
20 31 38
20 32 78
20 33 83
20 34 24
20 35 32
20 36 70
20 37 85
20 38 93
20 39 75
20 40 22
20 41 48
20 42 99
20 43 82
20 44 49
20 45 30
20 46 40
20 47 23
20 48 25
20 49 43
20 50 7
20 51 51
20 52 61
20 53 26
20 54 6
20 55 83
20 56 61
20 57 94
20 58 94
20 59 89
20 60 100
20 61 26
20 62 61
20 63 84
20 64 71
20 65 26
20 66 15
20 67 61
21 22 12
21 23 76
21 24 92
21 25 44
21 26 74
21 27 4
21 28 92
21 29 17
21 30 37
21 31 27
21 32 69
21 33 16
21 34 95
21 35 47
21 36 63
21 37 25
21 38 95
21 39 72
21 40 28
21 41 51
21 42 41
21 43 30
21 44 5
21 45 84
21 46 85
21 47 95
21 48 70
21 49 34
21 50 75
21 51 34
21 52 100
21 53 77
21 54 99
21 55 86
21 56 54
21 57 66
21 58 26
21 59 99
21 60 90
21 61 58
21 62 89
21 63 34
21 64 62
21 65 96
21 66 16
21 67 93
22 23 30
22 24 25
22 25 8
22 26 42
22 27 69
22 28 84
22 29 95
22 30 21
22 31 93
22 32 30
22 33 47
22 34 13
22 35 58
22 36 81
22 37 41
22 38 16
22 39 35
22 40 60
22 41 33
22 42 39
22 43 35
22 44 14
22 45 19
22 46 43
22 47 23
22 48 69
22 49 76
22 50 94
22 51 87
22 52 13
22 53 47
22 54 88
22 55 2
22 56 93
22 57 85
22 58 66
22 59 72
22 60 30
22 61 100
22 62 16
22 63 49
22 64 93
22 65 23
22 66 77
22 67 71
23 24 46
23 25 2
23 26 72
23 27 23
23 28 22
23 29 60
23 30 7
23 31 87
23 32 66
23 33 77
23 34 97
23 35 19
23 36 27
23 37 54
23 38 32
23 39 57
23 40 88
23 41 41
23 42 68
23 43 81
23 44 83
23 45 35
23 46 4
23 47 40
23 48 62
23 49 67
23 50 30
23 51 97
23 52 71
23 53 69
23 54 93
23 55 66
23 56 57
23 57 7
23 58 40
23 59 78
23 60 16
23 61 67
23 62 72
23 63 18
23 64 40
23 65 96
23 66 62
23 67 77
24 25 91
24 26 70
24 27 93
24 28 10
24 29 52
24 30 39
24 31 77
24 32 2
24 33 12
24 34 50
24 35 55
24 36 47
24 37 77
24 38 4
24 39 25
24 40 52
24 41 6
24 42 20
24 43 31
24 44 67
24 45 3
24 46 93
24 47 70
24 48 17
24 49 27
24 50 84
24 51 36
24 52 34
24 53 72
24 54 57
24 55 97
24 56 52
24 57 98
24 58 73
24 59 45
24 60 45
24 61 14
24 62 78
24 63 57
24 64 75
24 65 31
24 66 91
24 67 74
25 26 2
25 27 48
25 28 77
25 29 5
25 30 38
25 31 78
25 32 64
25 33 75
25 34 92
25 35 58
25 36 26
25 37 1
25 38 2
25 39 25
25 40 60
25 41 33
25 42 62
25 43 8
25 44 69
25 45 67
25 46 69
25 47 2
25 48 77
25 49 70
25 50 6
25 51 79
25 52 81
25 53 81
25 54 52
25 55 14
25 56 22
25 57 15
25 58 54
25 59 95
25 60 1
25 61 68
25 62 20
25 63 82
25 64 49
25 65 87
25 66 100
25 67 54
26 27 73
26 28 31
26 29 23
26 30 48
26 31 28
26 32 77
26 33 75
26 34 94
26 35 80
26 36 46
26 37 65
26 38 17
26 39 17
26 40 48
26 41 47
26 42 10
26 43 91
26 44 11
26 45 83
26 46 38
26 47 42
26 48 56
26 49 78
26 50 15
26 51 26
26 52 72
26 53 89
26 54 71
26 55 98
26 56 14
26 57 66
26 58 35
26 59 58
26 60 50
26 61 37
26 62 67
26 63 88
26 64 6
26 65 81
26 66 95
26 67 54
27 28 11
27 29 28
27 30 79
27 31 9
27 32 10
27 33 18
27 34 66
27 35 96
27 36 86
27 37 10
27 38 34
27 39 68
27 40 42
27 41 40
27 42 7
27 43 2
27 44 7
27 45 93
27 46 62
27 47 49
27 48 22
27 49 74
27 50 43
27 51 10
27 52 29
27 53 39
27 54 14
27 55 22
27 56 51
27 57 33
27 58 77
27 59 58
27 60 2
27 61 34
27 62 12
27 63 88
27 64 33
27 65 7
27 66 30
27 67 65
28 29 18
28 30 50
28 31 22
28 32 13
28 33 12
28 34 54
28 35 22
28 36 98
28 37 93
28 38 86
28 39 22
28 40 65
28 41 78
28 42 89
28 43 79
28 44 32
28 45 3
28 46 71
28 47 58
28 48 62
28 49 62
28 50 52
28 51 18
28 52 58
28 53 47
28 54 83
28 55 82
28 56 50
28 57 86
28 58 4
28 59 10
28 60 50
28 61 93
28 62 75
28 63 8
28 64 60
28 65 12
28 66 49
28 67 74
29 30 29
29 31 75
29 32 81
29 33 43
29 34 26
29 35 16
29 36 49
29 37 18
29 38 7
29 39 46
29 40 31
29 41 38
29 42 18
29 43 77
29 44 48
29 45 98
29 46 91
29 47 12
29 48 57
29 49 38
29 50 28
29 51 94
29 52 42
29 53 36
29 54 22
29 55 33
29 56 92
29 57 23
29 58 22
29 59 52
29 60 90
29 61 36
29 62 86
29 63 70
29 64 5
29 65 30
29 66 33
29 67 94
30 31 45
30 32 66
30 33 81
30 34 11
30 35 73
30 36 47
30 37 66
30 38 43
30 39 28
30 40 54
30 41 65
30 42 47
30 43 93
30 44 35
30 45 36
30 46 59
30 47 25
30 48 81
30 49 6
30 50 14
30 51 3
30 52 35
30 53 43
30 54 25
30 55 68
30 56 67
30 57 92
30 58 23
30 59 25
30 60 35
30 61 41
30 62 44
30 63 86
30 64 84
30 65 95
30 66 37
30 67 83
31 32 44
31 33 100
31 34 93
31 35 10
31 36 23
31 37 59
31 38 97
31 39 25
31 40 13
31 41 51
31 42 13
31 43 41
31 44 62
31 45 20
31 46 84
31 47 46
31 48 76
31 49 70
31 50 4
31 51 57
31 52 29
31 53 33
31 54 99
31 55 7
31 56 56
31 57 85
31 58 34
31 59 95
31 60 16
31 61 29
31 62 4
31 63 32
31 64 19
31 65 4
31 66 74
31 67 68
32 33 54
32 34 55
32 35 57
32 36 51
32 37 74
32 38 95
32 39 27
32 40 48
32 41 57
32 42 39
32 43 48
32 44 81
32 45 58
32 46 9
32 47 88
32 48 88
32 49 37
32 50 44
32 51 62
32 52 85
32 53 21
32 54 29
32 55 91
32 56 96
32 57 11
32 58 81
32 59 58
32 60 85
32 61 11
32 62 68
32 63 45
32 64 99
32 65 34
32 66 26
32 67 17
33 34 11
33 35 35
33 36 4
33 37 88
33 38 97
33 39 89
33 40 16
33 41 65
33 42 98
33 43 26
33 44 58
33 45 95
33 46 55
33 47 15
33 48 87
33 49 11
33 50 37
33 51 74
33 52 83
33 53 59
33 54 85
33 55 4
33 56 55
33 57 36
33 58 65
33 59 73
33 60 4
33 61 83
33 62 44
33 63 7
33 64 82
33 65 55
33 66 78
33 67 60
34 35 27
34 36 98
34 37 78
34 38 36
34 39 20
34 40 5
34 41 16
34 42 48
34 43 30
34 44 37
34 45 33
34 46 81
34 47 41
34 48 3
34 49 74
34 50 16
34 51 69
34 52 97
34 53 14
34 54 42
34 55 84
34 56 10
34 57 41
34 58 39
34 59 86
34 60 12
34 61 60
34 62 24
34 63 92
34 64 13
34 65 19
34 66 13
34 67 32
35 36 14
35 37 60
35 38 57
35 39 13
35 40 76
35 41 47
35 42 91
35 43 83
35 44 50
35 45 81
35 46 75
35 47 28
35 48 21
35 49 25
35 50 61
35 51 4
35 52 47
35 53 88
35 54 81
35 55 79
35 56 80
35 57 31
35 58 99
35 59 91
35 60 66
35 61 14
35 62 63
35 63 2
35 64 66
35 65 92
35 66 47
35 67 61
36 37 20
36 38 83
36 39 79
36 40 88
36 41 73
36 42 31
36 43 45
36 44 52
36 45 95
36 46 85
36 47 53
36 48 15
36 49 22
36 50 60
36 51 55
36 52 56
36 53 4
36 54 55
36 55 87
36 56 70
36 57 26
36 58 23
36 59 45
36 60 66
36 61 48
36 62 85
36 63 77
36 64 76
36 65 47
36 66 76
36 67 100
37 38 47
37 39 55
37 40 36
37 41 3
37 42 24
37 43 75
37 44 63
37 45 36
37 46 17
37 47 70
37 48 10
37 49 95
37 50 33
37 51 92
37 52 34
37 53 97
37 54 16
37 55 34
37 56 5
37 57 82
37 58 49
37 59 11
37 60 80
37 61 69
37 62 8
37 63 20
37 64 70
37 65 61
37 66 31
37 67 99
38 39 63
38 40 44
38 41 21
38 42 26
38 43 96
38 44 66
38 45 33
38 46 96
38 47 83
38 48 81
38 49 96
38 50 72
38 51 80
38 52 6
38 53 33
38 54 100
38 55 6
38 56 63
38 57 82
38 58 18
38 59 53
38 60 75
38 61 16
38 62 91
38 63 73
38 64 36
38 65 59
38 66 99
38 67 66
39 40 5
39 41 99
39 42 42
39 43 74
39 44 23
39 45 94
39 46 9
39 47 74
39 48 74
39 49 66
39 50 77
39 51 87
39 52 85
39 53 71
39 54 90
39 55 64
39 56 51
39 57 12
39 58 10
39 59 14
39 60 22
39 61 47
39 62 69
39 63 19
39 64 6
39 65 92
39 66 24
39 67 25
40 41 46
40 42 43
40 43 97
40 44 68
40 45 59
40 46 28
40 47 88
40 48 45
40 49 30
40 50 47
40 51 75
40 52 38
40 53 46
40 54 42
40 55 93
40 56 64
40 57 81
40 58 63
40 59 51
40 60 20
40 61 41
40 62 38
40 63 45
40 64 26
40 65 72
40 66 48
40 67 14
41 42 50
41 43 55
41 44 46
41 45 41
41 46 75
41 47 15
41 48 76
41 49 13
41 50 3
41 51 84
41 52 1
41 53 37
41 54 83
41 55 18
41 56 42
41 57 28
41 58 45
41 59 54
41 60 21
41 61 10
41 62 73
41 63 89
41 64 25
41 65 32
41 66 70
41 67 33
42 43 42
42 44 22
42 45 77
42 46 75
42 47 9
42 48 58
42 49 8
42 50 51
42 51 28
42 52 99
42 53 14
42 54 9
42 55 56
42 56 76
42 57 38
42 58 69
42 59 33
42 60 95
42 61 12
42 62 7
42 63 12
42 64 57
42 65 49
42 66 63
42 67 22
43 44 45
43 45 34
43 46 26
43 47 23
43 48 97
43 49 22
43 50 44
43 51 73
43 52 4
43 53 81
43 54 19
43 55 12
43 56 34
43 57 65
43 58 72
43 59 2
43 60 62
43 61 62
43 62 8
43 63 87
43 64 51
43 65 44
43 66 14
43 67 23
44 45 47
44 46 17
44 47 41
44 48 62
44 49 35
44 50 95
44 51 11
44 52 9
44 53 14
44 54 40
44 55 18
44 56 79
44 57 61
44 58 24
44 59 46
44 60 63
44 61 68
44 62 12
44 63 83
44 64 1
44 65 13
44 66 3
44 67 66
45 46 16
45 47 70
45 48 32
45 49 99
45 50 98
45 51 39
45 52 92
45 53 46
45 54 89
45 55 60
45 56 77
45 57 49
45 58 24
45 59 50
45 60 58
45 61 96
45 62 11
45 63 49
45 64 29
45 65 23
45 66 100
45 67 90
46 47 18
46 48 31
46 49 82
46 50 60
46 51 71
46 52 28
46 53 74
46 54 100
46 55 7
46 56 83
46 57 68
46 58 63
46 59 22
46 60 44
46 61 30
46 62 51
46 63 89
46 64 89
46 65 37
46 66 63
46 67 80
47 48 72
47 49 6
47 50 4
47 51 17
47 52 7
47 53 69
47 54 12
47 55 92
47 56 31
47 57 90
47 58 12
47 59 5
47 60 20
47 61 49
47 62 74
47 63 55
47 64 94
47 65 86
47 66 87
47 67 22
48 49 81
48 50 30
48 51 69
48 52 48
48 53 49
48 54 21
48 55 58
48 56 41
48 57 71
48 58 6
48 59 29
48 60 49
48 61 11
48 62 88
48 63 38
48 64 21
48 65 29
48 66 81
48 67 90
49 50 22
49 51 94
49 52 18
49 53 35
49 54 72
49 55 1
49 56 87
49 57 56
49 58 95
49 59 23
49 60 4
49 61 10
49 62 62
49 63 98
49 64 45
49 65 5
49 66 37
49 67 80
50 51 30
50 52 68
50 53 25
50 54 40
50 55 16
50 56 47
50 57 99
50 58 30
50 59 29
50 60 63
50 61 54
50 62 82
50 63 73
50 64 29
50 65 73
50 66 73
50 67 51
51 52 57
51 53 86
51 54 69
51 55 35
51 56 77
51 57 78
51 58 36
51 59 91
51 60 27
51 61 10
51 62 67
51 63 21
51 64 71
51 65 68
51 66 68
51 67 56
52 53 73
52 54 73
52 55 50
52 56 34
52 57 52
52 58 67
52 59 3
52 60 34
52 61 28
52 62 93
52 63 76
52 64 30
52 65 84
52 66 33
52 67 35
53 54 4
53 55 53
53 56 41
53 57 29
53 58 85
53 59 24
53 60 43
53 61 17
53 62 78
53 63 25
53 64 39
53 65 96
53 66 54
53 67 97
54 55 64
54 56 23
54 57 95
54 58 19
54 59 13
54 60 21
54 61 21
54 62 53
54 63 14
54 64 41
54 65 27
54 66 66
54 67 64
55 56 12
55 57 14
55 58 89
55 59 19
55 60 89
55 61 85
55 62 49
55 63 63
55 64 41
55 65 60
55 66 72
55 67 4
56 57 10
56 58 6
56 59 20
56 60 65
56 61 97
56 62 78
56 63 81
56 64 62
56 65 74
56 66 11
56 67 44
57 58 57
57 59 80
57 60 97
57 61 95
57 62 35
57 63 60
57 64 79
57 65 49
57 66 6
57 67 59
58 59 96
58 60 75
58 61 9
58 62 97
58 63 13
58 64 28
58 65 18
58 66 10
58 67 90
59 60 44
59 61 10
59 62 56
59 63 58
59 64 45
59 65 39
59 66 18
59 67 85
60 61 13
60 62 70
60 63 11
60 64 66
60 65 74
60 66 54
60 67 17
61 62 42
61 63 94
61 64 47
61 65 72
61 66 96
61 67 53
62 63 14
62 64 74
62 65 56
62 66 66
62 67 59
63 64 35
63 65 3
63 66 72
63 67 2
64 65 50
64 66 64
64 67 17
65 66 37
65 67 7
66 67 85
