91 120 3
1 2 8281
2 3 8281
2 4 8281
3 4 8281
1 5 8281
5 6 8281
5 7 8281
6 7 8281
1 8 8281
8 9 8281
8 10 8281
9 10 8281
1 11 8281
11 12 8281
11 13 8281
12 13 8281
1 14 8281
14 15 8281
14 16 8281
15 16 8281
1 17 8281
17 18 8281
17 19 8281
18 19 8281
1 20 8281
20 21 8281
20 22 8281
21 22 8281
1 23 8281
23 24 8281
23 25 8281
24 25 8281
1 26 8281
26 27 8281
26 28 8281
27 28 8281
1 29 8281
29 30 8281
29 31 8281
30 31 8281
1 32 8281
32 33 8281
32 34 8281
33 34 8281
1 35 8281
35 36 8281
35 37 8281
36 37 8281
1 38 8281
38 39 8281
38 40 8281
39 40 8281
1 41 8281
41 42 8281
41 43 8281
42 43 8281
1 44 8281
44 45 8281
44 46 8281
45 46 8281
1 47 8281
47 48 8281
47 49 8281
48 49 8281
1 50 8281
50 51 8281
50 52 8281
51 52 8281
1 53 8281
53 54 8281
53 55 8281
54 55 8281
1 56 8281
56 57 8281
56 58 8281
57 58 8281
1 59 8281
59 60 8281
59 61 8281
60 61 8281
1 62 8281
62 63 8281
62 64 8281
63 64 8281
1 65 8281
65 66 8281
65 67 8281
66 67 8281
1 68 8281
68 69 8281
68 70 8281
69 70 8281
1 71 8281
71 72 8281
71 73 8281
72 73 8281
1 74 8281
74 75 8281
74 76 8281
75 76 8281
1 77 8281
77 78 8281
77 79 8281
78 79 8281
1 80 8281
80 81 8281
80 82 8281
81 82 8281
1 83 8281
83 84 8281
83 85 8281
84 85 8281
1 86 8281
86 87 8281
86 88 8281
87 88 8281
1 89 8281
89 90 8281
89 91 8281
90 91 8281
