112 148 3
1 2 12544
2 3 12544
2 4 12544
3 4 12544
1 5 12544
5 6 12544
5 7 12544
6 7 12544
1 8 12544
8 9 12544
8 10 12544
9 10 12544
1 11 12544
11 12 12544
11 13 12544
12 13 12544
1 14 12544
14 15 12544
14 16 12544
15 16 12544
1 17 12544
17 18 12544
17 19 12544
18 19 12544
1 20 12544
20 21 12544
20 22 12544
21 22 12544
1 23 12544
23 24 12544
23 25 12544
24 25 12544
1 26 12544
26 27 12544
26 28 12544
27 28 12544
1 29 12544
29 30 12544
29 31 12544
30 31 12544
1 32 12544
32 33 12544
32 34 12544
33 34 12544
1 35 12544
35 36 12544
35 37 12544
36 37 12544
1 38 12544
38 39 12544
38 40 12544
39 40 12544
1 41 12544
41 42 12544
41 43 12544
42 43 12544
1 44 12544
44 45 12544
44 46 12544
45 46 12544
1 47 12544
47 48 12544
47 49 12544
48 49 12544
1 50 12544
50 51 12544
50 52 12544
51 52 12544
1 53 12544
53 54 12544
53 55 12544
54 55 12544
1 56 12544
56 57 12544
56 58 12544
57 58 12544
1 59 12544
59 60 12544
59 61 12544
60 61 12544
1 62 12544
62 63 12544
62 64 12544
63 64 12544
1 65 12544
65 66 12544
65 67 12544
66 67 12544
1 68 12544
68 69 12544
68 70 12544
69 70 12544
1 71 12544
71 72 12544
71 73 12544
72 73 12544
1 74 12544
74 75 12544
74 76 12544
75 76 12544
1 77 12544
77 78 12544
77 79 12544
78 79 12544
1 80 12544
80 81 12544
80 82 12544
81 82 12544
1 83 12544
83 84 12544
83 85 12544
84 85 12544
1 86 12544
86 87 12544
86 88 12544
87 88 12544
1 89 12544
89 90 12544
89 91 12544
90 91 12544
1 92 12544
92 93 12544
92 94 12544
93 94 12544
1 95 12544
95 96 12544
95 97 12544
96 97 12544
1 98 12544
98 99 12544
98 100 12544
99 100 12544
1 101 12544
101 102 12544
101 103 12544
102 103 12544
1 104 12544
104 105 12544
104 106 12544
105 106 12544
1 107 12544
107 108 12544
107 109 12544
108 109 12544
1 110 12544
110 111 12544
110 112 12544
111 112 12544
