106 140 3
1 2 11236
2 3 11236
2 4 11236
3 4 11236
1 5 11236
5 6 11236
5 7 11236
6 7 11236
1 8 11236
8 9 11236
8 10 11236
9 10 11236
1 11 11236
11 12 11236
11 13 11236
12 13 11236
1 14 11236
14 15 11236
14 16 11236
15 16 11236
1 17 11236
17 18 11236
17 19 11236
18 19 11236
1 20 11236
20 21 11236
20 22 11236
21 22 11236
1 23 11236
23 24 11236
23 25 11236
24 25 11236
1 26 11236
26 27 11236
26 28 11236
27 28 11236
1 29 11236
29 30 11236
29 31 11236
30 31 11236
1 32 11236
32 33 11236
32 34 11236
33 34 11236
1 35 11236
35 36 11236
35 37 11236
36 37 11236
1 38 11236
38 39 11236
38 40 11236
39 40 11236
1 41 11236
41 42 11236
41 43 11236
42 43 11236
1 44 11236
44 45 11236
44 46 11236
45 46 11236
1 47 11236
47 48 11236
47 49 11236
48 49 11236
1 50 11236
50 51 11236
50 52 11236
51 52 11236
1 53 11236
53 54 11236
53 55 11236
54 55 11236
1 56 11236
56 57 11236
56 58 11236
57 58 11236
1 59 11236
59 60 11236
59 61 11236
60 61 11236
1 62 11236
62 63 11236
62 64 11236
63 64 11236
1 65 11236
65 66 11236
65 67 11236
66 67 11236
1 68 11236
68 69 11236
68 70 11236
69 70 11236
1 71 11236
71 72 11236
71 73 11236
72 73 11236
1 74 11236
74 75 11236
74 76 11236
75 76 11236
1 77 11236
77 78 11236
77 79 11236
78 79 11236
1 80 11236
80 81 11236
80 82 11236
81 82 11236
1 83 11236
83 84 11236
83 85 11236
84 85 11236
1 86 11236
86 87 11236
86 88 11236
87 88 11236
1 89 11236
89 90 11236
89 91 11236
90 91 11236
1 92 11236
92 93 11236
92 94 11236
93 94 11236
1 95 11236
95 96 11236
95 97 11236
96 97 11236
1 98 11236
98 99 11236
98 100 11236
99 100 11236
1 101 11236
101 102 11236
101 103 11236
102 103 11236
1 104 11236
104 105 11236
104 106 11236
105 106 11236
