64 84 3
1 2 4096
2 3 4096
2 4 4096
3 4 4096
1 5 4096
5 6 4096
5 7 4096
6 7 4096
1 8 4096
8 9 4096
8 10 4096
9 10 4096
1 11 4096
11 12 4096
11 13 4096
12 13 4096
1 14 4096
14 15 4096
14 16 4096
15 16 4096
1 17 4096
17 18 4096
17 19 4096
18 19 4096
1 20 4096
20 21 4096
20 22 4096
21 22 4096
1 23 4096
23 24 4096
23 25 4096
24 25 4096
1 26 4096
26 27 4096
26 28 4096
27 28 4096
1 29 4096
29 30 4096
29 31 4096
30 31 4096
1 32 4096
32 33 4096
32 34 4096
33 34 4096
1 35 4096
35 36 4096
35 37 4096
36 37 4096
1 38 4096
38 39 4096
38 40 4096
39 40 4096
1 41 4096
41 42 4096
41 43 4096
42 43 4096
1 44 4096
44 45 4096
44 46 4096
45 46 4096
1 47 4096
47 48 4096
47 49 4096
48 49 4096
1 50 4096
50 51 4096
50 52 4096
51 52 4096
1 53 4096
53 54 4096
53 55 4096
54 55 4096
1 56 4096
56 57 4096
56 58 4096
57 58 4096
1 59 4096
59 60 4096
59 61 4096
60 61 4096
1 62 4096
62 63 4096
62 64 4096
63 64 4096
