88 116 3
1 2 7744
2 3 7744
2 4 7744
3 4 7744
1 5 7744
5 6 7744
5 7 7744
6 7 7744
1 8 7744
8 9 7744
8 10 7744
9 10 7744
1 11 7744
11 12 7744
11 13 7744
12 13 7744
1 14 7744
14 15 7744
14 16 7744
15 16 7744
1 17 7744
17 18 7744
17 19 7744
18 19 7744
1 20 7744
20 21 7744
20 22 7744
21 22 7744
1 23 7744
23 24 7744
23 25 7744
24 25 7744
1 26 7744
26 27 7744
26 28 7744
27 28 7744
1 29 7744
29 30 7744
29 31 7744
30 31 7744
1 32 7744
32 33 7744
32 34 7744
33 34 7744
1 35 7744
35 36 7744
35 37 7744
36 37 7744
1 38 7744
38 39 7744
38 40 7744
39 40 7744
1 41 7744
41 42 7744
41 43 7744
42 43 7744
1 44 7744
44 45 7744
44 46 7744
45 46 7744
1 47 7744
47 48 7744
47 49 7744
48 49 7744
1 50 7744
50 51 7744
50 52 7744
51 52 7744
1 53 7744
53 54 7744
53 55 7744
54 55 7744
1 56 7744
56 57 7744
56 58 7744
57 58 7744
1 59 7744
59 60 7744
59 61 7744
60 61 7744
1 62 7744
62 63 7744
62 64 7744
63 64 7744
1 65 7744
65 66 7744
65 67 7744
66 67 7744
1 68 7744
68 69 7744
68 70 7744
69 70 7744
1 71 7744
71 72 7744
71 73 7744
72 73 7744
1 74 7744
74 75 7744
74 76 7744
75 76 7744
1 77 7744
77 78 7744
77 79 7744
78 79 7744
1 80 7744
80 81 7744
80 82 7744
81 82 7744
1 83 7744
83 84 7744
83 85 7744
84 85 7744
1 86 7744
86 87 7744
86 88 7744
87 88 7744
