97 128 3
1 2 9409
2 3 9409
2 4 9409
3 4 9409
1 5 9409
5 6 9409
5 7 9409
6 7 9409
1 8 9409
8 9 9409
8 10 9409
9 10 9409
1 11 9409
11 12 9409
11 13 9409
12 13 9409
1 14 9409
14 15 9409
14 16 9409
15 16 9409
1 17 9409
17 18 9409
17 19 9409
18 19 9409
1 20 9409
20 21 9409
20 22 9409
21 22 9409
1 23 9409
23 24 9409
23 25 9409
24 25 9409
1 26 9409
26 27 9409
26 28 9409
27 28 9409
1 29 9409
29 30 9409
29 31 9409
30 31 9409
1 32 9409
32 33 9409
32 34 9409
33 34 9409
1 35 9409
35 36 9409
35 37 9409
36 37 9409
1 38 9409
38 39 9409
38 40 9409
39 40 9409
1 41 9409
41 42 9409
41 43 9409
42 43 9409
1 44 9409
44 45 9409
44 46 9409
45 46 9409
1 47 9409
47 48 9409
47 49 9409
48 49 9409
1 50 9409
50 51 9409
50 52 9409
51 52 9409
1 53 9409
53 54 9409
53 55 9409
54 55 9409
1 56 9409
56 57 9409
56 58 9409
57 58 9409
1 59 9409
59 60 9409
59 61 9409
60 61 9409
1 62 9409
62 63 9409
62 64 9409
63 64 9409
1 65 9409
65 66 9409
65 67 9409
66 67 9409
1 68 9409
68 69 9409
68 70 9409
69 70 9409
1 71 9409
71 72 9409
71 73 9409
72 73 9409
1 74 9409
74 75 9409
74 76 9409
75 76 9409
1 77 9409
77 78 9409
77 79 9409
78 79 9409
1 80 9409
80 81 9409
80 82 9409
81 82 9409
1 83 9409
83 84 9409
83 85 9409
84 85 9409
1 86 9409
86 87 9409
86 88 9409
87 88 9409
1 89 9409
89 90 9409
89 91 9409
90 91 9409
1 92 9409
92 93 9409
92 94 9409
93 94 9409
1 95 9409
95 96 9409
95 97 9409
96 97 9409
