67 88 3
1 2 4489
2 3 4489
2 4 4489
3 4 4489
1 5 4489
5 6 4489
5 7 4489
6 7 4489
1 8 4489
8 9 4489
8 10 4489
9 10 4489
1 11 4489
11 12 4489
11 13 4489
12 13 4489
1 14 4489
14 15 4489
14 16 4489
15 16 4489
1 17 4489
17 18 4489
17 19 4489
18 19 4489
1 20 4489
20 21 4489
20 22 4489
21 22 4489
1 23 4489
23 24 4489
23 25 4489
24 25 4489
1 26 4489
26 27 4489
26 28 4489
27 28 4489
1 29 4489
29 30 4489
29 31 4489
30 31 4489
1 32 4489
32 33 4489
32 34 4489
33 34 4489
1 35 4489
35 36 4489
35 37 4489
36 37 4489
1 38 4489
38 39 4489
38 40 4489
39 40 4489
1 41 4489
41 42 4489
41 43 4489
42 43 4489
1 44 4489
44 45 4489
44 46 4489
45 46 4489
1 47 4489
47 48 4489
47 49 4489
48 49 4489
1 50 4489
50 51 4489
50 52 4489
51 52 4489
1 53 4489
53 54 4489
53 55 4489
54 55 4489
1 56 4489
56 57 4489
56 58 4489
57 58 4489
1 59 4489
59 60 4489
59 61 4489
60 61 4489
1 62 4489
62 63 4489
62 64 4489
63 64 4489
1 65 4489
65 66 4489
65 67 4489
66 67 4489
