49 64 3
1 2 2401
2 3 2401
2 4 2401
3 4 2401
1 5 2401
5 6 2401
5 7 2401
6 7 2401
1 8 2401
8 9 2401
8 10 2401
9 10 2401
1 11 2401
11 12 2401
11 13 2401
12 13 2401
1 14 2401
14 15 2401
14 16 2401
15 16 2401
1 17 2401
17 18 2401
17 19 2401
18 19 2401
1 20 2401
20 21 2401
20 22 2401
21 22 2401
1 23 2401
23 24 2401
23 25 2401
24 25 2401
1 26 2401
26 27 2401
26 28 2401
27 28 2401
1 29 2401
29 30 2401
29 31 2401
30 31 2401
1 32 2401
32 33 2401
32 34 2401
33 34 2401
1 35 2401
35 36 2401
35 37 2401
36 37 2401
1 38 2401
38 39 2401
38 40 2401
39 40 2401
1 41 2401
41 42 2401
41 43 2401
42 43 2401
1 44 2401
44 45 2401
44 46 2401
45 46 2401
1 47 2401
47 48 2401
47 49 2401
48 49 2401
