82 108 3
1 2 6724
2 3 6724
2 4 6724
3 4 6724
1 5 6724
5 6 6724
5 7 6724
6 7 6724
1 8 6724
8 9 6724
8 10 6724
9 10 6724
1 11 6724
11 12 6724
11 13 6724
12 13 6724
1 14 6724
14 15 6724
14 16 6724
15 16 6724
1 17 6724
17 18 6724
17 19 6724
18 19 6724
1 20 6724
20 21 6724
20 22 6724
21 22 6724
1 23 6724
23 24 6724
23 25 6724
24 25 6724
1 26 6724
26 27 6724
26 28 6724
27 28 6724
1 29 6724
29 30 6724
29 31 6724
30 31 6724
1 32 6724
32 33 6724
32 34 6724
33 34 6724
1 35 6724
35 36 6724
35 37 6724
36 37 6724
1 38 6724
38 39 6724
38 40 6724
39 40 6724
1 41 6724
41 42 6724
41 43 6724
42 43 6724
1 44 6724
44 45 6724
44 46 6724
45 46 6724
1 47 6724
47 48 6724
47 49 6724
48 49 6724
1 50 6724
50 51 6724
50 52 6724
51 52 6724
1 53 6724
53 54 6724
53 55 6724
54 55 6724
1 56 6724
56 57 6724
56 58 6724
57 58 6724
1 59 6724
59 60 6724
59 61 6724
60 61 6724
1 62 6724
62 63 6724
62 64 6724
63 64 6724
1 65 6724
65 66 6724
65 67 6724
66 67 6724
1 68 6724
68 69 6724
68 70 6724
69 70 6724
1 71 6724
71 72 6724
71 73 6724
72 73 6724
1 74 6724
74 75 6724
74 76 6724
75 76 6724
1 77 6724
77 78 6724
77 79 6724
78 79 6724
1 80 6724
80 81 6724
80 82 6724
81 82 6724
