46 60 3
1 2 2116
2 3 2116
2 4 2116
3 4 2116
1 5 2116
5 6 2116
5 7 2116
6 7 2116
1 8 2116
8 9 2116
8 10 2116
9 10 2116
1 11 2116
11 12 2116
11 13 2116
12 13 2116
1 14 2116
14 15 2116
14 16 2116
15 16 2116
1 17 2116
17 18 2116
17 19 2116
18 19 2116
1 20 2116
20 21 2116
20 22 2116
21 22 2116
1 23 2116
23 24 2116
23 25 2116
24 25 2116
1 26 2116
26 27 2116
26 28 2116
27 28 2116
1 29 2116
29 30 2116
29 31 2116
30 31 2116
1 32 2116
32 33 2116
32 34 2116
33 34 2116
1 35 2116
35 36 2116
35 37 2116
36 37 2116
1 38 2116
38 39 2116
38 40 2116
39 40 2116
1 41 2116
41 42 2116
41 43 2116
42 43 2116
1 44 2116
44 45 2116
44 46 2116
45 46 2116
