94 124 3
1 2 8836
2 3 8836
2 4 8836
3 4 8836
1 5 8836
5 6 8836
5 7 8836
6 7 8836
1 8 8836
8 9 8836
8 10 8836
9 10 8836
1 11 8836
11 12 8836
11 13 8836
12 13 8836
1 14 8836
14 15 8836
14 16 8836
15 16 8836
1 17 8836
17 18 8836
17 19 8836
18 19 8836
1 20 8836
20 21 8836
20 22 8836
21 22 8836
1 23 8836
23 24 8836
23 25 8836
24 25 8836
1 26 8836
26 27 8836
26 28 8836
27 28 8836
1 29 8836
29 30 8836
29 31 8836
30 31 8836
1 32 8836
32 33 8836
32 34 8836
33 34 8836
1 35 8836
35 36 8836
35 37 8836
36 37 8836
1 38 8836
38 39 8836
38 40 8836
39 40 8836
1 41 8836
41 42 8836
41 43 8836
42 43 8836
1 44 8836
44 45 8836
44 46 8836
45 46 8836
1 47 8836
47 48 8836
47 49 8836
48 49 8836
1 50 8836
50 51 8836
50 52 8836
51 52 8836
1 53 8836
53 54 8836
53 55 8836
54 55 8836
1 56 8836
56 57 8836
56 58 8836
57 58 8836
1 59 8836
59 60 8836
59 61 8836
60 61 8836
1 62 8836
62 63 8836
62 64 8836
63 64 8836
1 65 8836
65 66 8836
65 67 8836
66 67 8836
1 68 8836
68 69 8836
68 70 8836
69 70 8836
1 71 8836
71 72 8836
71 73 8836
72 73 8836
1 74 8836
74 75 8836
74 76 8836
75 76 8836
1 77 8836
77 78 8836
77 79 8836
78 79 8836
1 80 8836
80 81 8836
80 82 8836
81 82 8836
1 83 8836
83 84 8836
83 85 8836
84 85 8836
1 86 8836
86 87 8836
86 88 8836
87 88 8836
1 89 8836
89 90 8836
89 91 8836
90 91 8836
1 92 8836
92 93 8836
92 94 8836
93 94 8836
