109 144 3
1 2 11881
2 3 11881
2 4 11881
3 4 11881
1 5 11881
5 6 11881
5 7 11881
6 7 11881
1 8 11881
8 9 11881
8 10 11881
9 10 11881
1 11 11881
11 12 11881
11 13 11881
12 13 11881
1 14 11881
14 15 11881
14 16 11881
15 16 11881
1 17 11881
17 18 11881
17 19 11881
18 19 11881
1 20 11881
20 21 11881
20 22 11881
21 22 11881
1 23 11881
23 24 11881
23 25 11881
24 25 11881
1 26 11881
26 27 11881
26 28 11881
27 28 11881
1 29 11881
29 30 11881
29 31 11881
30 31 11881
1 32 11881
32 33 11881
32 34 11881
33 34 11881
1 35 11881
35 36 11881
35 37 11881
36 37 11881
1 38 11881
38 39 11881
38 40 11881
39 40 11881
1 41 11881
41 42 11881
41 43 11881
42 43 11881
1 44 11881
44 45 11881
44 46 11881
45 46 11881
1 47 11881
47 48 11881
47 49 11881
48 49 11881
1 50 11881
50 51 11881
50 52 11881
51 52 11881
1 53 11881
53 54 11881
53 55 11881
54 55 11881
1 56 11881
56 57 11881
56 58 11881
57 58 11881
1 59 11881
59 60 11881
59 61 11881
60 61 11881
1 62 11881
62 63 11881
62 64 11881
63 64 11881
1 65 11881
65 66 11881
65 67 11881
66 67 11881
1 68 11881
68 69 11881
68 70 11881
69 70 11881
1 71 11881
71 72 11881
71 73 11881
72 73 11881
1 74 11881
74 75 11881
74 76 11881
75 76 11881
1 77 11881
77 78 11881
77 79 11881
78 79 11881
1 80 11881
80 81 11881
80 82 11881
81 82 11881
1 83 11881
83 84 11881
83 85 11881
84 85 11881
1 86 11881
86 87 11881
86 88 11881
87 88 11881
1 89 11881
89 90 11881
89 91 11881
90 91 11881
1 92 11881
92 93 11881
92 94 11881
93 94 11881
1 95 11881
95 96 11881
95 97 11881
96 97 11881
1 98 11881
98 99 11881
98 100 11881
99 100 11881
1 101 11881
101 102 11881
101 103 11881
102 103 11881
1 104 11881
104 105 11881
104 106 11881
105 106 11881
1 107 11881
107 108 11881
107 109 11881
108 109 11881
