52 68 3
1 2 2704
2 3 2704
2 4 2704
3 4 2704
1 5 2704
5 6 2704
5 7 2704
6 7 2704
1 8 2704
8 9 2704
8 10 2704
9 10 2704
1 11 2704
11 12 2704
11 13 2704
12 13 2704
1 14 2704
14 15 2704
14 16 2704
15 16 2704
1 17 2704
17 18 2704
17 19 2704
18 19 2704
1 20 2704
20 21 2704
20 22 2704
21 22 2704
1 23 2704
23 24 2704
23 25 2704
24 25 2704
1 26 2704
26 27 2704
26 28 2704
27 28 2704
1 29 2704
29 30 2704
29 31 2704
30 31 2704
1 32 2704
32 33 2704
32 34 2704
33 34 2704
1 35 2704
35 36 2704
35 37 2704
36 37 2704
1 38 2704
38 39 2704
38 40 2704
39 40 2704
1 41 2704
41 42 2704
41 43 2704
42 43 2704
1 44 2704
44 45 2704
44 46 2704
45 46 2704
1 47 2704
47 48 2704
47 49 2704
48 49 2704
1 50 2704
50 51 2704
50 52 2704
51 52 2704
