103 136 3
1 2 10609
2 3 10609
2 4 10609
3 4 10609
1 5 10609
5 6 10609
5 7 10609
6 7 10609
1 8 10609
8 9 10609
8 10 10609
9 10 10609
1 11 10609
11 12 10609
11 13 10609
12 13 10609
1 14 10609
14 15 10609
14 16 10609
15 16 10609
1 17 10609
17 18 10609
17 19 10609
18 19 10609
1 20 10609
20 21 10609
20 22 10609
21 22 10609
1 23 10609
23 24 10609
23 25 10609
24 25 10609
1 26 10609
26 27 10609
26 28 10609
27 28 10609
1 29 10609
29 30 10609
29 31 10609
30 31 10609
1 32 10609
32 33 10609
32 34 10609
33 34 10609
1 35 10609
35 36 10609
35 37 10609
36 37 10609
1 38 10609
38 39 10609
38 40 10609
39 40 10609
1 41 10609
41 42 10609
41 43 10609
42 43 10609
1 44 10609
44 45 10609
44 46 10609
45 46 10609
1 47 10609
47 48 10609
47 49 10609
48 49 10609
1 50 10609
50 51 10609
50 52 10609
51 52 10609
1 53 10609
53 54 10609
53 55 10609
54 55 10609
1 56 10609
56 57 10609
56 58 10609
57 58 10609
1 59 10609
59 60 10609
59 61 10609
60 61 10609
1 62 10609
62 63 10609
62 64 10609
63 64 10609
1 65 10609
65 66 10609
65 67 10609
66 67 10609
1 68 10609
68 69 10609
68 70 10609
69 70 10609
1 71 10609
71 72 10609
71 73 10609
72 73 10609
1 74 10609
74 75 10609
74 76 10609
75 76 10609
1 77 10609
77 78 10609
77 79 10609
78 79 10609
1 80 10609
80 81 10609
80 82 10609
81 82 10609
1 83 10609
83 84 10609
83 85 10609
84 85 10609
1 86 10609
86 87 10609
86 88 10609
87 88 10609
1 89 10609
89 90 10609
89 91 10609
90 91 10609
1 92 10609
92 93 10609
92 94 10609
93 94 10609
1 95 10609
95 96 10609
95 97 10609
96 97 10609
1 98 10609
98 99 10609
98 100 10609
99 100 10609
1 101 10609
101 102 10609
101 103 10609
102 103 10609
