76 100 3
1 2 5776
2 3 5776
2 4 5776
3 4 5776
1 5 5776
5 6 5776
5 7 5776
6 7 5776
1 8 5776
8 9 5776
8 10 5776
9 10 5776
1 11 5776
11 12 5776
11 13 5776
12 13 5776
1 14 5776
14 15 5776
14 16 5776
15 16 5776
1 17 5776
17 18 5776
17 19 5776
18 19 5776
1 20 5776
20 21 5776
20 22 5776
21 22 5776
1 23 5776
23 24 5776
23 25 5776
24 25 5776
1 26 5776
26 27 5776
26 28 5776
27 28 5776
1 29 5776
29 30 5776
29 31 5776
30 31 5776
1 32 5776
32 33 5776
32 34 5776
33 34 5776
1 35 5776
35 36 5776
35 37 5776
36 37 5776
1 38 5776
38 39 5776
38 40 5776
39 40 5776
1 41 5776
41 42 5776
41 43 5776
42 43 5776
1 44 5776
44 45 5776
44 46 5776
45 46 5776
1 47 5776
47 48 5776
47 49 5776
48 49 5776
1 50 5776
50 51 5776
50 52 5776
51 52 5776
1 53 5776
53 54 5776
53 55 5776
54 55 5776
1 56 5776
56 57 5776
56 58 5776
57 58 5776
1 59 5776
59 60 5776
59 61 5776
60 61 5776
1 62 5776
62 63 5776
62 64 5776
63 64 5776
1 65 5776
65 66 5776
65 67 5776
66 67 5776
1 68 5776
68 69 5776
68 70 5776
69 70 5776
1 71 5776
71 72 5776
71 73 5776
72 73 5776
1 74 5776
74 75 5776
74 76 5776
75 76 5776
