55 72 3
1 2 3025
2 3 3025
2 4 3025
3 4 3025
1 5 3025
5 6 3025
5 7 3025
6 7 3025
1 8 3025
8 9 3025
8 10 3025
9 10 3025
1 11 3025
11 12 3025
11 13 3025
12 13 3025
1 14 3025
14 15 3025
14 16 3025
15 16 3025
1 17 3025
17 18 3025
17 19 3025
18 19 3025
1 20 3025
20 21 3025
20 22 3025
21 22 3025
1 23 3025
23 24 3025
23 25 3025
24 25 3025
1 26 3025
26 27 3025
26 28 3025
27 28 3025
1 29 3025
29 30 3025
29 31 3025
30 31 3025
1 32 3025
32 33 3025
32 34 3025
33 34 3025
1 35 3025
35 36 3025
35 37 3025
36 37 3025
1 38 3025
38 39 3025
38 40 3025
39 40 3025
1 41 3025
41 42 3025
41 43 3025
42 43 3025
1 44 3025
44 45 3025
44 46 3025
45 46 3025
1 47 3025
47 48 3025
47 49 3025
48 49 3025
1 50 3025
50 51 3025
50 52 3025
51 52 3025
1 53 3025
53 54 3025
53 55 3025
54 55 3025
