79 104 3
1 2 6241
2 3 6241
2 4 6241
3 4 6241
1 5 6241
5 6 6241
5 7 6241
6 7 6241
1 8 6241
8 9 6241
8 10 6241
9 10 6241
1 11 6241
11 12 6241
11 13 6241
12 13 6241
1 14 6241
14 15 6241
14 16 6241
15 16 6241
1 17 6241
17 18 6241
17 19 6241
18 19 6241
1 20 6241
20 21 6241
20 22 6241
21 22 6241
1 23 6241
23 24 6241
23 25 6241
24 25 6241
1 26 6241
26 27 6241
26 28 6241
27 28 6241
1 29 6241
29 30 6241
29 31 6241
30 31 6241
1 32 6241
32 33 6241
32 34 6241
33 34 6241
1 35 6241
35 36 6241
35 37 6241
36 37 6241
1 38 6241
38 39 6241
38 40 6241
39 40 6241
1 41 6241
41 42 6241
41 43 6241
42 43 6241
1 44 6241
44 45 6241
44 46 6241
45 46 6241
1 47 6241
47 48 6241
47 49 6241
48 49 6241
1 50 6241
50 51 6241
50 52 6241
51 52 6241
1 53 6241
53 54 6241
53 55 6241
54 55 6241
1 56 6241
56 57 6241
56 58 6241
57 58 6241
1 59 6241
59 60 6241
59 61 6241
60 61 6241
1 62 6241
62 63 6241
62 64 6241
63 64 6241
1 65 6241
65 66 6241
65 67 6241
66 67 6241
1 68 6241
68 69 6241
68 70 6241
69 70 6241
1 71 6241
71 72 6241
71 73 6241
72 73 6241
1 74 6241
74 75 6241
74 76 6241
75 76 6241
1 77 6241
77 78 6241
77 79 6241
78 79 6241
