61 80 3
1 2 3721
2 3 3721
2 4 3721
3 4 3721
1 5 3721
5 6 3721
5 7 3721
6 7 3721
1 8 3721
8 9 3721
8 10 3721
9 10 3721
1 11 3721
11 12 3721
11 13 3721
12 13 3721
1 14 3721
14 15 3721
14 16 3721
15 16 3721
1 17 3721
17 18 3721
17 19 3721
18 19 3721
1 20 3721
20 21 3721
20 22 3721
21 22 3721
1 23 3721
23 24 3721
23 25 3721
24 25 3721
1 26 3721
26 27 3721
26 28 3721
27 28 3721
1 29 3721
29 30 3721
29 31 3721
30 31 3721
1 32 3721
32 33 3721
32 34 3721
33 34 3721
1 35 3721
35 36 3721
35 37 3721
36 37 3721
1 38 3721
38 39 3721
38 40 3721
39 40 3721
1 41 3721
41 42 3721
41 43 3721
42 43 3721
1 44 3721
44 45 3721
44 46 3721
45 46 3721
1 47 3721
47 48 3721
47 49 3721
48 49 3721
1 50 3721
50 51 3721
50 52 3721
51 52 3721
1 53 3721
53 54 3721
53 55 3721
54 55 3721
1 56 3721
56 57 3721
56 58 3721
57 58 3721
1 59 3721
59 60 3721
59 61 3721
60 61 3721
