85 112 3
1 2 7225
2 3 7225
2 4 7225
3 4 7225
1 5 7225
5 6 7225
5 7 7225
6 7 7225
1 8 7225
8 9 7225
8 10 7225
9 10 7225
1 11 7225
11 12 7225
11 13 7225
12 13 7225
1 14 7225
14 15 7225
14 16 7225
15 16 7225
1 17 7225
17 18 7225
17 19 7225
18 19 7225
1 20 7225
20 21 7225
20 22 7225
21 22 7225
1 23 7225
23 24 7225
23 25 7225
24 25 7225
1 26 7225
26 27 7225
26 28 7225
27 28 7225
1 29 7225
29 30 7225
29 31 7225
30 31 7225
1 32 7225
32 33 7225
32 34 7225
33 34 7225
1 35 7225
35 36 7225
35 37 7225
36 37 7225
1 38 7225
38 39 7225
38 40 7225
39 40 7225
1 41 7225
41 42 7225
41 43 7225
42 43 7225
1 44 7225
44 45 7225
44 46 7225
45 46 7225
1 47 7225
47 48 7225
47 49 7225
48 49 7225
1 50 7225
50 51 7225
50 52 7225
51 52 7225
1 53 7225
53 54 7225
53 55 7225
54 55 7225
1 56 7225
56 57 7225
56 58 7225
57 58 7225
1 59 7225
59 60 7225
59 61 7225
60 61 7225
1 62 7225
62 63 7225
62 64 7225
63 64 7225
1 65 7225
65 66 7225
65 67 7225
66 67 7225
1 68 7225
68 69 7225
68 70 7225
69 70 7225
1 71 7225
71 72 7225
71 73 7225
72 73 7225
1 74 7225
74 75 7225
74 76 7225
75 76 7225
1 77 7225
77 78 7225
77 79 7225
78 79 7225
1 80 7225
80 81 7225
80 82 7225
81 82 7225
1 83 7225
83 84 7225
83 85 7225
84 85 7225
