73 96 3
1 2 5329
2 3 5329
2 4 5329
3 4 5329
1 5 5329
5 6 5329
5 7 5329
6 7 5329
1 8 5329
8 9 5329
8 10 5329
9 10 5329
1 11 5329
11 12 5329
11 13 5329
12 13 5329
1 14 5329
14 15 5329
14 16 5329
15 16 5329
1 17 5329
17 18 5329
17 19 5329
18 19 5329
1 20 5329
20 21 5329
20 22 5329
21 22 5329
1 23 5329
23 24 5329
23 25 5329
24 25 5329
1 26 5329
26 27 5329
26 28 5329
27 28 5329
1 29 5329
29 30 5329
29 31 5329
30 31 5329
1 32 5329
32 33 5329
32 34 5329
33 34 5329
1 35 5329
35 36 5329
35 37 5329
36 37 5329
1 38 5329
38 39 5329
38 40 5329
39 40 5329
1 41 5329
41 42 5329
41 43 5329
42 43 5329
1 44 5329
44 45 5329
44 46 5329
45 46 5329
1 47 5329
47 48 5329
47 49 5329
48 49 5329
1 50 5329
50 51 5329
50 52 5329
51 52 5329
1 53 5329
53 54 5329
53 55 5329
54 55 5329
1 56 5329
56 57 5329
56 58 5329
57 58 5329
1 59 5329
59 60 5329
59 61 5329
60 61 5329
1 62 5329
62 63 5329
62 64 5329
63 64 5329
1 65 5329
65 66 5329
65 67 5329
66 67 5329
1 68 5329
68 69 5329
68 70 5329
69 70 5329
1 71 5329
71 72 5329
71 73 5329
72 73 5329
