58 76 3
1 2 3364
2 3 3364
2 4 3364
3 4 3364
1 5 3364
5 6 3364
5 7 3364
6 7 3364
1 8 3364
8 9 3364
8 10 3364
9 10 3364
1 11 3364
11 12 3364
11 13 3364
12 13 3364
1 14 3364
14 15 3364
14 16 3364
15 16 3364
1 17 3364
17 18 3364
17 19 3364
18 19 3364
1 20 3364
20 21 3364
20 22 3364
21 22 3364
1 23 3364
23 24 3364
23 25 3364
24 25 3364
1 26 3364
26 27 3364
26 28 3364
27 28 3364
1 29 3364
29 30 3364
29 31 3364
30 31 3364
1 32 3364
32 33 3364
32 34 3364
33 34 3364
1 35 3364
35 36 3364
35 37 3364
36 37 3364
1 38 3364
38 39 3364
38 40 3364
39 40 3364
1 41 3364
41 42 3364
41 43 3364
42 43 3364
1 44 3364
44 45 3364
44 46 3364
45 46 3364
1 47 3364
47 48 3364
47 49 3364
48 49 3364
1 50 3364
50 51 3364
50 52 3364
51 52 3364
1 53 3364
53 54 3364
53 55 3364
54 55 3364
1 56 3364
56 57 3364
56 58 3364
57 58 3364
