100 132 3
1 2 10000
2 3 10000
2 4 10000
3 4 10000
1 5 10000
5 6 10000
5 7 10000
6 7 10000
1 8 10000
8 9 10000
8 10 10000
9 10 10000
1 11 10000
11 12 10000
11 13 10000
12 13 10000
1 14 10000
14 15 10000
14 16 10000
15 16 10000
1 17 10000
17 18 10000
17 19 10000
18 19 10000
1 20 10000
20 21 10000
20 22 10000
21 22 10000
1 23 10000
23 24 10000
23 25 10000
24 25 10000
1 26 10000
26 27 10000
26 28 10000
27 28 10000
1 29 10000
29 30 10000
29 31 10000
30 31 10000
1 32 10000
32 33 10000
32 34 10000
33 34 10000
1 35 10000
35 36 10000
35 37 10000
36 37 10000
1 38 10000
38 39 10000
38 40 10000
39 40 10000
1 41 10000
41 42 10000
41 43 10000
42 43 10000
1 44 10000
44 45 10000
44 46 10000
45 46 10000
1 47 10000
47 48 10000
47 49 10000
48 49 10000
1 50 10000
50 51 10000
50 52 10000
51 52 10000
1 53 10000
53 54 10000
53 55 10000
54 55 10000
1 56 10000
56 57 10000
56 58 10000
57 58 10000
1 59 10000
59 60 10000
59 61 10000
60 61 10000
1 62 10000
62 63 10000
62 64 10000
63 64 10000
1 65 10000
65 66 10000
65 67 10000
66 67 10000
1 68 10000
68 69 10000
68 70 10000
69 70 10000
1 71 10000
71 72 10000
71 73 10000
72 73 10000
1 74 10000
74 75 10000
74 76 10000
75 76 10000
1 77 10000
77 78 10000
77 79 10000
78 79 10000
1 80 10000
80 81 10000
80 82 10000
81 82 10000
1 83 10000
83 84 10000
83 85 10000
84 85 10000
1 86 10000
86 87 10000
86 88 10000
87 88 10000
1 89 10000
89 90 10000
89 91 10000
90 91 10000
1 92 10000
92 93 10000
92 94 10000
93 94 10000
1 95 10000
95 96 10000
95 97 10000
96 97 10000
1 98 10000
98 99 10000
98 100 10000
99 100 10000
