43 56 3
1 2 1849
2 3 1849
2 4 1849
3 4 1849
1 5 1849
5 6 1849
5 7 1849
6 7 1849
1 8 1849
8 9 1849
8 10 1849
9 10 1849
1 11 1849
11 12 1849
11 13 1849
12 13 1849
1 14 1849
14 15 1849
14 16 1849
15 16 1849
1 17 1849
17 18 1849
17 19 1849
18 19 1849
1 20 1849
20 21 1849
20 22 1849
21 22 1849
1 23 1849
23 24 1849
23 25 1849
24 25 1849
1 26 1849
26 27 1849
26 28 1849
27 28 1849
1 29 1849
29 30 1849
29 31 1849
30 31 1849
1 32 1849
32 33 1849
32 34 1849
33 34 1849
1 35 1849
35 36 1849
35 37 1849
36 37 1849
1 38 1849
38 39 1849
38 40 1849
39 40 1849
1 41 1849
41 42 1849
41 43 1849
42 43 1849
