70 92 3
1 2 4900
2 3 4900
2 4 4900
3 4 4900
1 5 4900
5 6 4900
5 7 4900
6 7 4900
1 8 4900
8 9 4900
8 10 4900
9 10 4900
1 11 4900
11 12 4900
11 13 4900
12 13 4900
1 14 4900
14 15 4900
14 16 4900
15 16 4900
1 17 4900
17 18 4900
17 19 4900
18 19 4900
1 20 4900
20 21 4900
20 22 4900
21 22 4900
1 23 4900
23 24 4900
23 25 4900
24 25 4900
1 26 4900
26 27 4900
26 28 4900
27 28 4900
1 29 4900
29 30 4900
29 31 4900
30 31 4900
1 32 4900
32 33 4900
32 34 4900
33 34 4900
1 35 4900
35 36 4900
35 37 4900
36 37 4900
1 38 4900
38 39 4900
38 40 4900
39 40 4900
1 41 4900
41 42 4900
41 43 4900
42 43 4900
1 44 4900
44 45 4900
44 46 4900
45 46 4900
1 47 4900
47 48 4900
47 49 4900
48 49 4900
1 50 4900
50 51 4900
50 52 4900
51 52 4900
1 53 4900
53 54 4900
53 55 4900
54 55 4900
1 56 4900
56 57 4900
56 58 4900
57 58 4900
1 59 4900
59 60 4900
59 61 4900
60 61 4900
1 62 4900
62 63 4900
62 64 4900
63 64 4900
1 65 4900
65 66 4900
65 67 4900
66 67 4900
1 68 4900
68 69 4900
68 70 4900
69 70 4900
