37 48 3
1 2 1369
2 3 1369
2 4 1369
3 4 1369
1 5 1369
5 6 1369
5 7 1369
6 7 1369
1 8 1369
8 9 1369
8 10 1369
9 10 1369
1 11 1369
11 12 1369
11 13 1369
12 13 1369
1 14 1369
14 15 1369
14 16 1369
15 16 1369
1 17 1369
17 18 1369
17 19 1369
18 19 1369
1 20 1369
20 21 1369
20 22 1369
21 22 1369
1 23 1369
23 24 1369
23 25 1369
24 25 1369
1 26 1369
26 27 1369
26 28 1369
27 28 1369
1 29 1369
29 30 1369
29 31 1369
30 31 1369
1 32 1369
32 33 1369
32 34 1369
33 34 1369
1 35 1369
35 36 1369
35 37 1369
36 37 1369
