40 52 3
1 2 1600
2 3 1600
2 4 1600
3 4 1600
1 5 1600
5 6 1600
5 7 1600
6 7 1600
1 8 1600
8 9 1600
8 10 1600
9 10 1600
1 11 1600
11 12 1600
11 13 1600
12 13 1600
1 14 1600
14 15 1600
14 16 1600
15 16 1600
1 17 1600
17 18 1600
17 19 1600
18 19 1600
1 20 1600
20 21 1600
20 22 1600
21 22 1600
1 23 1600
23 24 1600
23 25 1600
24 25 1600
1 26 1600
26 27 1600
26 28 1600
27 28 1600
1 29 1600
29 30 1600
29 31 1600
30 31 1600
1 32 1600
32 33 1600
32 34 1600
33 34 1600
1 35 1600
35 36 1600
35 37 1600
36 37 1600
1 38 1600
38 39 1600
38 40 1600
39 40 1600
