94 139 2
1 2 94
1 3 94
2 4 94
3 4 94
3 5 94
4 6 94
5 6 94
5 7 94
6 8 94
7 8 94
7 9 94
8 10 94
9 10 94
9 11 94
10 12 94
11 12 94
11 13 94
12 14 94
13 14 94
13 15 94
14 16 94
15 16 94
15 17 94
16 18 94
17 18 94
17 19 94
18 20 94
19 20 94
19 21 94
20 22 94
21 22 94
21 23 94
22 24 94
23 24 94
23 25 94
24 26 94
25 26 94
25 27 94
26 28 94
27 28 94
27 29 94
28 30 94
29 30 94
29 31 94
30 32 94
31 32 94
31 33 94
32 34 94
33 34 94
33 35 94
34 36 94
35 36 94
35 37 94
36 38 94
37 38 94
37 39 94
38 40 94
39 40 94
39 41 94
40 42 94
41 42 94
41 43 94
42 44 94
43 44 94
43 45 94
44 46 94
45 46 94
45 47 94
46 48 94
47 48 94
47 49 94
48 50 94
49 50 94
49 51 94
50 52 94
51 52 94
51 53 94
52 54 94
53 54 94
53 55 94
54 56 94
55 56 94
55 57 94
56 58 94
57 58 94
57 59 94
58 60 94
59 60 94
59 61 94
60 62 94
61 62 94
61 63 94
62 64 94
63 64 94
63 65 94
64 66 94
65 66 94
65 67 94
66 68 94
67 68 94
67 69 94
68 70 94
69 70 94
69 71 94
70 72 94
71 72 94
71 73 94
72 74 94
73 74 94
73 75 94
74 76 94
75 76 94
75 77 94
76 78 94
77 78 94
77 79 94
78 80 94
79 80 94
79 81 94
80 82 94
81 82 94
81 83 94
82 84 94
83 84 94
83 85 94
84 86 94
85 86 94
85 87 94
86 88 94
87 88 94
87 89 94
88 90 94
89 90 94
89 91 94
90 92 94
91 92 94
91 93 94
92 94 94
93 94 94
