70 103 2
1 2 70
1 3 70
2 4 70
3 4 70
3 5 70
4 6 70
5 6 70
5 7 70
6 8 70
7 8 70
7 9 70
8 10 70
9 10 70
9 11 70
10 12 70
11 12 70
11 13 70
12 14 70
13 14 70
13 15 70
14 16 70
15 16 70
15 17 70
16 18 70
17 18 70
17 19 70
18 20 70
19 20 70
19 21 70
20 22 70
21 22 70
21 23 70
22 24 70
23 24 70
23 25 70
24 26 70
25 26 70
25 27 70
26 28 70
27 28 70
27 29 70
28 30 70
29 30 70
29 31 70
30 32 70
31 32 70
31 33 70
32 34 70
33 34 70
33 35 70
34 36 70
35 36 70
35 37 70
36 38 70
37 38 70
37 39 70
38 40 70
39 40 70
39 41 70
40 42 70
41 42 70
41 43 70
42 44 70
43 44 70
43 45 70
44 46 70
45 46 70
45 47 70
46 48 70
47 48 70
47 49 70
48 50 70
49 50 70
49 51 70
50 52 70
51 52 70
51 53 70
52 54 70
53 54 70
53 55 70
54 56 70
55 56 70
55 57 70
56 58 70
57 58 70
57 59 70
58 60 70
59 60 70
59 61 70
60 62 70
61 62 70
61 63 70
62 64 70
63 64 70
63 65 70
64 66 70
65 66 70
65 67 70
66 68 70
67 68 70
67 69 70
68 70 70
69 70 70
