80 118 2
1 2 80
1 3 80
2 4 80
3 4 80
3 5 80
4 6 80
5 6 80
5 7 80
6 8 80
7 8 80
7 9 80
8 10 80
9 10 80
9 11 80
10 12 80
11 12 80
11 13 80
12 14 80
13 14 80
13 15 80
14 16 80
15 16 80
15 17 80
16 18 80
17 18 80
17 19 80
18 20 80
19 20 80
19 21 80
20 22 80
21 22 80
21 23 80
22 24 80
23 24 80
23 25 80
24 26 80
25 26 80
25 27 80
26 28 80
27 28 80
27 29 80
28 30 80
29 30 80
29 31 80
30 32 80
31 32 80
31 33 80
32 34 80
33 34 80
33 35 80
34 36 80
35 36 80
35 37 80
36 38 80
37 38 80
37 39 80
38 40 80
39 40 80
39 41 80
40 42 80
41 42 80
41 43 80
42 44 80
43 44 80
43 45 80
44 46 80
45 46 80
45 47 80
46 48 80
47 48 80
47 49 80
48 50 80
49 50 80
49 51 80
50 52 80
51 52 80
51 53 80
52 54 80
53 54 80
53 55 80
54 56 80
55 56 80
55 57 80
56 58 80
57 58 80
57 59 80
58 60 80
59 60 80
59 61 80
60 62 80
61 62 80
61 63 80
62 64 80
63 64 80
63 65 80
64 66 80
65 66 80
65 67 80
66 68 80
67 68 80
67 69 80
68 70 80
69 70 80
69 71 80
70 72 80
71 72 80
71 73 80
72 74 80
73 74 80
73 75 80
74 76 80
75 76 80
75 77 80
76 78 80
77 78 80
77 79 80
78 80 80
79 80 80
