54 79 2
1 2 54
1 3 54
2 4 54
3 4 54
3 5 54
4 6 54
5 6 54
5 7 54
6 8 54
7 8 54
7 9 54
8 10 54
9 10 54
9 11 54
10 12 54
11 12 54
11 13 54
12 14 54
13 14 54
13 15 54
14 16 54
15 16 54
15 17 54
16 18 54
17 18 54
17 19 54
18 20 54
19 20 54
19 21 54
20 22 54
21 22 54
21 23 54
22 24 54
23 24 54
23 25 54
24 26 54
25 26 54
25 27 54
26 28 54
27 28 54
27 29 54
28 30 54
29 30 54
29 31 54
30 32 54
31 32 54
31 33 54
32 34 54
33 34 54
33 35 54
34 36 54
35 36 54
35 37 54
36 38 54
37 38 54
37 39 54
38 40 54
39 40 54
39 41 54
40 42 54
41 42 54
41 43 54
42 44 54
43 44 54
43 45 54
44 46 54
45 46 54
45 47 54
46 48 54
47 48 54
47 49 54
48 50 54
49 50 54
49 51 54
50 52 54
51 52 54
51 53 54
52 54 54
53 54 54
