48 70 2
1 2 48
1 3 48
2 4 48
3 4 48
3 5 48
4 6 48
5 6 48
5 7 48
6 8 48
7 8 48
7 9 48
8 10 48
9 10 48
9 11 48
10 12 48
11 12 48
11 13 48
12 14 48
13 14 48
13 15 48
14 16 48
15 16 48
15 17 48
16 18 48
17 18 48
17 19 48
18 20 48
19 20 48
19 21 48
20 22 48
21 22 48
21 23 48
22 24 48
23 24 48
23 25 48
24 26 48
25 26 48
25 27 48
26 28 48
27 28 48
27 29 48
28 30 48
29 30 48
29 31 48
30 32 48
31 32 48
31 33 48
32 34 48
33 34 48
33 35 48
34 36 48
35 36 48
35 37 48
36 38 48
37 38 48
37 39 48
38 40 48
39 40 48
39 41 48
40 42 48
41 42 48
41 43 48
42 44 48
43 44 48
43 45 48
44 46 48
45 46 48
45 47 48
46 48 48
47 48 48
