96 142 2
1 2 96
1 3 96
2 4 96
3 4 96
3 5 96
4 6 96
5 6 96
5 7 96
6 8 96
7 8 96
7 9 96
8 10 96
9 10 96
9 11 96
10 12 96
11 12 96
11 13 96
12 14 96
13 14 96
13 15 96
14 16 96
15 16 96
15 17 96
16 18 96
17 18 96
17 19 96
18 20 96
19 20 96
19 21 96
20 22 96
21 22 96
21 23 96
22 24 96
23 24 96
23 25 96
24 26 96
25 26 96
25 27 96
26 28 96
27 28 96
27 29 96
28 30 96
29 30 96
29 31 96
30 32 96
31 32 96
31 33 96
32 34 96
33 34 96
33 35 96
34 36 96
35 36 96
35 37 96
36 38 96
37 38 96
37 39 96
38 40 96
39 40 96
39 41 96
40 42 96
41 42 96
41 43 96
42 44 96
43 44 96
43 45 96
44 46 96
45 46 96
45 47 96
46 48 96
47 48 96
47 49 96
48 50 96
49 50 96
49 51 96
50 52 96
51 52 96
51 53 96
52 54 96
53 54 96
53 55 96
54 56 96
55 56 96
55 57 96
56 58 96
57 58 96
57 59 96
58 60 96
59 60 96
59 61 96
60 62 96
61 62 96
61 63 96
62 64 96
63 64 96
63 65 96
64 66 96
65 66 96
65 67 96
66 68 96
67 68 96
67 69 96
68 70 96
69 70 96
69 71 96
70 72 96
71 72 96
71 73 96
72 74 96
73 74 96
73 75 96
74 76 96
75 76 96
75 77 96
76 78 96
77 78 96
77 79 96
78 80 96
79 80 96
79 81 96
80 82 96
81 82 96
81 83 96
82 84 96
83 84 96
83 85 96
84 86 96
85 86 96
85 87 96
86 88 96
87 88 96
87 89 96
88 90 96
89 90 96
89 91 96
90 92 96
91 92 96
91 93 96
92 94 96
93 94 96
93 95 96
94 96 96
95 96 96
