62 91 2
1 2 62
1 3 62
2 4 62
3 4 62
3 5 62
4 6 62
5 6 62
5 7 62
6 8 62
7 8 62
7 9 62
8 10 62
9 10 62
9 11 62
10 12 62
11 12 62
11 13 62
12 14 62
13 14 62
13 15 62
14 16 62
15 16 62
15 17 62
16 18 62
17 18 62
17 19 62
18 20 62
19 20 62
19 21 62
20 22 62
21 22 62
21 23 62
22 24 62
23 24 62
23 25 62
24 26 62
25 26 62
25 27 62
26 28 62
27 28 62
27 29 62
28 30 62
29 30 62
29 31 62
30 32 62
31 32 62
31 33 62
32 34 62
33 34 62
33 35 62
34 36 62
35 36 62
35 37 62
36 38 62
37 38 62
37 39 62
38 40 62
39 40 62
39 41 62
40 42 62
41 42 62
41 43 62
42 44 62
43 44 62
43 45 62
44 46 62
45 46 62
45 47 62
46 48 62
47 48 62
47 49 62
48 50 62
49 50 62
49 51 62
50 52 62
51 52 62
51 53 62
52 54 62
53 54 62
53 55 62
54 56 62
55 56 62
55 57 62
56 58 62
57 58 62
57 59 62
58 60 62
59 60 62
59 61 62
60 62 62
61 62 62
