74 109 2
1 2 74
1 3 74
2 4 74
3 4 74
3 5 74
4 6 74
5 6 74
5 7 74
6 8 74
7 8 74
7 9 74
8 10 74
9 10 74
9 11 74
10 12 74
11 12 74
11 13 74
12 14 74
13 14 74
13 15 74
14 16 74
15 16 74
15 17 74
16 18 74
17 18 74
17 19 74
18 20 74
19 20 74
19 21 74
20 22 74
21 22 74
21 23 74
22 24 74
23 24 74
23 25 74
24 26 74
25 26 74
25 27 74
26 28 74
27 28 74
27 29 74
28 30 74
29 30 74
29 31 74
30 32 74
31 32 74
31 33 74
32 34 74
33 34 74
33 35 74
34 36 74
35 36 74
35 37 74
36 38 74
37 38 74
37 39 74
38 40 74
39 40 74
39 41 74
40 42 74
41 42 74
41 43 74
42 44 74
43 44 74
43 45 74
44 46 74
45 46 74
45 47 74
46 48 74
47 48 74
47 49 74
48 50 74
49 50 74
49 51 74
50 52 74
51 52 74
51 53 74
52 54 74
53 54 74
53 55 74
54 56 74
55 56 74
55 57 74
56 58 74
57 58 74
57 59 74
58 60 74
59 60 74
59 61 74
60 62 74
61 62 74
61 63 74
62 64 74
63 64 74
63 65 74
64 66 74
65 66 74
65 67 74
66 68 74
67 68 74
67 69 74
68 70 74
69 70 74
69 71 74
70 72 74
71 72 74
71 73 74
72 74 74
73 74 74
