44 64 2
1 2 44
1 3 44
2 4 44
3 4 44
3 5 44
4 6 44
5 6 44
5 7 44
6 8 44
7 8 44
7 9 44
8 10 44
9 10 44
9 11 44
10 12 44
11 12 44
11 13 44
12 14 44
13 14 44
13 15 44
14 16 44
15 16 44
15 17 44
16 18 44
17 18 44
17 19 44
18 20 44
19 20 44
19 21 44
20 22 44
21 22 44
21 23 44
22 24 44
23 24 44
23 25 44
24 26 44
25 26 44
25 27 44
26 28 44
27 28 44
27 29 44
28 30 44
29 30 44
29 31 44
30 32 44
31 32 44
31 33 44
32 34 44
33 34 44
33 35 44
34 36 44
35 36 44
35 37 44
36 38 44
37 38 44
37 39 44
38 40 44
39 40 44
39 41 44
40 42 44
41 42 44
41 43 44
42 44 44
43 44 44
