40 58 2
1 2 40
1 3 40
2 4 40
3 4 40
3 5 40
4 6 40
5 6 40
5 7 40
6 8 40
7 8 40
7 9 40
8 10 40
9 10 40
9 11 40
10 12 40
11 12 40
11 13 40
12 14 40
13 14 40
13 15 40
14 16 40
15 16 40
15 17 40
16 18 40
17 18 40
17 19 40
18 20 40
19 20 40
19 21 40
20 22 40
21 22 40
21 23 40
22 24 40
23 24 40
23 25 40
24 26 40
25 26 40
25 27 40
26 28 40
27 28 40
27 29 40
28 30 40
29 30 40
29 31 40
30 32 40
31 32 40
31 33 40
32 34 40
33 34 40
33 35 40
34 36 40
35 36 40
35 37 40
36 38 40
37 38 40
37 39 40
38 40 40
39 40 40
