108 160 2
1 2 108
1 3 108
2 4 108
3 4 108
3 5 108
4 6 108
5 6 108
5 7 108
6 8 108
7 8 108
7 9 108
8 10 108
9 10 108
9 11 108
10 12 108
11 12 108
11 13 108
12 14 108
13 14 108
13 15 108
14 16 108
15 16 108
15 17 108
16 18 108
17 18 108
17 19 108
18 20 108
19 20 108
19 21 108
20 22 108
21 22 108
21 23 108
22 24 108
23 24 108
23 25 108
24 26 108
25 26 108
25 27 108
26 28 108
27 28 108
27 29 108
28 30 108
29 30 108
29 31 108
30 32 108
31 32 108
31 33 108
32 34 108
33 34 108
33 35 108
34 36 108
35 36 108
35 37 108
36 38 108
37 38 108
37 39 108
38 40 108
39 40 108
39 41 108
40 42 108
41 42 108
41 43 108
42 44 108
43 44 108
43 45 108
44 46 108
45 46 108
45 47 108
46 48 108
47 48 108
47 49 108
48 50 108
49 50 108
49 51 108
50 52 108
51 52 108
51 53 108
52 54 108
53 54 108
53 55 108
54 56 108
55 56 108
55 57 108
56 58 108
57 58 108
57 59 108
58 60 108
59 60 108
59 61 108
60 62 108
61 62 108
61 63 108
62 64 108
63 64 108
63 65 108
64 66 108
65 66 108
65 67 108
66 68 108
67 68 108
67 69 108
68 70 108
69 70 108
69 71 108
70 72 108
71 72 108
71 73 108
72 74 108
73 74 108
73 75 108
74 76 108
75 76 108
75 77 108
76 78 108
77 78 108
77 79 108
78 80 108
79 80 108
79 81 108
80 82 108
81 82 108
81 83 108
82 84 108
83 84 108
83 85 108
84 86 108
85 86 108
85 87 108
86 88 108
87 88 108
87 89 108
88 90 108
89 90 108
89 91 108
90 92 108
91 92 108
91 93 108
92 94 108
93 94 108
93 95 108
94 96 108
95 96 108
95 97 108
96 98 108
97 98 108
97 99 108
98 100 108
99 100 108
99 101 108
100 102 108
101 102 108
101 103 108
102 104 108
103 104 108
103 105 108
104 106 108
105 106 108
105 107 108
106 108 108
107 108 108
