46 67 2
1 2 46
1 3 46
2 4 46
3 4 46
3 5 46
4 6 46
5 6 46
5 7 46
6 8 46
7 8 46
7 9 46
8 10 46
9 10 46
9 11 46
10 12 46
11 12 46
11 13 46
12 14 46
13 14 46
13 15 46
14 16 46
15 16 46
15 17 46
16 18 46
17 18 46
17 19 46
18 20 46
19 20 46
19 21 46
20 22 46
21 22 46
21 23 46
22 24 46
23 24 46
23 25 46
24 26 46
25 26 46
25 27 46
26 28 46
27 28 46
27 29 46
28 30 46
29 30 46
29 31 46
30 32 46
31 32 46
31 33 46
32 34 46
33 34 46
33 35 46
34 36 46
35 36 46
35 37 46
36 38 46
37 38 46
37 39 46
38 40 46
39 40 46
39 41 46
40 42 46
41 42 46
41 43 46
42 44 46
43 44 46
43 45 46
44 46 46
45 46 46
