58 85 2
1 2 58
1 3 58
2 4 58
3 4 58
3 5 58
4 6 58
5 6 58
5 7 58
6 8 58
7 8 58
7 9 58
8 10 58
9 10 58
9 11 58
10 12 58
11 12 58
11 13 58
12 14 58
13 14 58
13 15 58
14 16 58
15 16 58
15 17 58
16 18 58
17 18 58
17 19 58
18 20 58
19 20 58
19 21 58
20 22 58
21 22 58
21 23 58
22 24 58
23 24 58
23 25 58
24 26 58
25 26 58
25 27 58
26 28 58
27 28 58
27 29 58
28 30 58
29 30 58
29 31 58
30 32 58
31 32 58
31 33 58
32 34 58
33 34 58
33 35 58
34 36 58
35 36 58
35 37 58
36 38 58
37 38 58
37 39 58
38 40 58
39 40 58
39 41 58
40 42 58
41 42 58
41 43 58
42 44 58
43 44 58
43 45 58
44 46 58
45 46 58
45 47 58
46 48 58
47 48 58
47 49 58
48 50 58
49 50 58
49 51 58
50 52 58
51 52 58
51 53 58
52 54 58
53 54 58
53 55 58
54 56 58
55 56 58
55 57 58
56 58 58
57 58 58
