56 82 2
1 2 56
1 3 56
2 4 56
3 4 56
3 5 56
4 6 56
5 6 56
5 7 56
6 8 56
7 8 56
7 9 56
8 10 56
9 10 56
9 11 56
10 12 56
11 12 56
11 13 56
12 14 56
13 14 56
13 15 56
14 16 56
15 16 56
15 17 56
16 18 56
17 18 56
17 19 56
18 20 56
19 20 56
19 21 56
20 22 56
21 22 56
21 23 56
22 24 56
23 24 56
23 25 56
24 26 56
25 26 56
25 27 56
26 28 56
27 28 56
27 29 56
28 30 56
29 30 56
29 31 56
30 32 56
31 32 56
31 33 56
32 34 56
33 34 56
33 35 56
34 36 56
35 36 56
35 37 56
36 38 56
37 38 56
37 39 56
38 40 56
39 40 56
39 41 56
40 42 56
41 42 56
41 43 56
42 44 56
43 44 56
43 45 56
44 46 56
45 46 56
45 47 56
46 48 56
47 48 56
47 49 56
48 50 56
49 50 56
49 51 56
50 52 56
51 52 56
51 53 56
52 54 56
53 54 56
53 55 56
54 56 56
55 56 56
