98 145 2
1 2 98
1 3 98
2 4 98
3 4 98
3 5 98
4 6 98
5 6 98
5 7 98
6 8 98
7 8 98
7 9 98
8 10 98
9 10 98
9 11 98
10 12 98
11 12 98
11 13 98
12 14 98
13 14 98
13 15 98
14 16 98
15 16 98
15 17 98
16 18 98
17 18 98
17 19 98
18 20 98
19 20 98
19 21 98
20 22 98
21 22 98
21 23 98
22 24 98
23 24 98
23 25 98
24 26 98
25 26 98
25 27 98
26 28 98
27 28 98
27 29 98
28 30 98
29 30 98
29 31 98
30 32 98
31 32 98
31 33 98
32 34 98
33 34 98
33 35 98
34 36 98
35 36 98
35 37 98
36 38 98
37 38 98
37 39 98
38 40 98
39 40 98
39 41 98
40 42 98
41 42 98
41 43 98
42 44 98
43 44 98
43 45 98
44 46 98
45 46 98
45 47 98
46 48 98
47 48 98
47 49 98
48 50 98
49 50 98
49 51 98
50 52 98
51 52 98
51 53 98
52 54 98
53 54 98
53 55 98
54 56 98
55 56 98
55 57 98
56 58 98
57 58 98
57 59 98
58 60 98
59 60 98
59 61 98
60 62 98
61 62 98
61 63 98
62 64 98
63 64 98
63 65 98
64 66 98
65 66 98
65 67 98
66 68 98
67 68 98
67 69 98
68 70 98
69 70 98
69 71 98
70 72 98
71 72 98
71 73 98
72 74 98
73 74 98
73 75 98
74 76 98
75 76 98
75 77 98
76 78 98
77 78 98
77 79 98
78 80 98
79 80 98
79 81 98
80 82 98
81 82 98
81 83 98
82 84 98
83 84 98
83 85 98
84 86 98
85 86 98
85 87 98
86 88 98
87 88 98
87 89 98
88 90 98
89 90 98
89 91 98
90 92 98
91 92 98
91 93 98
92 94 98
93 94 98
93 95 98
94 96 98
95 96 98
95 97 98
96 98 98
97 98 98
