88 130 2
1 2 88
1 3 88
2 4 88
3 4 88
3 5 88
4 6 88
5 6 88
5 7 88
6 8 88
7 8 88
7 9 88
8 10 88
9 10 88
9 11 88
10 12 88
11 12 88
11 13 88
12 14 88
13 14 88
13 15 88
14 16 88
15 16 88
15 17 88
16 18 88
17 18 88
17 19 88
18 20 88
19 20 88
19 21 88
20 22 88
21 22 88
21 23 88
22 24 88
23 24 88
23 25 88
24 26 88
25 26 88
25 27 88
26 28 88
27 28 88
27 29 88
28 30 88
29 30 88
29 31 88
30 32 88
31 32 88
31 33 88
32 34 88
33 34 88
33 35 88
34 36 88
35 36 88
35 37 88
36 38 88
37 38 88
37 39 88
38 40 88
39 40 88
39 41 88
40 42 88
41 42 88
41 43 88
42 44 88
43 44 88
43 45 88
44 46 88
45 46 88
45 47 88
46 48 88
47 48 88
47 49 88
48 50 88
49 50 88
49 51 88
50 52 88
51 52 88
51 53 88
52 54 88
53 54 88
53 55 88
54 56 88
55 56 88
55 57 88
56 58 88
57 58 88
57 59 88
58 60 88
59 60 88
59 61 88
60 62 88
61 62 88
61 63 88
62 64 88
63 64 88
63 65 88
64 66 88
65 66 88
65 67 88
66 68 88
67 68 88
67 69 88
68 70 88
69 70 88
69 71 88
70 72 88
71 72 88
71 73 88
72 74 88
73 74 88
73 75 88
74 76 88
75 76 88
75 77 88
76 78 88
77 78 88
77 79 88
78 80 88
79 80 88
79 81 88
80 82 88
81 82 88
81 83 88
82 84 88
83 84 88
83 85 88
84 86 88
85 86 88
85 87 88
86 88 88
87 88 88
