110 163 2
1 2 110
1 3 110
2 4 110
3 4 110
3 5 110
4 6 110
5 6 110
5 7 110
6 8 110
7 8 110
7 9 110
8 10 110
9 10 110
9 11 110
10 12 110
11 12 110
11 13 110
12 14 110
13 14 110
13 15 110
14 16 110
15 16 110
15 17 110
16 18 110
17 18 110
17 19 110
18 20 110
19 20 110
19 21 110
20 22 110
21 22 110
21 23 110
22 24 110
23 24 110
23 25 110
24 26 110
25 26 110
25 27 110
26 28 110
27 28 110
27 29 110
28 30 110
29 30 110
29 31 110
30 32 110
31 32 110
31 33 110
32 34 110
33 34 110
33 35 110
34 36 110
35 36 110
35 37 110
36 38 110
37 38 110
37 39 110
38 40 110
39 40 110
39 41 110
40 42 110
41 42 110
41 43 110
42 44 110
43 44 110
43 45 110
44 46 110
45 46 110
45 47 110
46 48 110
47 48 110
47 49 110
48 50 110
49 50 110
49 51 110
50 52 110
51 52 110
51 53 110
52 54 110
53 54 110
53 55 110
54 56 110
55 56 110
55 57 110
56 58 110
57 58 110
57 59 110
58 60 110
59 60 110
59 61 110
60 62 110
61 62 110
61 63 110
62 64 110
63 64 110
63 65 110
64 66 110
65 66 110
65 67 110
66 68 110
67 68 110
67 69 110
68 70 110
69 70 110
69 71 110
70 72 110
71 72 110
71 73 110
72 74 110
73 74 110
73 75 110
74 76 110
75 76 110
75 77 110
76 78 110
77 78 110
77 79 110
78 80 110
79 80 110
79 81 110
80 82 110
81 82 110
81 83 110
82 84 110
83 84 110
83 85 110
84 86 110
85 86 110
85 87 110
86 88 110
87 88 110
87 89 110
88 90 110
89 90 110
89 91 110
90 92 110
91 92 110
91 93 110
92 94 110
93 94 110
93 95 110
94 96 110
95 96 110
95 97 110
96 98 110
97 98 110
97 99 110
98 100 110
99 100 110
99 101 110
100 102 110
101 102 110
101 103 110
102 104 110
103 104 110
103 105 110
104 106 110
105 106 110
105 107 110
106 108 110
107 108 110
107 109 110
108 110 110
109 110 110
