68 100 2
1 2 68
1 3 68
2 4 68
3 4 68
3 5 68
4 6 68
5 6 68
5 7 68
6 8 68
7 8 68
7 9 68
8 10 68
9 10 68
9 11 68
10 12 68
11 12 68
11 13 68
12 14 68
13 14 68
13 15 68
14 16 68
15 16 68
15 17 68
16 18 68
17 18 68
17 19 68
18 20 68
19 20 68
19 21 68
20 22 68
21 22 68
21 23 68
22 24 68
23 24 68
23 25 68
24 26 68
25 26 68
25 27 68
26 28 68
27 28 68
27 29 68
28 30 68
29 30 68
29 31 68
30 32 68
31 32 68
31 33 68
32 34 68
33 34 68
33 35 68
34 36 68
35 36 68
35 37 68
36 38 68
37 38 68
37 39 68
38 40 68
39 40 68
39 41 68
40 42 68
41 42 68
41 43 68
42 44 68
43 44 68
43 45 68
44 46 68
45 46 68
45 47 68
46 48 68
47 48 68
47 49 68
48 50 68
49 50 68
49 51 68
50 52 68
51 52 68
51 53 68
52 54 68
53 54 68
53 55 68
54 56 68
55 56 68
55 57 68
56 58 68
57 58 68
57 59 68
58 60 68
59 60 68
59 61 68
60 62 68
61 62 68
61 63 68
62 64 68
63 64 68
63 65 68
64 66 68
65 66 68
65 67 68
66 68 68
67 68 68
