66 97 2
1 2 66
1 3 66
2 4 66
3 4 66
3 5 66
4 6 66
5 6 66
5 7 66
6 8 66
7 8 66
7 9 66
8 10 66
9 10 66
9 11 66
10 12 66
11 12 66
11 13 66
12 14 66
13 14 66
13 15 66
14 16 66
15 16 66
15 17 66
16 18 66
17 18 66
17 19 66
18 20 66
19 20 66
19 21 66
20 22 66
21 22 66
21 23 66
22 24 66
23 24 66
23 25 66
24 26 66
25 26 66
25 27 66
26 28 66
27 28 66
27 29 66
28 30 66
29 30 66
29 31 66
30 32 66
31 32 66
31 33 66
32 34 66
33 34 66
33 35 66
34 36 66
35 36 66
35 37 66
36 38 66
37 38 66
37 39 66
38 40 66
39 40 66
39 41 66
40 42 66
41 42 66
41 43 66
42 44 66
43 44 66
43 45 66
44 46 66
45 46 66
45 47 66
46 48 66
47 48 66
47 49 66
48 50 66
49 50 66
49 51 66
50 52 66
51 52 66
51 53 66
52 54 66
53 54 66
53 55 66
54 56 66
55 56 66
55 57 66
56 58 66
57 58 66
57 59 66
58 60 66
59 60 66
59 61 66
60 62 66
61 62 66
61 63 66
62 64 66
63 64 66
63 65 66
64 66 66
65 66 66
