90 133 2
1 2 90
1 3 90
2 4 90
3 4 90
3 5 90
4 6 90
5 6 90
5 7 90
6 8 90
7 8 90
7 9 90
8 10 90
9 10 90
9 11 90
10 12 90
11 12 90
11 13 90
12 14 90
13 14 90
13 15 90
14 16 90
15 16 90
15 17 90
16 18 90
17 18 90
17 19 90
18 20 90
19 20 90
19 21 90
20 22 90
21 22 90
21 23 90
22 24 90
23 24 90
23 25 90
24 26 90
25 26 90
25 27 90
26 28 90
27 28 90
27 29 90
28 30 90
29 30 90
29 31 90
30 32 90
31 32 90
31 33 90
32 34 90
33 34 90
33 35 90
34 36 90
35 36 90
35 37 90
36 38 90
37 38 90
37 39 90
38 40 90
39 40 90
39 41 90
40 42 90
41 42 90
41 43 90
42 44 90
43 44 90
43 45 90
44 46 90
45 46 90
45 47 90
46 48 90
47 48 90
47 49 90
48 50 90
49 50 90
49 51 90
50 52 90
51 52 90
51 53 90
52 54 90
53 54 90
53 55 90
54 56 90
55 56 90
55 57 90
56 58 90
57 58 90
57 59 90
58 60 90
59 60 90
59 61 90
60 62 90
61 62 90
61 63 90
62 64 90
63 64 90
63 65 90
64 66 90
65 66 90
65 67 90
66 68 90
67 68 90
67 69 90
68 70 90
69 70 90
69 71 90
70 72 90
71 72 90
71 73 90
72 74 90
73 74 90
73 75 90
74 76 90
75 76 90
75 77 90
76 78 90
77 78 90
77 79 90
78 80 90
79 80 90
79 81 90
80 82 90
81 82 90
81 83 90
82 84 90
83 84 90
83 85 90
84 86 90
85 86 90
85 87 90
86 88 90
87 88 90
87 89 90
88 90 90
89 90 90
