86 127 2
1 2 86
1 3 86
2 4 86
3 4 86
3 5 86
4 6 86
5 6 86
5 7 86
6 8 86
7 8 86
7 9 86
8 10 86
9 10 86
9 11 86
10 12 86
11 12 86
11 13 86
12 14 86
13 14 86
13 15 86
14 16 86
15 16 86
15 17 86
16 18 86
17 18 86
17 19 86
18 20 86
19 20 86
19 21 86
20 22 86
21 22 86
21 23 86
22 24 86
23 24 86
23 25 86
24 26 86
25 26 86
25 27 86
26 28 86
27 28 86
27 29 86
28 30 86
29 30 86
29 31 86
30 32 86
31 32 86
31 33 86
32 34 86
33 34 86
33 35 86
34 36 86
35 36 86
35 37 86
36 38 86
37 38 86
37 39 86
38 40 86
39 40 86
39 41 86
40 42 86
41 42 86
41 43 86
42 44 86
43 44 86
43 45 86
44 46 86
45 46 86
45 47 86
46 48 86
47 48 86
47 49 86
48 50 86
49 50 86
49 51 86
50 52 86
51 52 86
51 53 86
52 54 86
53 54 86
53 55 86
54 56 86
55 56 86
55 57 86
56 58 86
57 58 86
57 59 86
58 60 86
59 60 86
59 61 86
60 62 86
61 62 86
61 63 86
62 64 86
63 64 86
63 65 86
64 66 86
65 66 86
65 67 86
66 68 86
67 68 86
67 69 86
68 70 86
69 70 86
69 71 86
70 72 86
71 72 86
71 73 86
72 74 86
73 74 86
73 75 86
74 76 86
75 76 86
75 77 86
76 78 86
77 78 86
77 79 86
78 80 86
79 80 86
79 81 86
80 82 86
81 82 86
81 83 86
82 84 86
83 84 86
83 85 86
84 86 86
85 86 86
