60 88 2
1 2 60
1 3 60
2 4 60
3 4 60
3 5 60
4 6 60
5 6 60
5 7 60
6 8 60
7 8 60
7 9 60
8 10 60
9 10 60
9 11 60
10 12 60
11 12 60
11 13 60
12 14 60
13 14 60
13 15 60
14 16 60
15 16 60
15 17 60
16 18 60
17 18 60
17 19 60
18 20 60
19 20 60
19 21 60
20 22 60
21 22 60
21 23 60
22 24 60
23 24 60
23 25 60
24 26 60
25 26 60
25 27 60
26 28 60
27 28 60
27 29 60
28 30 60
29 30 60
29 31 60
30 32 60
31 32 60
31 33 60
32 34 60
33 34 60
33 35 60
34 36 60
35 36 60
35 37 60
36 38 60
37 38 60
37 39 60
38 40 60
39 40 60
39 41 60
40 42 60
41 42 60
41 43 60
42 44 60
43 44 60
43 45 60
44 46 60
45 46 60
45 47 60
46 48 60
47 48 60
47 49 60
48 50 60
49 50 60
49 51 60
50 52 60
51 52 60
51 53 60
52 54 60
53 54 60
53 55 60
54 56 60
55 56 60
55 57 60
56 58 60
57 58 60
57 59 60
58 60 60
59 60 60
