50 73 2
1 2 50
1 3 50
2 4 50
3 4 50
3 5 50
4 6 50
5 6 50
5 7 50
6 8 50
7 8 50
7 9 50
8 10 50
9 10 50
9 11 50
10 12 50
11 12 50
11 13 50
12 14 50
13 14 50
13 15 50
14 16 50
15 16 50
15 17 50
16 18 50
17 18 50
17 19 50
18 20 50
19 20 50
19 21 50
20 22 50
21 22 50
21 23 50
22 24 50
23 24 50
23 25 50
24 26 50
25 26 50
25 27 50
26 28 50
27 28 50
27 29 50
28 30 50
29 30 50
29 31 50
30 32 50
31 32 50
31 33 50
32 34 50
33 34 50
33 35 50
34 36 50
35 36 50
35 37 50
36 38 50
37 38 50
37 39 50
38 40 50
39 40 50
39 41 50
40 42 50
41 42 50
41 43 50
42 44 50
43 44 50
43 45 50
44 46 50
45 46 50
45 47 50
46 48 50
47 48 50
47 49 50
48 50 50
49 50 50
