78 115 2
1 2 78
1 3 78
2 4 78
3 4 78
3 5 78
4 6 78
5 6 78
5 7 78
6 8 78
7 8 78
7 9 78
8 10 78
9 10 78
9 11 78
10 12 78
11 12 78
11 13 78
12 14 78
13 14 78
13 15 78
14 16 78
15 16 78
15 17 78
16 18 78
17 18 78
17 19 78
18 20 78
19 20 78
19 21 78
20 22 78
21 22 78
21 23 78
22 24 78
23 24 78
23 25 78
24 26 78
25 26 78
25 27 78
26 28 78
27 28 78
27 29 78
28 30 78
29 30 78
29 31 78
30 32 78
31 32 78
31 33 78
32 34 78
33 34 78
33 35 78
34 36 78
35 36 78
35 37 78
36 38 78
37 38 78
37 39 78
38 40 78
39 40 78
39 41 78
40 42 78
41 42 78
41 43 78
42 44 78
43 44 78
43 45 78
44 46 78
45 46 78
45 47 78
46 48 78
47 48 78
47 49 78
48 50 78
49 50 78
49 51 78
50 52 78
51 52 78
51 53 78
52 54 78
53 54 78
53 55 78
54 56 78
55 56 78
55 57 78
56 58 78
57 58 78
57 59 78
58 60 78
59 60 78
59 61 78
60 62 78
61 62 78
61 63 78
62 64 78
63 64 78
63 65 78
64 66 78
65 66 78
65 67 78
66 68 78
67 68 78
67 69 78
68 70 78
69 70 78
69 71 78
70 72 78
71 72 78
71 73 78
72 74 78
73 74 78
73 75 78
74 76 78
75 76 78
75 77 78
76 78 78
77 78 78
