72 106 2
1 2 72
1 3 72
2 4 72
3 4 72
3 5 72
4 6 72
5 6 72
5 7 72
6 8 72
7 8 72
7 9 72
8 10 72
9 10 72
9 11 72
10 12 72
11 12 72
11 13 72
12 14 72
13 14 72
13 15 72
14 16 72
15 16 72
15 17 72
16 18 72
17 18 72
17 19 72
18 20 72
19 20 72
19 21 72
20 22 72
21 22 72
21 23 72
22 24 72
23 24 72
23 25 72
24 26 72
25 26 72
25 27 72
26 28 72
27 28 72
27 29 72
28 30 72
29 30 72
29 31 72
30 32 72
31 32 72
31 33 72
32 34 72
33 34 72
33 35 72
34 36 72
35 36 72
35 37 72
36 38 72
37 38 72
37 39 72
38 40 72
39 40 72
39 41 72
40 42 72
41 42 72
41 43 72
42 44 72
43 44 72
43 45 72
44 46 72
45 46 72
45 47 72
46 48 72
47 48 72
47 49 72
48 50 72
49 50 72
49 51 72
50 52 72
51 52 72
51 53 72
52 54 72
53 54 72
53 55 72
54 56 72
55 56 72
55 57 72
56 58 72
57 58 72
57 59 72
58 60 72
59 60 72
59 61 72
60 62 72
61 62 72
61 63 72
62 64 72
63 64 72
63 65 72
64 66 72
65 66 72
65 67 72
66 68 72
67 68 72
67 69 72
68 70 72
69 70 72
69 71 72
70 72 72
71 72 72
