102 151 2
1 2 102
1 3 102
2 4 102
3 4 102
3 5 102
4 6 102
5 6 102
5 7 102
6 8 102
7 8 102
7 9 102
8 10 102
9 10 102
9 11 102
10 12 102
11 12 102
11 13 102
12 14 102
13 14 102
13 15 102
14 16 102
15 16 102
15 17 102
16 18 102
17 18 102
17 19 102
18 20 102
19 20 102
19 21 102
20 22 102
21 22 102
21 23 102
22 24 102
23 24 102
23 25 102
24 26 102
25 26 102
25 27 102
26 28 102
27 28 102
27 29 102
28 30 102
29 30 102
29 31 102
30 32 102
31 32 102
31 33 102
32 34 102
33 34 102
33 35 102
34 36 102
35 36 102
35 37 102
36 38 102
37 38 102
37 39 102
38 40 102
39 40 102
39 41 102
40 42 102
41 42 102
41 43 102
42 44 102
43 44 102
43 45 102
44 46 102
45 46 102
45 47 102
46 48 102
47 48 102
47 49 102
48 50 102
49 50 102
49 51 102
50 52 102
51 52 102
51 53 102
52 54 102
53 54 102
53 55 102
54 56 102
55 56 102
55 57 102
56 58 102
57 58 102
57 59 102
58 60 102
59 60 102
59 61 102
60 62 102
61 62 102
61 63 102
62 64 102
63 64 102
63 65 102
64 66 102
65 66 102
65 67 102
66 68 102
67 68 102
67 69 102
68 70 102
69 70 102
69 71 102
70 72 102
71 72 102
71 73 102
72 74 102
73 74 102
73 75 102
74 76 102
75 76 102
75 77 102
76 78 102
77 78 102
77 79 102
78 80 102
79 80 102
79 81 102
80 82 102
81 82 102
81 83 102
82 84 102
83 84 102
83 85 102
84 86 102
85 86 102
85 87 102
86 88 102
87 88 102
87 89 102
88 90 102
89 90 102
89 91 102
90 92 102
91 92 102
91 93 102
92 94 102
93 94 102
93 95 102
94 96 102
95 96 102
95 97 102
96 98 102
97 98 102
97 99 102
98 100 102
99 100 102
99 101 102
100 102 102
101 102 102
