42 61 2
1 2 42
1 3 42
2 4 42
3 4 42
3 5 42
4 6 42
5 6 42
5 7 42
6 8 42
7 8 42
7 9 42
8 10 42
9 10 42
9 11 42
10 12 42
11 12 42
11 13 42
12 14 42
13 14 42
13 15 42
14 16 42
15 16 42
15 17 42
16 18 42
17 18 42
17 19 42
18 20 42
19 20 42
19 21 42
20 22 42
21 22 42
21 23 42
22 24 42
23 24 42
23 25 42
24 26 42
25 26 42
25 27 42
26 28 42
27 28 42
27 29 42
28 30 42
29 30 42
29 31 42
30 32 42
31 32 42
31 33 42
32 34 42
33 34 42
33 35 42
34 36 42
35 36 42
35 37 42
36 38 42
37 38 42
37 39 42
38 40 42
39 40 42
39 41 42
40 42 42
41 42 42
