84 124 2
1 2 84
1 3 84
2 4 84
3 4 84
3 5 84
4 6 84
5 6 84
5 7 84
6 8 84
7 8 84
7 9 84
8 10 84
9 10 84
9 11 84
10 12 84
11 12 84
11 13 84
12 14 84
13 14 84
13 15 84
14 16 84
15 16 84
15 17 84
16 18 84
17 18 84
17 19 84
18 20 84
19 20 84
19 21 84
20 22 84
21 22 84
21 23 84
22 24 84
23 24 84
23 25 84
24 26 84
25 26 84
25 27 84
26 28 84
27 28 84
27 29 84
28 30 84
29 30 84
29 31 84
30 32 84
31 32 84
31 33 84
32 34 84
33 34 84
33 35 84
34 36 84
35 36 84
35 37 84
36 38 84
37 38 84
37 39 84
38 40 84
39 40 84
39 41 84
40 42 84
41 42 84
41 43 84
42 44 84
43 44 84
43 45 84
44 46 84
45 46 84
45 47 84
46 48 84
47 48 84
47 49 84
48 50 84
49 50 84
49 51 84
50 52 84
51 52 84
51 53 84
52 54 84
53 54 84
53 55 84
54 56 84
55 56 84
55 57 84
56 58 84
57 58 84
57 59 84
58 60 84
59 60 84
59 61 84
60 62 84
61 62 84
61 63 84
62 64 84
63 64 84
63 65 84
64 66 84
65 66 84
65 67 84
66 68 84
67 68 84
67 69 84
68 70 84
69 70 84
69 71 84
70 72 84
71 72 84
71 73 84
72 74 84
73 74 84
73 75 84
74 76 84
75 76 84
75 77 84
76 78 84
77 78 84
77 79 84
78 80 84
79 80 84
79 81 84
80 82 84
81 82 84
81 83 84
82 84 84
83 84 84
