64 94 2
1 2 64
1 3 64
2 4 64
3 4 64
3 5 64
4 6 64
5 6 64
5 7 64
6 8 64
7 8 64
7 9 64
8 10 64
9 10 64
9 11 64
10 12 64
11 12 64
11 13 64
12 14 64
13 14 64
13 15 64
14 16 64
15 16 64
15 17 64
16 18 64
17 18 64
17 19 64
18 20 64
19 20 64
19 21 64
20 22 64
21 22 64
21 23 64
22 24 64
23 24 64
23 25 64
24 26 64
25 26 64
25 27 64
26 28 64
27 28 64
27 29 64
28 30 64
29 30 64
29 31 64
30 32 64
31 32 64
31 33 64
32 34 64
33 34 64
33 35 64
34 36 64
35 36 64
35 37 64
36 38 64
37 38 64
37 39 64
38 40 64
39 40 64
39 41 64
40 42 64
41 42 64
41 43 64
42 44 64
43 44 64
43 45 64
44 46 64
45 46 64
45 47 64
46 48 64
47 48 64
47 49 64
48 50 64
49 50 64
49 51 64
50 52 64
51 52 64
51 53 64
52 54 64
53 54 64
53 55 64
54 56 64
55 56 64
55 57 64
56 58 64
57 58 64
57 59 64
58 60 64
59 60 64
59 61 64
60 62 64
61 62 64
61 63 64
62 64 64
63 64 64
