104 154 2
1 2 104
1 3 104
2 4 104
3 4 104
3 5 104
4 6 104
5 6 104
5 7 104
6 8 104
7 8 104
7 9 104
8 10 104
9 10 104
9 11 104
10 12 104
11 12 104
11 13 104
12 14 104
13 14 104
13 15 104
14 16 104
15 16 104
15 17 104
16 18 104
17 18 104
17 19 104
18 20 104
19 20 104
19 21 104
20 22 104
21 22 104
21 23 104
22 24 104
23 24 104
23 25 104
24 26 104
25 26 104
25 27 104
26 28 104
27 28 104
27 29 104
28 30 104
29 30 104
29 31 104
30 32 104
31 32 104
31 33 104
32 34 104
33 34 104
33 35 104
34 36 104
35 36 104
35 37 104
36 38 104
37 38 104
37 39 104
38 40 104
39 40 104
39 41 104
40 42 104
41 42 104
41 43 104
42 44 104
43 44 104
43 45 104
44 46 104
45 46 104
45 47 104
46 48 104
47 48 104
47 49 104
48 50 104
49 50 104
49 51 104
50 52 104
51 52 104
51 53 104
52 54 104
53 54 104
53 55 104
54 56 104
55 56 104
55 57 104
56 58 104
57 58 104
57 59 104
58 60 104
59 60 104
59 61 104
60 62 104
61 62 104
61 63 104
62 64 104
63 64 104
63 65 104
64 66 104
65 66 104
65 67 104
66 68 104
67 68 104
67 69 104
68 70 104
69 70 104
69 71 104
70 72 104
71 72 104
71 73 104
72 74 104
73 74 104
73 75 104
74 76 104
75 76 104
75 77 104
76 78 104
77 78 104
77 79 104
78 80 104
79 80 104
79 81 104
80 82 104
81 82 104
81 83 104
82 84 104
83 84 104
83 85 104
84 86 104
85 86 104
85 87 104
86 88 104
87 88 104
87 89 104
88 90 104
89 90 104
89 91 104
90 92 104
91 92 104
91 93 104
92 94 104
93 94 104
93 95 104
94 96 104
95 96 104
95 97 104
96 98 104
97 98 104
97 99 104
98 100 104
99 100 104
99 101 104
100 102 104
101 102 104
101 103 104
102 104 104
103 104 104
