92 136 2
1 2 92
1 3 92
2 4 92
3 4 92
3 5 92
4 6 92
5 6 92
5 7 92
6 8 92
7 8 92
7 9 92
8 10 92
9 10 92
9 11 92
10 12 92
11 12 92
11 13 92
12 14 92
13 14 92
13 15 92
14 16 92
15 16 92
15 17 92
16 18 92
17 18 92
17 19 92
18 20 92
19 20 92
19 21 92
20 22 92
21 22 92
21 23 92
22 24 92
23 24 92
23 25 92
24 26 92
25 26 92
25 27 92
26 28 92
27 28 92
27 29 92
28 30 92
29 30 92
29 31 92
30 32 92
31 32 92
31 33 92
32 34 92
33 34 92
33 35 92
34 36 92
35 36 92
35 37 92
36 38 92
37 38 92
37 39 92
38 40 92
39 40 92
39 41 92
40 42 92
41 42 92
41 43 92
42 44 92
43 44 92
43 45 92
44 46 92
45 46 92
45 47 92
46 48 92
47 48 92
47 49 92
48 50 92
49 50 92
49 51 92
50 52 92
51 52 92
51 53 92
52 54 92
53 54 92
53 55 92
54 56 92
55 56 92
55 57 92
56 58 92
57 58 92
57 59 92
58 60 92
59 60 92
59 61 92
60 62 92
61 62 92
61 63 92
62 64 92
63 64 92
63 65 92
64 66 92
65 66 92
65 67 92
66 68 92
67 68 92
67 69 92
68 70 92
69 70 92
69 71 92
70 72 92
71 72 92
71 73 92
72 74 92
73 74 92
73 75 92
74 76 92
75 76 92
75 77 92
76 78 92
77 78 92
77 79 92
78 80 92
79 80 92
79 81 92
80 82 92
81 82 92
81 83 92
82 84 92
83 84 92
83 85 92
84 86 92
85 86 92
85 87 92
86 88 92
87 88 92
87 89 92
88 90 92
89 90 92
89 91 92
90 92 92
91 92 92
