49 80 3
1 2 49
1 3 49
2 3 49
2 4 49
3 4 49
4 5 49
4 6 49
5 6 49
5 7 49
6 7 49
7 8 49
7 9 49
8 9 49
8 10 49
9 10 49
10 11 49
10 12 49
11 12 49
11 13 49
12 13 49
13 14 49
13 15 49
14 15 49
14 16 49
15 16 49
16 17 49
16 18 49
17 18 49
17 19 49
18 19 49
19 20 49
19 21 49
20 21 49
20 22 49
21 22 49
22 23 49
22 24 49
23 24 49
23 25 49
24 25 49
25 26 49
25 27 49
26 27 49
26 28 49
27 28 49
28 29 49
28 30 49
29 30 49
29 31 49
30 31 49
31 32 49
31 33 49
32 33 49
32 34 49
33 34 49
34 35 49
34 36 49
35 36 49
35 37 49
36 37 49
37 38 49
37 39 49
38 39 49
38 40 49
39 40 49
40 41 49
40 42 49
41 42 49
41 43 49
42 43 49
43 44 49
43 45 49
44 45 49
44 46 49
45 46 49
46 47 49
46 48 49
47 48 49
47 49 49
48 49 49
