85 140 3
1 2 85
1 3 85
2 3 85
2 4 85
3 4 85
4 5 85
4 6 85
5 6 85
5 7 85
6 7 85
7 8 85
7 9 85
8 9 85
8 10 85
9 10 85
10 11 85
10 12 85
11 12 85
11 13 85
12 13 85
13 14 85
13 15 85
14 15 85
14 16 85
15 16 85
16 17 85
16 18 85
17 18 85
17 19 85
18 19 85
19 20 85
19 21 85
20 21 85
20 22 85
21 22 85
22 23 85
22 24 85
23 24 85
23 25 85
24 25 85
25 26 85
25 27 85
26 27 85
26 28 85
27 28 85
28 29 85
28 30 85
29 30 85
29 31 85
30 31 85
31 32 85
31 33 85
32 33 85
32 34 85
33 34 85
34 35 85
34 36 85
35 36 85
35 37 85
36 37 85
37 38 85
37 39 85
38 39 85
38 40 85
39 40 85
40 41 85
40 42 85
41 42 85
41 43 85
42 43 85
43 44 85
43 45 85
44 45 85
44 46 85
45 46 85
46 47 85
46 48 85
47 48 85
47 49 85
48 49 85
49 50 85
49 51 85
50 51 85
50 52 85
51 52 85
52 53 85
52 54 85
53 54 85
53 55 85
54 55 85
55 56 85
55 57 85
56 57 85
56 58 85
57 58 85
58 59 85
58 60 85
59 60 85
59 61 85
60 61 85
61 62 85
61 63 85
62 63 85
62 64 85
63 64 85
64 65 85
64 66 85
65 66 85
65 67 85
66 67 85
67 68 85
67 69 85
68 69 85
68 70 85
69 70 85
70 71 85
70 72 85
71 72 85
71 73 85
72 73 85
73 74 85
73 75 85
74 75 85
74 76 85
75 76 85
76 77 85
76 78 85
77 78 85
77 79 85
78 79 85
79 80 85
79 81 85
80 81 85
80 82 85
81 82 85
82 83 85
82 84 85
83 84 85
83 85 85
84 85 85
