64 105 3
1 2 64
1 3 64
2 3 64
2 4 64
3 4 64
4 5 64
4 6 64
5 6 64
5 7 64
6 7 64
7 8 64
7 9 64
8 9 64
8 10 64
9 10 64
10 11 64
10 12 64
11 12 64
11 13 64
12 13 64
13 14 64
13 15 64
14 15 64
14 16 64
15 16 64
16 17 64
16 18 64
17 18 64
17 19 64
18 19 64
19 20 64
19 21 64
20 21 64
20 22 64
21 22 64
22 23 64
22 24 64
23 24 64
23 25 64
24 25 64
25 26 64
25 27 64
26 27 64
26 28 64
27 28 64
28 29 64
28 30 64
29 30 64
29 31 64
30 31 64
31 32 64
31 33 64
32 33 64
32 34 64
33 34 64
34 35 64
34 36 64
35 36 64
35 37 64
36 37 64
37 38 64
37 39 64
38 39 64
38 40 64
39 40 64
40 41 64
40 42 64
41 42 64
41 43 64
42 43 64
43 44 64
43 45 64
44 45 64
44 46 64
45 46 64
46 47 64
46 48 64
47 48 64
47 49 64
48 49 64
49 50 64
49 51 64
50 51 64
50 52 64
51 52 64
52 53 64
52 54 64
53 54 64
53 55 64
54 55 64
55 56 64
55 57 64
56 57 64
56 58 64
57 58 64
58 59 64
58 60 64
59 60 64
59 61 64
60 61 64
61 62 64
61 63 64
62 63 64
62 64 64
63 64 64
