67 110 3
1 2 67
1 3 67
2 3 67
2 4 67
3 4 67
4 5 67
4 6 67
5 6 67
5 7 67
6 7 67
7 8 67
7 9 67
8 9 67
8 10 67
9 10 67
10 11 67
10 12 67
11 12 67
11 13 67
12 13 67
13 14 67
13 15 67
14 15 67
14 16 67
15 16 67
16 17 67
16 18 67
17 18 67
17 19 67
18 19 67
19 20 67
19 21 67
20 21 67
20 22 67
21 22 67
22 23 67
22 24 67
23 24 67
23 25 67
24 25 67
25 26 67
25 27 67
26 27 67
26 28 67
27 28 67
28 29 67
28 30 67
29 30 67
29 31 67
30 31 67
31 32 67
31 33 67
32 33 67
32 34 67
33 34 67
34 35 67
34 36 67
35 36 67
35 37 67
36 37 67
37 38 67
37 39 67
38 39 67
38 40 67
39 40 67
40 41 67
40 42 67
41 42 67
41 43 67
42 43 67
43 44 67
43 45 67
44 45 67
44 46 67
45 46 67
46 47 67
46 48 67
47 48 67
47 49 67
48 49 67
49 50 67
49 51 67
50 51 67
50 52 67
51 52 67
52 53 67
52 54 67
53 54 67
53 55 67
54 55 67
55 56 67
55 57 67
56 57 67
56 58 67
57 58 67
58 59 67
58 60 67
59 60 67
59 61 67
60 61 67
61 62 67
61 63 67
62 63 67
62 64 67
63 64 67
64 65 67
64 66 67
65 66 67
65 67 67
66 67 67
