106 175 3
1 2 106
1 3 106
2 3 106
2 4 106
3 4 106
4 5 106
4 6 106
5 6 106
5 7 106
6 7 106
7 8 106
7 9 106
8 9 106
8 10 106
9 10 106
10 11 106
10 12 106
11 12 106
11 13 106
12 13 106
13 14 106
13 15 106
14 15 106
14 16 106
15 16 106
16 17 106
16 18 106
17 18 106
17 19 106
18 19 106
19 20 106
19 21 106
20 21 106
20 22 106
21 22 106
22 23 106
22 24 106
23 24 106
23 25 106
24 25 106
25 26 106
25 27 106
26 27 106
26 28 106
27 28 106
28 29 106
28 30 106
29 30 106
29 31 106
30 31 106
31 32 106
31 33 106
32 33 106
32 34 106
33 34 106
34 35 106
34 36 106
35 36 106
35 37 106
36 37 106
37 38 106
37 39 106
38 39 106
38 40 106
39 40 106
40 41 106
40 42 106
41 42 106
41 43 106
42 43 106
43 44 106
43 45 106
44 45 106
44 46 106
45 46 106
46 47 106
46 48 106
47 48 106
47 49 106
48 49 106
49 50 106
49 51 106
50 51 106
50 52 106
51 52 106
52 53 106
52 54 106
53 54 106
53 55 106
54 55 106
55 56 106
55 57 106
56 57 106
56 58 106
57 58 106
58 59 106
58 60 106
59 60 106
59 61 106
60 61 106
61 62 106
61 63 106
62 63 106
62 64 106
63 64 106
64 65 106
64 66 106
65 66 106
65 67 106
66 67 106
67 68 106
67 69 106
68 69 106
68 70 106
69 70 106
70 71 106
70 72 106
71 72 106
71 73 106
72 73 106
73 74 106
73 75 106
74 75 106
74 76 106
75 76 106
76 77 106
76 78 106
77 78 106
77 79 106
78 79 106
79 80 106
79 81 106
80 81 106
80 82 106
81 82 106
82 83 106
82 84 106
83 84 106
83 85 106
84 85 106
85 86 106
85 87 106
86 87 106
86 88 106
87 88 106
88 89 106
88 90 106
89 90 106
89 91 106
90 91 106
91 92 106
91 93 106
92 93 106
92 94 106
93 94 106
94 95 106
94 96 106
95 96 106
95 97 106
96 97 106
97 98 106
97 99 106
98 99 106
98 100 106
99 100 106
100 101 106
100 102 106
101 102 106
101 103 106
102 103 106
103 104 106
103 105 106
104 105 106
104 106 106
105 106 106
