103 170 3
1 2 103
1 3 103
2 3 103
2 4 103
3 4 103
4 5 103
4 6 103
5 6 103
5 7 103
6 7 103
7 8 103
7 9 103
8 9 103
8 10 103
9 10 103
10 11 103
10 12 103
11 12 103
11 13 103
12 13 103
13 14 103
13 15 103
14 15 103
14 16 103
15 16 103
16 17 103
16 18 103
17 18 103
17 19 103
18 19 103
19 20 103
19 21 103
20 21 103
20 22 103
21 22 103
22 23 103
22 24 103
23 24 103
23 25 103
24 25 103
25 26 103
25 27 103
26 27 103
26 28 103
27 28 103
28 29 103
28 30 103
29 30 103
29 31 103
30 31 103
31 32 103
31 33 103
32 33 103
32 34 103
33 34 103
34 35 103
34 36 103
35 36 103
35 37 103
36 37 103
37 38 103
37 39 103
38 39 103
38 40 103
39 40 103
40 41 103
40 42 103
41 42 103
41 43 103
42 43 103
43 44 103
43 45 103
44 45 103
44 46 103
45 46 103
46 47 103
46 48 103
47 48 103
47 49 103
48 49 103
49 50 103
49 51 103
50 51 103
50 52 103
51 52 103
52 53 103
52 54 103
53 54 103
53 55 103
54 55 103
55 56 103
55 57 103
56 57 103
56 58 103
57 58 103
58 59 103
58 60 103
59 60 103
59 61 103
60 61 103
61 62 103
61 63 103
62 63 103
62 64 103
63 64 103
64 65 103
64 66 103
65 66 103
65 67 103
66 67 103
67 68 103
67 69 103
68 69 103
68 70 103
69 70 103
70 71 103
70 72 103
71 72 103
71 73 103
72 73 103
73 74 103
73 75 103
74 75 103
74 76 103
75 76 103
76 77 103
76 78 103
77 78 103
77 79 103
78 79 103
79 80 103
79 81 103
80 81 103
80 82 103
81 82 103
82 83 103
82 84 103
83 84 103
83 85 103
84 85 103
85 86 103
85 87 103
86 87 103
86 88 103
87 88 103
88 89 103
88 90 103
89 90 103
89 91 103
90 91 103
91 92 103
91 93 103
92 93 103
92 94 103
93 94 103
94 95 103
94 96 103
95 96 103
95 97 103
96 97 103
97 98 103
97 99 103
98 99 103
98 100 103
99 100 103
100 101 103
100 102 103
101 102 103
101 103 103
102 103 103
