97 160 3
1 2 97
1 3 97
2 3 97
2 4 97
3 4 97
4 5 97
4 6 97
5 6 97
5 7 97
6 7 97
7 8 97
7 9 97
8 9 97
8 10 97
9 10 97
10 11 97
10 12 97
11 12 97
11 13 97
12 13 97
13 14 97
13 15 97
14 15 97
14 16 97
15 16 97
16 17 97
16 18 97
17 18 97
17 19 97
18 19 97
19 20 97
19 21 97
20 21 97
20 22 97
21 22 97
22 23 97
22 24 97
23 24 97
23 25 97
24 25 97
25 26 97
25 27 97
26 27 97
26 28 97
27 28 97
28 29 97
28 30 97
29 30 97
29 31 97
30 31 97
31 32 97
31 33 97
32 33 97
32 34 97
33 34 97
34 35 97
34 36 97
35 36 97
35 37 97
36 37 97
37 38 97
37 39 97
38 39 97
38 40 97
39 40 97
40 41 97
40 42 97
41 42 97
41 43 97
42 43 97
43 44 97
43 45 97
44 45 97
44 46 97
45 46 97
46 47 97
46 48 97
47 48 97
47 49 97
48 49 97
49 50 97
49 51 97
50 51 97
50 52 97
51 52 97
52 53 97
52 54 97
53 54 97
53 55 97
54 55 97
55 56 97
55 57 97
56 57 97
56 58 97
57 58 97
58 59 97
58 60 97
59 60 97
59 61 97
60 61 97
61 62 97
61 63 97
62 63 97
62 64 97
63 64 97
64 65 97
64 66 97
65 66 97
65 67 97
66 67 97
67 68 97
67 69 97
68 69 97
68 70 97
69 70 97
70 71 97
70 72 97
71 72 97
71 73 97
72 73 97
73 74 97
73 75 97
74 75 97
74 76 97
75 76 97
76 77 97
76 78 97
77 78 97
77 79 97
78 79 97
79 80 97
79 81 97
80 81 97
80 82 97
81 82 97
82 83 97
82 84 97
83 84 97
83 85 97
84 85 97
85 86 97
85 87 97
86 87 97
86 88 97
87 88 97
88 89 97
88 90 97
89 90 97
89 91 97
90 91 97
91 92 97
91 93 97
92 93 97
92 94 97
93 94 97
94 95 97
94 96 97
95 96 97
95 97 97
96 97 97
