73 120 3
1 2 73
1 3 73
2 3 73
2 4 73
3 4 73
4 5 73
4 6 73
5 6 73
5 7 73
6 7 73
7 8 73
7 9 73
8 9 73
8 10 73
9 10 73
10 11 73
10 12 73
11 12 73
11 13 73
12 13 73
13 14 73
13 15 73
14 15 73
14 16 73
15 16 73
16 17 73
16 18 73
17 18 73
17 19 73
18 19 73
19 20 73
19 21 73
20 21 73
20 22 73
21 22 73
22 23 73
22 24 73
23 24 73
23 25 73
24 25 73
25 26 73
25 27 73
26 27 73
26 28 73
27 28 73
28 29 73
28 30 73
29 30 73
29 31 73
30 31 73
31 32 73
31 33 73
32 33 73
32 34 73
33 34 73
34 35 73
34 36 73
35 36 73
35 37 73
36 37 73
37 38 73
37 39 73
38 39 73
38 40 73
39 40 73
40 41 73
40 42 73
41 42 73
41 43 73
42 43 73
43 44 73
43 45 73
44 45 73
44 46 73
45 46 73
46 47 73
46 48 73
47 48 73
47 49 73
48 49 73
49 50 73
49 51 73
50 51 73
50 52 73
51 52 73
52 53 73
52 54 73
53 54 73
53 55 73
54 55 73
55 56 73
55 57 73
56 57 73
56 58 73
57 58 73
58 59 73
58 60 73
59 60 73
59 61 73
60 61 73
61 62 73
61 63 73
62 63 73
62 64 73
63 64 73
64 65 73
64 66 73
65 66 73
65 67 73
66 67 73
67 68 73
67 69 73
68 69 73
68 70 73
69 70 73
70 71 73
70 72 73
71 72 73
71 73 73
72 73 73
