52 85 3
1 2 52
1 3 52
2 3 52
2 4 52
3 4 52
4 5 52
4 6 52
5 6 52
5 7 52
6 7 52
7 8 52
7 9 52
8 9 52
8 10 52
9 10 52
10 11 52
10 12 52
11 12 52
11 13 52
12 13 52
13 14 52
13 15 52
14 15 52
14 16 52
15 16 52
16 17 52
16 18 52
17 18 52
17 19 52
18 19 52
19 20 52
19 21 52
20 21 52
20 22 52
21 22 52
22 23 52
22 24 52
23 24 52
23 25 52
24 25 52
25 26 52
25 27 52
26 27 52
26 28 52
27 28 52
28 29 52
28 30 52
29 30 52
29 31 52
30 31 52
31 32 52
31 33 52
32 33 52
32 34 52
33 34 52
34 35 52
34 36 52
35 36 52
35 37 52
36 37 52
37 38 52
37 39 52
38 39 52
38 40 52
39 40 52
40 41 52
40 42 52
41 42 52
41 43 52
42 43 52
43 44 52
43 45 52
44 45 52
44 46 52
45 46 52
46 47 52
46 48 52
47 48 52
47 49 52
48 49 52
49 50 52
49 51 52
50 51 52
50 52 52
51 52 52
