100 165 3
1 2 100
1 3 100
2 3 100
2 4 100
3 4 100
4 5 100
4 6 100
5 6 100
5 7 100
6 7 100
7 8 100
7 9 100
8 9 100
8 10 100
9 10 100
10 11 100
10 12 100
11 12 100
11 13 100
12 13 100
13 14 100
13 15 100
14 15 100
14 16 100
15 16 100
16 17 100
16 18 100
17 18 100
17 19 100
18 19 100
19 20 100
19 21 100
20 21 100
20 22 100
21 22 100
22 23 100
22 24 100
23 24 100
23 25 100
24 25 100
25 26 100
25 27 100
26 27 100
26 28 100
27 28 100
28 29 100
28 30 100
29 30 100
29 31 100
30 31 100
31 32 100
31 33 100
32 33 100
32 34 100
33 34 100
34 35 100
34 36 100
35 36 100
35 37 100
36 37 100
37 38 100
37 39 100
38 39 100
38 40 100
39 40 100
40 41 100
40 42 100
41 42 100
41 43 100
42 43 100
43 44 100
43 45 100
44 45 100
44 46 100
45 46 100
46 47 100
46 48 100
47 48 100
47 49 100
48 49 100
49 50 100
49 51 100
50 51 100
50 52 100
51 52 100
52 53 100
52 54 100
53 54 100
53 55 100
54 55 100
55 56 100
55 57 100
56 57 100
56 58 100
57 58 100
58 59 100
58 60 100
59 60 100
59 61 100
60 61 100
61 62 100
61 63 100
62 63 100
62 64 100
63 64 100
64 65 100
64 66 100
65 66 100
65 67 100
66 67 100
67 68 100
67 69 100
68 69 100
68 70 100
69 70 100
70 71 100
70 72 100
71 72 100
71 73 100
72 73 100
73 74 100
73 75 100
74 75 100
74 76 100
75 76 100
76 77 100
76 78 100
77 78 100
77 79 100
78 79 100
79 80 100
79 81 100
80 81 100
80 82 100
81 82 100
82 83 100
82 84 100
83 84 100
83 85 100
84 85 100
85 86 100
85 87 100
86 87 100
86 88 100
87 88 100
88 89 100
88 90 100
89 90 100
89 91 100
90 91 100
91 92 100
91 93 100
92 93 100
92 94 100
93 94 100
94 95 100
94 96 100
95 96 100
95 97 100
96 97 100
97 98 100
97 99 100
98 99 100
98 100 100
99 100 100
