79 130 3
1 2 79
1 3 79
2 3 79
2 4 79
3 4 79
4 5 79
4 6 79
5 6 79
5 7 79
6 7 79
7 8 79
7 9 79
8 9 79
8 10 79
9 10 79
10 11 79
10 12 79
11 12 79
11 13 79
12 13 79
13 14 79
13 15 79
14 15 79
14 16 79
15 16 79
16 17 79
16 18 79
17 18 79
17 19 79
18 19 79
19 20 79
19 21 79
20 21 79
20 22 79
21 22 79
22 23 79
22 24 79
23 24 79
23 25 79
24 25 79
25 26 79
25 27 79
26 27 79
26 28 79
27 28 79
28 29 79
28 30 79
29 30 79
29 31 79
30 31 79
31 32 79
31 33 79
32 33 79
32 34 79
33 34 79
34 35 79
34 36 79
35 36 79
35 37 79
36 37 79
37 38 79
37 39 79
38 39 79
38 40 79
39 40 79
40 41 79
40 42 79
41 42 79
41 43 79
42 43 79
43 44 79
43 45 79
44 45 79
44 46 79
45 46 79
46 47 79
46 48 79
47 48 79
47 49 79
48 49 79
49 50 79
49 51 79
50 51 79
50 52 79
51 52 79
52 53 79
52 54 79
53 54 79
53 55 79
54 55 79
55 56 79
55 57 79
56 57 79
56 58 79
57 58 79
58 59 79
58 60 79
59 60 79
59 61 79
60 61 79
61 62 79
61 63 79
62 63 79
62 64 79
63 64 79
64 65 79
64 66 79
65 66 79
65 67 79
66 67 79
67 68 79
67 69 79
68 69 79
68 70 79
69 70 79
70 71 79
70 72 79
71 72 79
71 73 79
72 73 79
73 74 79
73 75 79
74 75 79
74 76 79
75 76 79
76 77 79
76 78 79
77 78 79
77 79 79
78 79 79
