91 150 3
1 2 91
1 3 91
2 3 91
2 4 91
3 4 91
4 5 91
4 6 91
5 6 91
5 7 91
6 7 91
7 8 91
7 9 91
8 9 91
8 10 91
9 10 91
10 11 91
10 12 91
11 12 91
11 13 91
12 13 91
13 14 91
13 15 91
14 15 91
14 16 91
15 16 91
16 17 91
16 18 91
17 18 91
17 19 91
18 19 91
19 20 91
19 21 91
20 21 91
20 22 91
21 22 91
22 23 91
22 24 91
23 24 91
23 25 91
24 25 91
25 26 91
25 27 91
26 27 91
26 28 91
27 28 91
28 29 91
28 30 91
29 30 91
29 31 91
30 31 91
31 32 91
31 33 91
32 33 91
32 34 91
33 34 91
34 35 91
34 36 91
35 36 91
35 37 91
36 37 91
37 38 91
37 39 91
38 39 91
38 40 91
39 40 91
40 41 91
40 42 91
41 42 91
41 43 91
42 43 91
43 44 91
43 45 91
44 45 91
44 46 91
45 46 91
46 47 91
46 48 91
47 48 91
47 49 91
48 49 91
49 50 91
49 51 91
50 51 91
50 52 91
51 52 91
52 53 91
52 54 91
53 54 91
53 55 91
54 55 91
55 56 91
55 57 91
56 57 91
56 58 91
57 58 91
58 59 91
58 60 91
59 60 91
59 61 91
60 61 91
61 62 91
61 63 91
62 63 91
62 64 91
63 64 91
64 65 91
64 66 91
65 66 91
65 67 91
66 67 91
67 68 91
67 69 91
68 69 91
68 70 91
69 70 91
70 71 91
70 72 91
71 72 91
71 73 91
72 73 91
73 74 91
73 75 91
74 75 91
74 76 91
75 76 91
76 77 91
76 78 91
77 78 91
77 79 91
78 79 91
79 80 91
79 81 91
80 81 91
80 82 91
81 82 91
82 83 91
82 84 91
83 84 91
83 85 91
84 85 91
85 86 91
85 87 91
86 87 91
86 88 91
87 88 91
88 89 91
88 90 91
89 90 91
89 91 91
90 91 91
