109 180 3
1 2 109
1 3 109
2 3 109
2 4 109
3 4 109
4 5 109
4 6 109
5 6 109
5 7 109
6 7 109
7 8 109
7 9 109
8 9 109
8 10 109
9 10 109
10 11 109
10 12 109
11 12 109
11 13 109
12 13 109
13 14 109
13 15 109
14 15 109
14 16 109
15 16 109
16 17 109
16 18 109
17 18 109
17 19 109
18 19 109
19 20 109
19 21 109
20 21 109
20 22 109
21 22 109
22 23 109
22 24 109
23 24 109
23 25 109
24 25 109
25 26 109
25 27 109
26 27 109
26 28 109
27 28 109
28 29 109
28 30 109
29 30 109
29 31 109
30 31 109
31 32 109
31 33 109
32 33 109
32 34 109
33 34 109
34 35 109
34 36 109
35 36 109
35 37 109
36 37 109
37 38 109
37 39 109
38 39 109
38 40 109
39 40 109
40 41 109
40 42 109
41 42 109
41 43 109
42 43 109
43 44 109
43 45 109
44 45 109
44 46 109
45 46 109
46 47 109
46 48 109
47 48 109
47 49 109
48 49 109
49 50 109
49 51 109
50 51 109
50 52 109
51 52 109
52 53 109
52 54 109
53 54 109
53 55 109
54 55 109
55 56 109
55 57 109
56 57 109
56 58 109
57 58 109
58 59 109
58 60 109
59 60 109
59 61 109
60 61 109
61 62 109
61 63 109
62 63 109
62 64 109
63 64 109
64 65 109
64 66 109
65 66 109
65 67 109
66 67 109
67 68 109
67 69 109
68 69 109
68 70 109
69 70 109
70 71 109
70 72 109
71 72 109
71 73 109
72 73 109
73 74 109
73 75 109
74 75 109
74 76 109
75 76 109
76 77 109
76 78 109
77 78 109
77 79 109
78 79 109
79 80 109
79 81 109
80 81 109
80 82 109
81 82 109
82 83 109
82 84 109
83 84 109
83 85 109
84 85 109
85 86 109
85 87 109
86 87 109
86 88 109
87 88 109
88 89 109
88 90 109
89 90 109
89 91 109
90 91 109
91 92 109
91 93 109
92 93 109
92 94 109
93 94 109
94 95 109
94 96 109
95 96 109
95 97 109
96 97 109
97 98 109
97 99 109
98 99 109
98 100 109
99 100 109
100 101 109
100 102 109
101 102 109
101 103 109
102 103 109
103 104 109
103 105 109
104 105 109
104 106 109
105 106 109
106 107 109
106 108 109
107 108 109
107 109 109
108 109 109
