37 60 3
1 2 37
1 3 37
2 3 37
2 4 37
3 4 37
4 5 37
4 6 37
5 6 37
5 7 37
6 7 37
7 8 37
7 9 37
8 9 37
8 10 37
9 10 37
10 11 37
10 12 37
11 12 37
11 13 37
12 13 37
13 14 37
13 15 37
14 15 37
14 16 37
15 16 37
16 17 37
16 18 37
17 18 37
17 19 37
18 19 37
19 20 37
19 21 37
20 21 37
20 22 37
21 22 37
22 23 37
22 24 37
23 24 37
23 25 37
24 25 37
25 26 37
25 27 37
26 27 37
26 28 37
27 28 37
28 29 37
28 30 37
29 30 37
29 31 37
30 31 37
31 32 37
31 33 37
32 33 37
32 34 37
33 34 37
34 35 37
34 36 37
35 36 37
35 37 37
36 37 37
