55 90 3
1 2 55
1 3 55
2 3 55
2 4 55
3 4 55
4 5 55
4 6 55
5 6 55
5 7 55
6 7 55
7 8 55
7 9 55
8 9 55
8 10 55
9 10 55
10 11 55
10 12 55
11 12 55
11 13 55
12 13 55
13 14 55
13 15 55
14 15 55
14 16 55
15 16 55
16 17 55
16 18 55
17 18 55
17 19 55
18 19 55
19 20 55
19 21 55
20 21 55
20 22 55
21 22 55
22 23 55
22 24 55
23 24 55
23 25 55
24 25 55
25 26 55
25 27 55
26 27 55
26 28 55
27 28 55
28 29 55
28 30 55
29 30 55
29 31 55
30 31 55
31 32 55
31 33 55
32 33 55
32 34 55
33 34 55
34 35 55
34 36 55
35 36 55
35 37 55
36 37 55
37 38 55
37 39 55
38 39 55
38 40 55
39 40 55
40 41 55
40 42 55
41 42 55
41 43 55
42 43 55
43 44 55
43 45 55
44 45 55
44 46 55
45 46 55
46 47 55
46 48 55
47 48 55
47 49 55
48 49 55
49 50 55
49 51 55
50 51 55
50 52 55
51 52 55
52 53 55
52 54 55
53 54 55
53 55 55
54 55 55
