76 125 3
1 2 76
1 3 76
2 3 76
2 4 76
3 4 76
4 5 76
4 6 76
5 6 76
5 7 76
6 7 76
7 8 76
7 9 76
8 9 76
8 10 76
9 10 76
10 11 76
10 12 76
11 12 76
11 13 76
12 13 76
13 14 76
13 15 76
14 15 76
14 16 76
15 16 76
16 17 76
16 18 76
17 18 76
17 19 76
18 19 76
19 20 76
19 21 76
20 21 76
20 22 76
21 22 76
22 23 76
22 24 76
23 24 76
23 25 76
24 25 76
25 26 76
25 27 76
26 27 76
26 28 76
27 28 76
28 29 76
28 30 76
29 30 76
29 31 76
30 31 76
31 32 76
31 33 76
32 33 76
32 34 76
33 34 76
34 35 76
34 36 76
35 36 76
35 37 76
36 37 76
37 38 76
37 39 76
38 39 76
38 40 76
39 40 76
40 41 76
40 42 76
41 42 76
41 43 76
42 43 76
43 44 76
43 45 76
44 45 76
44 46 76
45 46 76
46 47 76
46 48 76
47 48 76
47 49 76
48 49 76
49 50 76
49 51 76
50 51 76
50 52 76
51 52 76
52 53 76
52 54 76
53 54 76
53 55 76
54 55 76
55 56 76
55 57 76
56 57 76
56 58 76
57 58 76
58 59 76
58 60 76
59 60 76
59 61 76
60 61 76
61 62 76
61 63 76
62 63 76
62 64 76
63 64 76
64 65 76
64 66 76
65 66 76
65 67 76
66 67 76
67 68 76
67 69 76
68 69 76
68 70 76
69 70 76
70 71 76
70 72 76
71 72 76
71 73 76
72 73 76
73 74 76
73 75 76
74 75 76
74 76 76
75 76 76
