112 185 3
1 2 112
1 3 112
2 3 112
2 4 112
3 4 112
4 5 112
4 6 112
5 6 112
5 7 112
6 7 112
7 8 112
7 9 112
8 9 112
8 10 112
9 10 112
10 11 112
10 12 112
11 12 112
11 13 112
12 13 112
13 14 112
13 15 112
14 15 112
14 16 112
15 16 112
16 17 112
16 18 112
17 18 112
17 19 112
18 19 112
19 20 112
19 21 112
20 21 112
20 22 112
21 22 112
22 23 112
22 24 112
23 24 112
23 25 112
24 25 112
25 26 112
25 27 112
26 27 112
26 28 112
27 28 112
28 29 112
28 30 112
29 30 112
29 31 112
30 31 112
31 32 112
31 33 112
32 33 112
32 34 112
33 34 112
34 35 112
34 36 112
35 36 112
35 37 112
36 37 112
37 38 112
37 39 112
38 39 112
38 40 112
39 40 112
40 41 112
40 42 112
41 42 112
41 43 112
42 43 112
43 44 112
43 45 112
44 45 112
44 46 112
45 46 112
46 47 112
46 48 112
47 48 112
47 49 112
48 49 112
49 50 112
49 51 112
50 51 112
50 52 112
51 52 112
52 53 112
52 54 112
53 54 112
53 55 112
54 55 112
55 56 112
55 57 112
56 57 112
56 58 112
57 58 112
58 59 112
58 60 112
59 60 112
59 61 112
60 61 112
61 62 112
61 63 112
62 63 112
62 64 112
63 64 112
64 65 112
64 66 112
65 66 112
65 67 112
66 67 112
67 68 112
67 69 112
68 69 112
68 70 112
69 70 112
70 71 112
70 72 112
71 72 112
71 73 112
72 73 112
73 74 112
73 75 112
74 75 112
74 76 112
75 76 112
76 77 112
76 78 112
77 78 112
77 79 112
78 79 112
79 80 112
79 81 112
80 81 112
80 82 112
81 82 112
82 83 112
82 84 112
83 84 112
83 85 112
84 85 112
85 86 112
85 87 112
86 87 112
86 88 112
87 88 112
88 89 112
88 90 112
89 90 112
89 91 112
90 91 112
91 92 112
91 93 112
92 93 112
92 94 112
93 94 112
94 95 112
94 96 112
95 96 112
95 97 112
96 97 112
97 98 112
97 99 112
98 99 112
98 100 112
99 100 112
100 101 112
100 102 112
101 102 112
101 103 112
102 103 112
103 104 112
103 105 112
104 105 112
104 106 112
105 106 112
106 107 112
106 108 112
107 108 112
107 109 112
108 109 112
109 110 112
109 111 112
110 111 112
110 112 112
111 112 112
