82 135 3
1 2 82
1 3 82
2 3 82
2 4 82
3 4 82
4 5 82
4 6 82
5 6 82
5 7 82
6 7 82
7 8 82
7 9 82
8 9 82
8 10 82
9 10 82
10 11 82
10 12 82
11 12 82
11 13 82
12 13 82
13 14 82
13 15 82
14 15 82
14 16 82
15 16 82
16 17 82
16 18 82
17 18 82
17 19 82
18 19 82
19 20 82
19 21 82
20 21 82
20 22 82
21 22 82
22 23 82
22 24 82
23 24 82
23 25 82
24 25 82
25 26 82
25 27 82
26 27 82
26 28 82
27 28 82
28 29 82
28 30 82
29 30 82
29 31 82
30 31 82
31 32 82
31 33 82
32 33 82
32 34 82
33 34 82
34 35 82
34 36 82
35 36 82
35 37 82
36 37 82
37 38 82
37 39 82
38 39 82
38 40 82
39 40 82
40 41 82
40 42 82
41 42 82
41 43 82
42 43 82
43 44 82
43 45 82
44 45 82
44 46 82
45 46 82
46 47 82
46 48 82
47 48 82
47 49 82
48 49 82
49 50 82
49 51 82
50 51 82
50 52 82
51 52 82
52 53 82
52 54 82
53 54 82
53 55 82
54 55 82
55 56 82
55 57 82
56 57 82
56 58 82
57 58 82
58 59 82
58 60 82
59 60 82
59 61 82
60 61 82
61 62 82
61 63 82
62 63 82
62 64 82
63 64 82
64 65 82
64 66 82
65 66 82
65 67 82
66 67 82
67 68 82
67 69 82
68 69 82
68 70 82
69 70 82
70 71 82
70 72 82
71 72 82
71 73 82
72 73 82
73 74 82
73 75 82
74 75 82
74 76 82
75 76 82
76 77 82
76 78 82
77 78 82
77 79 82
78 79 82
79 80 82
79 81 82
80 81 82
80 82 82
81 82 82
