43 70 3
1 2 43
1 3 43
2 3 43
2 4 43
3 4 43
4 5 43
4 6 43
5 6 43
5 7 43
6 7 43
7 8 43
7 9 43
8 9 43
8 10 43
9 10 43
10 11 43
10 12 43
11 12 43
11 13 43
12 13 43
13 14 43
13 15 43
14 15 43
14 16 43
15 16 43
16 17 43
16 18 43
17 18 43
17 19 43
18 19 43
19 20 43
19 21 43
20 21 43
20 22 43
21 22 43
22 23 43
22 24 43
23 24 43
23 25 43
24 25 43
25 26 43
25 27 43
26 27 43
26 28 43
27 28 43
28 29 43
28 30 43
29 30 43
29 31 43
30 31 43
31 32 43
31 33 43
32 33 43
32 34 43
33 34 43
34 35 43
34 36 43
35 36 43
35 37 43
36 37 43
37 38 43
37 39 43
38 39 43
38 40 43
39 40 43
40 41 43
40 42 43
41 42 43
41 43 43
42 43 43
