61 100 3
1 2 61
1 3 61
2 3 61
2 4 61
3 4 61
4 5 61
4 6 61
5 6 61
5 7 61
6 7 61
7 8 61
7 9 61
8 9 61
8 10 61
9 10 61
10 11 61
10 12 61
11 12 61
11 13 61
12 13 61
13 14 61
13 15 61
14 15 61
14 16 61
15 16 61
16 17 61
16 18 61
17 18 61
17 19 61
18 19 61
19 20 61
19 21 61
20 21 61
20 22 61
21 22 61
22 23 61
22 24 61
23 24 61
23 25 61
24 25 61
25 26 61
25 27 61
26 27 61
26 28 61
27 28 61
28 29 61
28 30 61
29 30 61
29 31 61
30 31 61
31 32 61
31 33 61
32 33 61
32 34 61
33 34 61
34 35 61
34 36 61
35 36 61
35 37 61
36 37 61
37 38 61
37 39 61
38 39 61
38 40 61
39 40 61
40 41 61
40 42 61
41 42 61
41 43 61
42 43 61
43 44 61
43 45 61
44 45 61
44 46 61
45 46 61
46 47 61
46 48 61
47 48 61
47 49 61
48 49 61
49 50 61
49 51 61
50 51 61
50 52 61
51 52 61
52 53 61
52 54 61
53 54 61
53 55 61
54 55 61
55 56 61
55 57 61
56 57 61
56 58 61
57 58 61
58 59 61
58 60 61
59 60 61
59 61 61
60 61 61
