17 136 16
1 2 62
1 3 75
1 4 99
1 5 87
1 6 82
1 7 14
1 8 4
1 9 33
1 10 1
1 11 3
1 12 59
1 13 4
1 14 43
1 15 2
1 16 28
1 17 79
2 3 66
2 4 13
2 5 39
2 6 68
2 7 5
2 8 26
2 9 56
2 10 25
2 11 95
2 12 24
2 13 39
2 14 93
2 15 74
2 16 64
2 17 74
3 4 84
3 5 58
3 6 39
3 7 15
3 8 51
3 9 88
3 10 100
3 11 7
3 12 64
3 13 58
3 14 93
3 15 22
3 16 86
3 17 88
4 5 84
4 6 50
4 7 9
4 8 62
4 9 53
4 10 85
4 11 58
4 12 79
4 13 73
4 14 39
4 15 47
4 16 2
4 17 97
5 6 35
5 7 61
5 8 77
5 9 35
5 10 28
5 11 99
5 12 55
5 13 29
5 14 21
5 15 21
5 16 14
5 17 17
6 7 80
6 8 32
6 9 58
6 10 26
6 11 41
6 12 77
6 13 54
6 14 39
6 15 80
6 16 18
6 17 91
7 8 22
7 9 77
7 10 73
7 11 5
7 12 26
7 13 72
7 14 87
7 15 89
7 16 89
7 17 24
8 9 9
8 10 65
8 11 63
8 12 59
8 13 73
8 14 32
8 15 58
8 16 86
8 17 9
9 10 21
9 11 45
9 12 85
9 13 5
9 14 83
9 15 28
9 16 9
9 17 23
10 11 24
10 12 51
10 13 20
10 14 23
10 15 78
10 16 16
10 17 98
11 12 99
11 13 74
11 14 44
11 15 91
11 16 21
11 17 1
12 13 21
12 14 12
12 15 23
12 16 32
12 17 66
13 14 15
13 15 87
13 16 92
13 17 28
14 15 85
14 16 54
14 17 28
15 16 49
15 17 32
16 17 67
